1 0.11190476190476191 0.29285714285714287 0.028571428571428574 0.18571428571428572
1 0.16904761904761906 0.5142857142857142 0.03333333333333334 0.22857142857142856
1 0.18809523809523812 0.3071428571428571 0.03333333333333334 0.24285714285714285
1 0.4035714285714286 0.5285714285714286 0.04047619047619048 0.3142857142857143
1 0.6595238095238096 0.2785714285714286 0.02380952380952381 0.15714285714285714
1 0.9333333333333335 0.2857142857142857 0.03333333333333334 0.22857142857142856
0 0.6345238095238096 0.6714285714285714 0.01666666666666667 0.08571428571428572
0 0.5 0.8142857142857143 0.014285714285714287 0.08571428571428572
0 0.027380952380952384 0.7285714285714285 0.01666666666666667 0.08571428571428572
0 0.2142857142857143 0.29285714285714287 0.014285714285714287 0.07142857142857142
0 0.2833333333333334 0.7999999999999999 0.01904761904761905 0.08571428571428572
0 0.6214285714285714 0.1357142857142857 0.01904761904761905 0.07142857142857142
1 0.8833333333333334 0.3071428571428571 0.014285714285714287 0.12857142857142856
0 0.5952380952380953 0.7785714285714286 0.009523809523809525 0.07142857142857142
0 0.8928571428571429 0.8071428571428572 0.009523809523809525 0.04285714285714286
0 0.886904761904762 0.9 0.0071428571428571435 0.08571428571428572
0 0.06904761904761905 0.5785714285714285 0.014285714285714287 0.07142857142857142
0 0.46190476190476193 0.12142857142857143 0.009523809523809525 0.07142857142857142
0 0.015476190476190477 0.32857142857142857 0.011904761904761906 0.05714285714285714
0 0.6452380952380953 0.9 0.014285714285714287 0.05714285714285714
