0 0.14880952380952384 0.42142857142857143 0.011904761904761906 0.07142857142857142
0 0.048809523809523817 0.65 0.01666666666666667 0.07142857142857142
0 0.5761904761904763 0.39285714285714285 0.01904761904761905 0.12857142857142856
0 0.5333333333333334 0.15 0.014285714285714287 0.09999999999999999
0 0.5357142857142858 0.45 0.02380952380952381 0.18571428571428572
1 0.01785714285714286 0.4714285714285714 0.026190476190476195 0.2571428571428571
0 0.08690476190476192 0.5428571428571428 0.01666666666666667 0.08571428571428572
0 0.11190476190476191 0.12142857142857143 0.009523809523809525 0.07142857142857142
0 0.3678571428571429 0.08571428571428572 0.01666666666666667 0.08571428571428572
0 0.3785714285714286 0.7928571428571428 0.014285714285714287 0.07142857142857142
0 0.6654761904761906 0.95 0.01666666666666667 0.07142857142857142
0 0.7880952380952382 0.15 0.01904761904761905 0.12857142857142856
0 0.9833333333333334 0.37142857142857144 0.028571428571428574 0.14285714285714285
0 0.605952380952381 0.8785714285714286 0.01666666666666667 0.07142857142857142
0 0.9416666666666668 0.5857142857142857 0.011904761904761906 0.08571428571428572
0 0.28095238095238095 0.5499999999999999 0.02380952380952381 0.07142857142857142
0 0.7535714285714287 0.40714285714285714 0.026190476190476195 0.09999999999999999
0 0.2773809523809524 0.24285714285714285 0.01666666666666667 0.08571428571428572
