1 0.21309523809523812 0.12142857142857143 0.02142857142857143 0.12857142857142856
1 0.6559523809523811 0.37857142857142856 0.026190476190476195 0.15714285714285714
1 0.686904761904762 0.24285714285714285 0.026190476190476195 0.17142857142857143
0 0.27261904761904765 0.5499999999999999 0.011904761904761906 0.12857142857142856
0 0.7690476190476191 0.47857142857142854 0.014285714285714287 0.09999999999999999
0 0.3107142857142857 0.3 0.011904761904761906 0.08571428571428572
0 0.8297619047619048 0.049999999999999996 0.011904761904761906 0.09999999999999999
0 0.06785714285714287 0.5857142857142857 0.0071428571428571435 0.05714285714285714
0 0.30119047619047623 0.7642857142857142 0.011904761904761906 0.07142857142857142
0 0.8654761904761905 0.9285714285714285 0.011904761904761906 0.08571428571428572
0 0.842857142857143 0.8214285714285714 0.009523809523809525 0.07142857142857142
0 0.9142857142857144 0.7071428571428571 0.009523809523809525 0.07142857142857142
0 0.5452380952380953 0.3142857142857143 0.009523809523809525 0.05714285714285714
0 0.5333333333333334 0.6857142857142857 0.009523809523809525 0.05714285714285714
