1 0.32261904761904764 0.22142857142857142 0.026190476190476195 0.12857142857142856
1 0.5773809523809524 0.4714285714285714 0.030952380952380953 0.22857142857142856
1 0.9571428571428572 0.6214285714285714 0.028571428571428574 0.21428571428571427
0 0.967857142857143 0.3214285714285714 0.01666666666666667 0.09999999999999999
0 0.7773809523809525 0.6857142857142857 0.011904761904761906 0.08571428571428572
0 0.555952380952381 0.6571428571428571 0.011904761904761906 0.08571428571428572
0 0.41071428571428575 0.34285714285714286 0.01666666666666667 0.08571428571428572
0 0.6083333333333334 0.35 0.011904761904761906 0.09999999999999999
0 0.2273809523809524 0.37142857142857144 0.011904761904761906 0.05714285714285714
0 0.675 0.8714285714285714 0.011904761904761906 0.08571428571428572
0 0.4964285714285715 0.42142857142857143 0.011904761904761906 0.09999999999999999
0 0.6464285714285715 0.2571428571428571 0.0071428571428571435 0.05714285714285714
0 0.1142857142857143 0.85 0.014285714285714287 0.07142857142857142
0 0.06904761904761905 0.5714285714285714 0.014285714285714287 0.05714285714285714
0 0.14404761904761906 0.3857142857142857 0.011904761904761906 0.08571428571428572
0 0.01904761904761905 0.17857142857142858 0.009523809523809525 0.07142857142857142
0 0.9904761904761905 0.39999999999999997 0.009523809523809525 0.05714285714285714
0 0.8821428571428572 0.7785714285714286 0.011904761904761906 0.07142857142857142
0 0.32023809523809527 0.42142857142857143 0.011904761904761906 0.04285714285714286
0 0.20476190476190478 0.9642857142857143 0.014285714285714287 0.04285714285714286
