0 0.9190476190476191 0.09999999999999999 0.01904761904761905 0.14285714285714285
0 0.8952380952380953 0.5642857142857143 0.01904761904761905 0.07142857142857142
0 0.6726190476190477 0.7214285714285714 0.01666666666666667 0.07142857142857142
0 0.686904761904762 0.3857142857142857 0.011904761904761906 0.14285714285714285
0 0.6107142857142858 0.8714285714285714 0.026190476190476195 0.08571428571428572
0 0.4714285714285715 0.2642857142857143 0.01904761904761905 0.09999999999999999
1 0.48809523809523814 0.6642857142857143 0.02380952380952381 0.18571428571428572
0 0.8130952380952382 0.6714285714285714 0.02142857142857143 0.05714285714285714
0 0.5488095238095239 0.7357142857142857 0.01666666666666667 0.09999999999999999
0 0.0035714285714285718 0.46428571428571425 0.0071428571428571435 0.12857142857142856
0 0.7928571428571429 0.07857142857142857 0.02380952380952381 0.09999999999999999
0 0.034523809523809526 0.7357142857142857 0.011904761904761906 0.09999999999999999
0 0.23214285714285715 0.9285714285714285 0.011904761904761906 0.08571428571428572
0 0.14523809523809525 0.9571428571428571 0.009523809523809525 0.05714285714285714
0 0.4142857142857143 0.7714285714285714 0.01904761904761905 0.08571428571428572
0 0.10238095238095239 0.85 0.01904761904761905 0.12857142857142856
0 0.986904761904762 0.3857142857142857 0.0071428571428571435 0.05714285714285714
0 0.008333333333333335 0.6857142857142857 0.01666666666666667 0.05714285714285714
0 0.06309523809523811 0.5642857142857143 0.01666666666666667 0.09999999999999999
0 0.18452380952380953 0.47857142857142854 0.011904761904761906 0.09999999999999999
0 0.6654761904761906 0.45 0.011904761904761906 0.09999999999999999
0 0.65 0.7571428571428571 0.009523809523809525 0.05714285714285714
