0 0.7404761904761905 0.42142857142857143 0.02380952380952381 0.21428571428571427
0 0.9916666666666668 0.4357142857142857 0.011904761904761906 0.09999999999999999
0 0.9642857142857144 0.5642857142857143 0.014285714285714287 0.09999999999999999
0 0.455952380952381 0.12857142857142856 0.01666666666666667 0.08571428571428572
1 0.2690476190476191 0.5428571428571428 0.028571428571428574 0.17142857142857143
0 0.002380952380952381 0.45714285714285713 0.004761904761904762 0.02857142857142857
0 0.42500000000000004 0.40714285714285714 0.01666666666666667 0.07142857142857142
0 0.15357142857142858 0.5142857142857142 0.01666666666666667 0.11428571428571428
0 0.026190476190476195 0.9285714285714285 0.014285714285714287 0.08571428571428572
0 0.41071428571428575 0.6571428571428571 0.026190476190476195 0.05714285714285714
0 0.44761904761904764 0.5785714285714285 0.009523809523809525 0.07142857142857142
0 0.6047619047619048 0.8785714285714286 0.01904761904761905 0.07142857142857142
0 0.7392857142857143 0.7 0.011904761904761906 0.08571428571428572
0 0.2619047619047619 0.8571428571428571 0.009523809523809525 0.08571428571428572
0 0.38452380952380955 0.5285714285714286 0.011904761904761906 0.11428571428571428
0 0.4047619047619048 0.39999999999999997 0.009523809523809525 0.08571428571428572
0 0.6595238095238096 0.16428571428571428 0.014285714285714287 0.09999999999999999
