0 0.3785714285714286 0.5357142857142857 0.01904761904761905 0.15714285714285714
0 0.3261904761904762 0.2642857142857143 0.014285714285714287 0.09999999999999999
0 0.2761904761904762 0.7785714285714286 0.01904761904761905 0.09999999999999999
0 0.25238095238095243 0.36428571428571427 0.014285714285714287 0.07142857142857142
0 0.7154761904761905 0.11428571428571428 0.02142857142857143 0.08571428571428572
0 0.06785714285714287 0.5785714285714285 0.01666666666666667 0.07142857142857142
1 0.5214285714285715 0.5285714285714286 0.04285714285714286 0.2857142857142857
0 0.605952380952381 0.8714285714285714 0.02142857142857143 0.05714285714285714
0 0.04404761904761905 0.95 0.01666666666666667 0.07142857142857142
0 0.22142857142857145 0.6428571428571428 0.02380952380952381 0.05714285714285714
0 0.9892857142857143 0.39999999999999997 0.011904761904761906 0.08571428571428572
0 0.027380952380952384 0.05714285714285714 0.011904761904761906 0.11428571428571428
0 0.7500000000000001 0.22142857142857142 0.01904761904761905 0.07142857142857142
0 0.4833333333333334 0.15714285714285714 0.014285714285714287 0.08571428571428572
0 0.305952380952381 0.5428571428571428 0.01666666666666667 0.08571428571428572
0 0.18809523809523812 0.25 0.01904761904761905 0.12857142857142856
