1 0.9000000000000001 0.8928571428571428 0.02380952380952381 0.15714285714285714
0 0.9285714285714286 0.8142857142857143 0.014285714285714287 0.08571428571428572
0 0.3440476190476191 0.24285714285714285 0.011904761904761906 0.11428571428571428
0 0.3190476190476191 0.5571428571428572 0.014285714285714287 0.17142857142857143
0 0.4011904761904762 0.36428571428571427 0.011904761904761906 0.09999999999999999
0 0.2011904761904762 0.3142857142857143 0.01666666666666667 0.11428571428571428
0 0.6666666666666667 0.46428571428571425 0.014285714285714287 0.09999999999999999
0 0.7880952380952382 0.5071428571428571 0.014285714285714287 0.09999999999999999
0 0.9880952380952381 0.39999999999999997 0.009523809523809525 0.08571428571428572
0 0.026190476190476195 0.9357142857142857 0.014285714285714287 0.09999999999999999
0 0.7916666666666667 0.8642857142857142 0.026190476190476195 0.12857142857142856
0 0.6071428571428572 0.8857142857142857 0.01904761904761905 0.08571428571428572
0 0.7345238095238096 0.2857142857142857 0.026190476190476195 0.17142857142857143
