1 0.9059523809523811 0.5571428571428572 0.030952380952380953 0.22857142857142856
0 0.4083333333333334 0.11428571428571428 0.01666666666666667 0.08571428571428572
0 0.42261904761904767 0.6214285714285714 0.01666666666666667 0.09999999999999999
0 0.6285714285714287 0.9 0.009523809523809525 0.08571428571428572
0 0.8011904761904762 0.8642857142857142 0.01666666666666667 0.09999999999999999
0 0.8404761904761906 0.45714285714285713 0.014285714285714287 0.11428571428571428
0 0.8 0.3 0.014285714285714287 0.14285714285714285
0 0.8369047619047619 0.19999999999999998 0.01666666666666667 0.05714285714285714
0 0.048809523809523817 0.4357142857142857 0.011904761904761906 0.09999999999999999
0 0.21904761904761907 0.6428571428571428 0.014285714285714287 0.08571428571428572
0 0.6142857142857143 0.8142857142857143 0.014285714285714287 0.05714285714285714
0 0.11190476190476191 0.6142857142857142 0.014285714285714287 0.11428571428571428
0 0.15595238095238095 0.85 0.011904761904761906 0.09999999999999999
0 0.37142857142857144 0.5214285714285715 0.014285714285714287 0.15714285714285714
0 0.7285714285714286 0.5928571428571429 0.009523809523809525 0.09999999999999999
0 0.9904761904761905 0.39999999999999997 0.009523809523809525 0.11428571428571428
0 0.5142857142857143 0.5071428571428571 0.014285714285714287 0.09999999999999999
0 0.7333333333333334 0.12857142857142856 0.014285714285714287 0.08571428571428572
0 0.6976190476190477 0.9142857142857143 0.02380952380952381 0.05714285714285714
0 0.555952380952381 0.6928571428571428 0.01666666666666667 0.07142857142857142
0 0.12261904761904763 0.37142857142857144 0.011904761904761906 0.11428571428571428
