1 0.18571428571428572 0.3857142857142857 0.0380952380952381 0.2571428571428571
1 0.25238095238095243 0.44285714285714284 0.03333333333333334 0.22857142857142856
1 0.19642857142857145 0.5642857142857143 0.01666666666666667 0.12857142857142856
0 0.4488095238095238 0.15 0.01666666666666667 0.09999999999999999
0 0.9452380952380953 0.34285714285714286 0.01904761904761905 0.17142857142857143
0 0.7964285714285715 0.5499999999999999 0.011904761904761906 0.09999999999999999
0 0.805952380952381 0.6571428571428571 0.011904761904761906 0.08571428571428572
0 0.8297619047619048 0.16428571428571428 0.011904761904761906 0.07142857142857142
0 0.6095238095238096 0.8714285714285714 0.014285714285714287 0.05714285714285714
0 0.11190476190476191 0.7714285714285714 0.009523809523809525 0.05714285714285714
0 0.1773809523809524 0.6714285714285714 0.011904761904761906 0.05714285714285714
0 0.5607142857142857 0.20714285714285713 0.011904761904761906 0.07142857142857142
