1 0.25833333333333336 0.6357142857142857 0.030952380952380953 0.21428571428571427
1 0.4440476190476191 0.6857142857142857 0.03571428571428572 0.2571428571428571
1 0.4702380952380953 0.3142857142857143 0.026190476190476195 0.19999999999999998
1 0.4892857142857143 0.3 0.026190476190476195 0.19999999999999998
1 0.9535714285714286 0.5214285714285715 0.026190476190476195 0.18571428571428572
0 0.9797619047619048 0.16428571428571428 0.011904761904761906 0.09999999999999999
0 0.5845238095238096 0.8142857142857143 0.011904761904761906 0.08571428571428572
0 0.855952380952381 0.7357142857142857 0.011904761904761906 0.09999999999999999
0 0.1619047619047619 0.19999999999999998 0.009523809523809525 0.11428571428571428
0 0.25952380952380955 0.34285714285714286 0.014285714285714287 0.08571428571428572
0 0.06904761904761905 0.5785714285714285 0.009523809523809525 0.07142857142857142
0 0.3642857142857143 0.5428571428571428 0.009523809523809525 0.08571428571428572
0 0.6095238095238096 0.8571428571428571 0.014285714285714287 0.08571428571428572
0 0.7880952380952382 0.19999999999999998 0.009523809523809525 0.08571428571428572
0 0.8345238095238096 0.19999999999999998 0.0071428571428571435 0.05714285714285714
0 0.8797619047619049 0.12857142857142856 0.011904761904761906 0.05714285714285714
0 0.9904761904761905 0.39999999999999997 0.009523809523809525 0.05714285714285714
