0 0.07738095238095238 0.8071428571428572 0.01666666666666667 0.15714285714285714
0 0.1630952380952381 0.6857142857142857 0.02142857142857143 0.14285714285714285
0 0.40952380952380957 0.5928571428571429 0.01904761904761905 0.09999999999999999
0 0.5 0.15714285714285714 0.01904761904761905 0.14285714285714285
1 0.04285714285714286 0.20714285714285713 0.028571428571428574 0.21428571428571427
0 0.6083333333333334 0.8785714285714286 0.026190476190476195 0.07142857142857142
0 0.6261904761904763 0.2642857142857143 0.014285714285714287 0.15714285714285714
0 0.8511904761904763 0.42857142857142855 0.05 0.2857142857142857
0 0.17500000000000002 0.5499999999999999 0.011904761904761906 0.07142857142857142
0 0.2154761904761905 0.6785714285714286 0.01666666666666667 0.09999999999999999
0 0.7785714285714287 0.37857142857142856 0.014285714285714287 0.07142857142857142
0 0.911904761904762 0.6571428571428571 0.014285714285714287 0.05714285714285714
0 0.9892857142857143 0.39285714285714285 0.01666666666666667 0.07142857142857142
0 0.5333333333333334 0.9142857142857143 0.014285714285714287 0.08571428571428572
0 0.16666666666666669 0.39999999999999997 0.01904761904761905 0.11428571428571428
0 0.7535714285714287 0.5428571428571428 0.026190476190476195 0.14285714285714285
0 0.9214285714285715 0.02857142857142857 0.009523809523809525 0.05714285714285714
0 0.045238095238095244 0.85 0.014285714285714287 0.12857142857142856
0 0.1273809523809524 0.19999999999999998 0.011904761904761906 0.08571428571428572
