1 0.9833333333333334 0.5714285714285714 0.028571428571428574 0.2857142857142857
1 0.6940476190476191 0.41428571428571426 0.045238095238095244 0.3142857142857143
1 0.28571428571428575 0.2571428571428571 0.05238095238095239 0.34285714285714286
0 0.7500000000000001 0.41428571428571426 0.014285714285714287 0.08571428571428572
0 0.6166666666666667 0.20714285714285713 0.02380952380952381 0.07142857142857142
0 0.9833333333333334 0.36428571428571427 0.009523809523809525 0.07142857142857142
0 0.24404761904761907 0.41428571428571426 0.01666666666666667 0.08571428571428572
0 0.14523809523809525 0.6142857142857142 0.014285714285714287 0.08571428571428572
0 0.01785714285714286 0.45 0.011904761904761906 0.07142857142857142
0 0.5392857142857144 0.2785714285714286 0.011904761904761906 0.09999999999999999
0 0.6083333333333334 0.8785714285714286 0.01666666666666667 0.07142857142857142
0 0.861904761904762 0.5071428571428571 0.014285714285714287 0.07142857142857142
0 0.8571428571428572 0.40714285714285714 0.014285714285714287 0.07142857142857142
0 0.18571428571428572 0.37142857142857144 0.014285714285714287 0.05714285714285714
