1 0.19642857142857145 0.6357142857142857 0.030952380952380953 0.21428571428571427
1 0.4928571428571429 0.2857142857142857 0.0380952380952381 0.2571428571428571
1 0.9666666666666668 0.44285714285714284 0.02380952380952381 0.17142857142857143
0 0.5988095238095239 0.7214285714285714 0.01666666666666667 0.09999999999999999
0 0.5238095238095238 0.6571428571428571 0.014285714285714287 0.08571428571428572
0 0.9047619047619049 0.42142857142857143 0.014285714285714287 0.12857142857142856
0 0.5511904761904762 0.7285714285714285 0.011904761904761906 0.08571428571428572
0 0.6166666666666667 0.5714285714285714 0.009523809523809525 0.08571428571428572
0 0.7392857142857143 0.35714285714285715 0.0071428571428571435 0.08571428571428572
0 0.06071428571428572 0.65 0.0071428571428571435 0.07142857142857142
0 0.24642857142857144 0.2785714285714286 0.011904761904761906 0.07142857142857142
0 0.29761904761904767 0.5785714285714285 0.009523809523809525 0.09999999999999999
