1 0.594047619047619 0.5214285714285715 0.030952380952380953 0.21428571428571427
0 0.2666666666666667 0.2571428571428571 0.02380952380952381 0.3142857142857143
0 0.730952380952381 0.45 0.014285714285714287 0.07142857142857142
0 0.5583333333333333 0.17142857142857143 0.01666666666666667 0.08571428571428572
0 0.8392857142857144 0.7285714285714285 0.01666666666666667 0.11428571428571428
0 0.7678571428571429 0.39999999999999997 0.011904761904761906 0.11428571428571428
0 0.9488095238095239 0.32857142857142857 0.011904761904761906 0.11428571428571428
0 0.6214285714285714 0.46428571428571425 0.014285714285714287 0.09999999999999999
0 0.4690476190476191 0.45 0.014285714285714287 0.09999999999999999
0 0.19880952380952382 0.5428571428571428 0.026190476190476195 0.08571428571428572
0 0.6583333333333334 0.40714285714285714 0.011904761904761906 0.07142857142857142
0 0.8666666666666667 0.16428571428571428 0.009523809523809525 0.09999999999999999
0 0.9761904761904763 0.21428571428571427 0.009523809523809525 0.08571428571428572
0 0.07976190476190477 0.8785714285714286 0.0071428571428571435 0.07142857142857142
0 0.06904761904761905 0.5928571428571429 0.009523809523809525 0.07142857142857142
