0 0.030952380952380953 0.39999999999999997 0.014285714285714287 0.08571428571428572
0 0.25952380952380955 0.9142857142857143 0.014285714285714287 0.05714285714285714
0 0.2380952380952381 0.7428571428571429 0.014285714285714287 0.08571428571428572
0 0.44761904761904764 0.2357142857142857 0.014285714285714287 0.09999999999999999
1 0.3940476190476191 0.46428571428571425 0.02142857142857143 0.15714285714285714
0 0.9797619047619048 0.08571428571428572 0.01666666666666667 0.17142857142857143
0 0.14880952380952384 0.2857142857142857 0.01666666666666667 0.08571428571428572
0 0.18333333333333335 0.2857142857142857 0.028571428571428574 0.08571428571428572
0 0.5571428571428572 0.15 0.014285714285714287 0.12857142857142856
0 0.7928571428571429 0.5428571428571428 0.01904761904761905 0.08571428571428572
0 0.10833333333333334 0.8714285714285714 0.011904761904761906 0.11428571428571428
0 0.8511904761904763 0.09999999999999999 0.02142857142857143 0.05714285714285714
0 0.9892857142857143 0.39999999999999997 0.011904761904761906 0.08571428571428572
