1 0.8071428571428572 0.5357142857142857 0.028571428571428574 0.21428571428571427
0 0.7785714285714287 0.34285714285714286 0.014285714285714287 0.08571428571428572
0 0.5107142857142858 0.07857142857142857 0.02142857142857143 0.07142857142857142
0 0.6226190476190476 0.7214285714285714 0.011904761904761906 0.07142857142857142
0 0.3547619047619048 0.5928571428571429 0.014285714285714287 0.09999999999999999
0 0.18333333333333335 0.6 0.014285714285714287 0.08571428571428572
0 0.5892857142857143 0.7142857142857143 0.01666666666666667 0.08571428571428572
0 0.2 0.45714285714285713 0.009523809523809525 0.05714285714285714
0 0.7250000000000001 0.7285714285714285 0.0071428571428571435 0.11428571428571428
0 0.07023809523809524 0.5857142857142857 0.01666666666666667 0.05714285714285714
0 0.11666666666666668 0.5857142857142857 0.009523809523809525 0.05714285714285714
0 0.6083333333333334 0.8714285714285714 0.011904761904761906 0.05714285714285714
