1 0.7690476190476191 0.34285714285714286 0.05238095238095239 0.39999999999999997
0 0.8107142857142858 0.6 0.026190476190476195 0.05714285714285714
0 0.7095238095238096 0.12857142857142856 0.02380952380952381 0.05714285714285714
0 0.5452380952380953 0.39285714285714285 0.01904761904761905 0.07142857142857142
0 0.38571428571428573 0.4714285714285714 0.014285714285714287 0.08571428571428572
0 0.5202380952380953 0.9571428571428571 0.01666666666666667 0.05714285714285714
0 0.25833333333333336 0.3857142857142857 0.011904761904761906 0.08571428571428572
0 0.0380952380952381 0.16428571428571428 0.009523809523809525 0.07142857142857142
0 0.41785714285714287 0.08571428571428572 0.011904761904761906 0.08571428571428572
0 0.11071428571428572 0.11428571428571428 0.011904761904761906 0.05714285714285714
0 0.1773809523809524 0.7642857142857142 0.01666666666666667 0.12857142857142856
0 0.11785714285714287 0.8357142857142857 0.011904761904761906 0.07142857142857142
0 0.4630952380952381 0.5071428571428571 0.01666666666666667 0.09999999999999999
0 0.9821428571428572 0.1357142857142857 0.011904761904761906 0.09999999999999999
0 0.06785714285714287 0.5785714285714285 0.01666666666666667 0.07142857142857142
0 0.605952380952381 0.8714285714285714 0.02142857142857143 0.08571428571428572
0 0.630952380952381 0.4714285714285714 0.02380952380952381 0.14285714285714285
0 0.7107142857142857 0.44285714285714284 0.011904761904761906 0.08571428571428572
0 0.4440476190476191 0.20714285714285713 0.02142857142857143 0.07142857142857142
0 0.9892857142857143 0.39999999999999997 0.011904761904761906 0.05714285714285714
0 0.5630952380952381 0.1357142857142857 0.02142857142857143 0.07142857142857142
