1 0.4428571428571429 0.36428571428571427 0.03333333333333334 0.24285714285714285
1 0.9154761904761906 0.46428571428571425 0.02142857142857143 0.15714285714285714
0 0.1 0.40714285714285714 0.0380952380952381 0.32857142857142857
0 0.8976190476190476 0.5785714285714285 0.014285714285714287 0.09999999999999999
0 0.7928571428571429 0.6928571428571428 0.014285714285714287 0.09999999999999999
0 0.5619047619047619 0.5857142857142857 0.014285714285714287 0.08571428571428572
0 0.47380952380952385 0.4714285714285714 0.014285714285714287 0.08571428571428572
0 0.25833333333333336 0.6785714285714286 0.02142857142857143 0.15714285714285714
0 0.5107142857142858 0.5499999999999999 0.011904761904761906 0.07142857142857142
0 0.32023809523809527 0.7571428571428571 0.01666666666666667 0.08571428571428572
0 0.9904761904761905 0.39999999999999997 0.009523809523809525 0.05714285714285714
0 0.8857142857142858 0.46428571428571425 0.009523809523809525 0.04285714285714286
0 0.008333333333333335 0.5928571428571429 0.011904761904761906 0.07142857142857142
