1 0.38333333333333336 0.4928571428571428 0.0380952380952381 0.3
1 0.09285714285714286 0.21428571428571427 0.04285714285714286 0.34285714285714286
0 0.015476190476190477 0.07857142857142857 0.01666666666666667 0.09999999999999999
0 0.3452380952380953 0.4714285714285714 0.01904761904761905 0.08571428571428572
0 0.7523809523809525 0.5142857142857142 0.014285714285714287 0.08571428571428572
0 0.6035714285714286 0.5857142857142857 0.011904761904761906 0.08571428571428572
0 0.5190476190476191 0.1357142857142857 0.014285714285714287 0.07142857142857142
0 0.7440476190476191 0.6857142857142857 0.011904761904761906 0.08571428571428572
0 0.025 0.9142857142857143 0.011904761904761906 0.05714285714285714
0 0.480952380952381 0.7357142857142857 0.014285714285714287 0.07142857142857142
0 0.9880952380952381 0.39285714285714285 0.009523809523809525 0.09999999999999999
0 0.16666666666666669 0.44285714285714284 0.014285714285714287 0.14285714285714285
0 0.17023809523809524 0.2357142857142857 0.011904761904761906 0.07142857142857142
0 0.2642857142857143 0.14285714285714285 0.014285714285714287 0.08571428571428572
0 0.9142857142857144 0.45 0.01904761904761905 0.07142857142857142
0 0.7023809523809524 0.6928571428571428 0.02380952380952381 0.09999999999999999
