1 0.36190476190476195 0.22142857142857142 0.0380952380952381 0.24285714285714285
0 0.7940476190476191 0.3357142857142857 0.01666666666666667 0.09999999999999999
0 0.4928571428571429 0.1357142857142857 0.01904761904761905 0.09999999999999999
0 0.3821428571428572 0.7 0.01666666666666667 0.08571428571428572
0 0.06785714285714287 0.5857142857142857 0.011904761904761906 0.05714285714285714
0 0.026190476190476195 0.9428571428571428 0.009523809523809525 0.05714285714285714
0 0.048809523809523817 0.5071428571428571 0.011904761904761906 0.07142857142857142
0 0.5380952380952382 0.5357142857142857 0.009523809523809525 0.07142857142857142
0 0.15833333333333335 0.12142857142857143 0.011904761904761906 0.07142857142857142
0 0.9916666666666668 0.40714285714285714 0.011904761904761906 0.07142857142857142
0 0.6333333333333334 0.5714285714285714 0.009523809523809525 0.05714285714285714
0 0.25 0.35 0.009523809523809525 0.09999999999999999
