1 0.7773809523809525 0.4928571428571428 0.045238095238095244 0.32857142857142857
0 0.8916666666666667 0.9285714285714285 0.01666666666666667 0.08571428571428572
0 0.7345238095238096 0.6928571428571428 0.011904761904761906 0.12857142857142856
0 0.30000000000000004 0.6071428571428571 0.009523809523809525 0.09999999999999999
0 0.1511904761904762 0.5285714285714286 0.011904761904761906 0.08571428571428572
0 0.2535714285714286 0.4714285714285714 0.01666666666666667 0.08571428571428572
0 0.6047619047619048 0.8785714285714286 0.01904761904761905 0.07142857142857142
0 0.18214285714285716 0.3 0.011904761904761906 0.14285714285714285
0 0.07023809523809524 0.5785714285714285 0.011904761904761906 0.07142857142857142
0 0.4357142857142858 0.7642857142857142 0.009523809523809525 0.07142857142857142
0 0.22261904761904763 0.19285714285714284 0.011904761904761906 0.04285714285714286
0 0.9916666666666668 0.39999999999999997 0.0071428571428571435 0.05714285714285714
0 0.10476190476190478 0.3214285714285714 0.009523809523809525 0.07142857142857142
0 0.6488095238095238 0.8357142857142857 0.011904761904761906 0.04285714285714286
