0 0.2404761904761905 0.8285714285714285 0.01904761904761905 0.08571428571428572
0 0.5785714285714286 0.65 0.014285714285714287 0.09999999999999999
0 0.5166666666666667 0.6714285714285714 0.01904761904761905 0.08571428571428572
0 0.5023809523809524 0.45 0.02380952380952381 0.12857142857142856
0 0.7083333333333334 0.42142857142857143 0.01666666666666667 0.15714285714285714
0 0.48809523809523814 0.8428571428571429 0.014285714285714287 0.05714285714285714
0 0.5130952380952382 0.3071428571428571 0.011904761904761906 0.09999999999999999
1 0.37380952380952387 0.42857142857142855 0.028571428571428574 0.19999999999999998
0 0.7000000000000001 0.6714285714285714 0.01904761904761905 0.05714285714285714
0 0.8083333333333335 0.5071428571428571 0.01666666666666667 0.09999999999999999
0 0.05 0.19999999999999998 0.014285714285714287 0.08571428571428572
0 0.08690476190476192 0.7428571428571429 0.011904761904761906 0.11428571428571428
0 0.8488095238095239 0.5214285714285715 0.011904761904761906 0.15714285714285714
0 0.25833333333333336 0.5 0.011904761904761906 0.08571428571428572
