1 0.5869047619047619 0.5785714285714285 0.03571428571428572 0.2714285714285714
1 0.6428571428571429 0.7142857142857143 0.01904761904761905 0.14285714285714285
1 0.7607142857142858 0.37142857142857144 0.030952380952380953 0.22857142857142856
0 0.19642857142857145 0.29285714285714287 0.01666666666666667 0.12857142857142856
0 0.4035714285714286 0.47857142857142854 0.0071428571428571435 0.07142857142857142
0 0.31428571428571433 0.8214285714285714 0.014285714285714287 0.09999999999999999
0 0.3297619047619048 0.5785714285714285 0.011904761904761906 0.04285714285714286
0 0.9916666666666668 0.39285714285714285 0.011904761904761906 0.07142857142857142
0 0.027380952380952384 0.6571428571428571 0.011904761904761906 0.05714285714285714
0 0.06785714285714287 0.5857142857142857 0.011904761904761906 0.05714285714285714
