1 0.20595238095238097 0.8285714285714285 0.045238095238095244 0.3142857142857143
1 0.4130952380952381 0.5214285714285715 0.04047619047619048 0.32857142857142857
1 0.4273809523809524 0.7428571428571429 0.01666666666666667 0.11428571428571428
0 0.8488095238095239 0.5 0.01666666666666667 0.11428571428571428
0 0.38928571428571435 0.19999999999999998 0.01666666666666667 0.11428571428571428
0 0.5857142857142857 0.6285714285714286 0.014285714285714287 0.08571428571428572
0 0.37500000000000006 0.95 0.011904761904761906 0.07142857142857142
0 0.40952380952380957 0.05714285714285714 0.014285714285714287 0.08571428571428572
0 0.46666666666666673 0.6571428571428571 0.009523809523809525 0.05714285714285714
0 0.14523809523809525 0.2857142857142857 0.014285714285714287 0.05714285714285714
0 0.2273809523809524 0.5499999999999999 0.011904761904761906 0.07142857142857142
0 0.22261904761904763 0.3214285714285714 0.011904761904761906 0.07142857142857142
0 0.06904761904761905 0.5714285714285714 0.014285714285714287 0.05714285714285714
0 0.9904761904761905 0.39285714285714285 0.009523809523809525 0.07142857142857142
0 0.911904761904762 0.8357142857142857 0.014285714285714287 0.07142857142857142
0 0.10952380952380954 0.12857142857142856 0.014285714285714287 0.05714285714285714
0 0.27380952380952384 0.45 0.014285714285714287 0.07142857142857142
0 0.5154761904761905 0.8857142857142857 0.011904761904761906 0.05714285714285714
0 0.6047619047619048 0.8785714285714286 0.02380952380952381 0.04285714285714286
0 0.6785714285714286 0.7214285714285714 0.014285714285714287 0.04285714285714286
0 0.30714285714285716 0.9428571428571428 0.014285714285714287 0.08571428571428572
