0 0.4130952380952381 0.7785714285714286 0.026190476190476195 0.12857142857142856
0 0.7523809523809525 0.4357142857142857 0.014285714285714287 0.09999999999999999
0 0.8440476190476192 0.25 0.011904761904761906 0.09999999999999999
0 0.6202380952380953 0.3857142857142857 0.02142857142857143 0.11428571428571428
1 0.5345238095238096 0.6071428571428571 0.026190476190476195 0.18571428571428572
0 0.4357142857142858 0.5142857142857142 0.014285714285714287 0.08571428571428572
0 0.6345238095238096 0.5928571428571429 0.011904761904761906 0.07142857142857142
0 0.8476190476190477 0.6928571428571428 0.014285714285714287 0.07142857142857142
0 0.026190476190476195 0.9285714285714285 0.014285714285714287 0.08571428571428572
0 0.06666666666666668 0.5714285714285714 0.009523809523809525 0.05714285714285714
0 0.11309523809523811 0.8928571428571428 0.01666666666666667 0.07142857142857142
0 0.3940476190476191 0.3857142857142857 0.026190476190476195 0.14285714285714285
0 0.6023809523809525 0.8714285714285714 0.02380952380952381 0.08571428571428572
0 0.2154761904761905 0.85 0.01666666666666667 0.12857142857142856
0 0.1380952380952381 0.2357142857142857 0.009523809523809525 0.07142857142857142
0 0.5190476190476191 0.7999999999999999 0.009523809523809525 0.05714285714285714
0 0.7095238095238096 0.45714285714285713 0.014285714285714287 0.05714285714285714
0 0.8761904761904763 0.7857142857142857 0.014285714285714287 0.08571428571428572
0 0.9761904761904763 0.05714285714285714 0.014285714285714287 0.08571428571428572
0 0.8857142857142858 0.29285714285714287 0.014285714285714287 0.07142857142857142
0 0.6964285714285715 0.85 0.01666666666666667 0.07142857142857142
0 0.7595238095238096 0.8357142857142857 0.014285714285714287 0.12857142857142856
0 0.3523809523809524 0.8071428571428572 0.01904761904761905 0.07142857142857142
0 0.5142857142857143 0.45714285714285713 0.014285714285714287 0.05714285714285714
0 0.8238095238095239 0.049999999999999996 0.014285714285714287 0.09999999999999999
