1 0.7654761904761905 0.35 0.030952380952380953 0.24285714285714285
0 0.48809523809523814 0.40714285714285714 0.01904761904761905 0.07142857142857142
0 0.048809523809523817 0.7 0.02142857142857143 0.08571428571428572
0 0.29880952380952386 0.5785714285714285 0.01666666666666667 0.09999999999999999
0 0.44761904761904764 0.4357142857142857 0.014285714285714287 0.09999999999999999
0 0.06785714285714287 0.5928571428571429 0.01666666666666667 0.07142857142857142
0 0.8750000000000001 0.22142857142857142 0.0071428571428571435 0.07142857142857142
0 0.8130952380952382 0.5928571428571429 0.011904761904761906 0.07142857142857142
0 0.5642857142857144 0.3142857142857143 0.014285714285714287 0.05714285714285714
0 0.9904761904761905 0.39999999999999997 0.009523809523809525 0.08571428571428572
0 0.025 0.95 0.0071428571428571435 0.07142857142857142
