1 0.0642857142857143 0.20714285714285713 0.03333333333333334 0.21428571428571427
0 0.24285714285714288 0.9071428571428571 0.01904761904761905 0.09999999999999999
0 0.46190476190476193 0.2357142857142857 0.01904761904761905 0.12857142857142856
0 0.6988095238095239 0.6071428571428571 0.01666666666666667 0.07142857142857142
0 0.9047619047619049 0.39999999999999997 0.014285714285714287 0.14285714285714285
0 0.11071428571428572 0.19999999999999998 0.01666666666666667 0.05714285714285714
0 0.2916666666666667 0.6071428571428571 0.011904761904761906 0.07142857142857142
0 0.23452380952380955 0.05714285714285714 0.011904761904761906 0.08571428571428572
0 0.9404761904761906 0.17142857142857143 0.04761904761904762 0.34285714285714286
0 0.9916666666666668 0.41428571428571426 0.011904761904761906 0.08571428571428572
0 0.605952380952381 0.8785714285714286 0.01666666666666667 0.07142857142857142
0 0.06666666666666668 0.5928571428571429 0.014285714285714287 0.07142857142857142
0 0.1797619047619048 0.3071428571428571 0.02142857142857143 0.09999999999999999
0 0.4273809523809524 0.75 0.026190476190476195 0.09999999999999999
0 0.3726190476190476 0.42857142857142855 0.02142857142857143 0.08571428571428572
0 0.8880952380952382 0.7999999999999999 0.014285714285714287 0.08571428571428572
0 0.2904761904761905 0.36428571428571427 0.014285714285714287 0.09999999999999999
