0 0.5440476190476191 0.9214285714285714 0.01666666666666667 0.07142857142857142
0 0.4214285714285715 0.4857142857142857 0.014285714285714287 0.08571428571428572
0 0.4904761904761905 0.2714285714285714 0.009523809523809525 0.08571428571428572
0 0.41190476190476194 0.32857142857142857 0.01904761904761905 0.14285714285714285
0 0.2654761904761905 0.9285714285714285 0.011904761904761906 0.05714285714285714
0 0.2535714285714286 0.7571428571428571 0.011904761904761906 0.08571428571428572
0 0.18571428571428572 0.5071428571428571 0.014285714285714287 0.09999999999999999
0 0.06666666666666668 0.03571428571428571 0.01904761904761905 0.07142857142857142
1 0.5273809523809524 0.6642857142857143 0.03571428571428572 0.21428571428571427
0 0.8345238095238096 0.75 0.01666666666666667 0.12857142857142856
0 0.10952380952380954 0.6428571428571428 0.009523809523809525 0.08571428571428572
0 0.3535714285714286 0.42142857142857143 0.011904761904761906 0.07142857142857142
0 0.3535714285714286 0.19999999999999998 0.01666666666666667 0.08571428571428572
0 0.6047619047619048 0.8785714285714286 0.01904761904761905 0.07142857142857142
0 0.9892857142857143 0.3857142857142857 0.011904761904761906 0.08571428571428572
0 0.1416666666666667 0.4928571428571428 0.011904761904761906 0.07142857142857142
0 0.22976190476190478 0.9285714285714285 0.011904761904761906 0.08571428571428572
0 0.7642857142857143 0.16428571428571428 0.014285714285714287 0.18571428571428572
0 0.7071428571428572 0.7428571428571429 0.028571428571428574 0.08571428571428572
0 0.026190476190476195 0.9357142857142857 0.014285714285714287 0.09999999999999999
0 0.9083333333333334 0.9357142857142857 0.01666666666666667 0.09999999999999999
