1 0.04285714285714286 0.3214285714285714 0.04285714285714286 0.32857142857142857
1 0.5750000000000001 0.2357142857142857 0.030952380952380953 0.21428571428571427
1 0.8940476190476191 0.8785714285714286 0.01666666666666667 0.12857142857142856
0 0.9083333333333334 0.41428571428571426 0.01666666666666667 0.08571428571428572
0 0.4928571428571429 0.8357142857142857 0.014285714285714287 0.09999999999999999
0 0.5142857142857143 0.7 0.014285714285714287 0.08571428571428572
0 0.32023809523809527 0.15714285714285714 0.01666666666666667 0.08571428571428572
0 0.25952380952380955 0.7071428571428571 0.014285714285714287 0.07142857142857142
0 0.605952380952381 0.8785714285714286 0.01666666666666667 0.07142857142857142
0 0.8190476190476191 0.4714285714285714 0.009523809523809525 0.05714285714285714
0 0.7440476190476191 0.7714285714285714 0.011904761904761906 0.05714285714285714
0 0.5821428571428572 0.7142857142857143 0.011904761904761906 0.05714285714285714
0 0.2392857142857143 0.9642857142857143 0.011904761904761906 0.04285714285714286
0 0.06666666666666668 0.5857142857142857 0.014285714285714287 0.05714285714285714
0 0.027380952380952384 0.7 0.011904761904761906 0.05714285714285714
0 0.9571428571428572 0.2714285714285714 0.009523809523809525 0.05714285714285714
