1 0.605952380952381 0.45 0.04047619047619048 0.2714285714285714
0 0.4190476190476191 0.7285714285714285 0.014285714285714287 0.05714285714285714
0 0.7500000000000001 0.6 0.014285714285714287 0.11428571428571428
0 0.12142857142857144 0.7785714285714286 0.014285714285714287 0.07142857142857142
0 0.055952380952380955 0.7785714285714286 0.01666666666666667 0.07142857142857142
0 0.06904761904761905 0.5928571428571429 0.01904761904761905 0.07142857142857142
0 0.8726190476190477 0.7785714285714286 0.030952380952380953 0.07142857142857142
0 0.9440476190476191 0.3142857142857143 0.01666666666666667 0.11428571428571428
0 0.034523809523809526 0.19999999999999998 0.01666666666666667 0.08571428571428572
0 0.7166666666666668 0.3214285714285714 0.014285714285714287 0.07142857142857142
0 0.605952380952381 0.8642857142857142 0.026190476190476195 0.07142857142857142
0 0.9892857142857143 0.3857142857142857 0.011904761904761906 0.05714285714285714
0 0.4904761904761905 0.5928571428571429 0.014285714285714287 0.09999999999999999
0 0.6845238095238095 0.5857142857142857 0.011904761904761906 0.08571428571428572
0 0.6380952380952382 0.1357142857142857 0.014285714285714287 0.09999999999999999
0 0.3535714285714286 0.5928571428571429 0.01666666666666667 0.12857142857142856
0 0.8535714285714286 0.35 0.01666666666666667 0.07142857142857142
