1 0.7142857142857143 0.47857142857142854 0.03333333333333334 0.24285714285714285
1 0.6357142857142858 0.5571428571428572 0.028571428571428574 0.17142857142857143
0 0.7440476190476191 0.7142857142857143 0.01666666666666667 0.08571428571428572
0 0.49404761904761907 0.34285714285714286 0.01666666666666667 0.11428571428571428
0 0.11071428571428572 0.5714285714285714 0.030952380952380953 0.08571428571428572
0 0.6047619047619048 0.8642857142857142 0.01904761904761905 0.07142857142857142
0 0.15357142857142858 0.6642857142857143 0.01666666666666667 0.09999999999999999
0 0.9047619047619049 0.39285714285714285 0.01904761904761905 0.12857142857142856
0 0.6904761904761906 0.12857142857142856 0.009523809523809525 0.08571428571428572
0 0.6202380952380953 0.7571428571428571 0.01666666666666667 0.08571428571428572
0 0.9904761904761905 0.39285714285714285 0.009523809523809525 0.07142857142857142
0 0.06547619047619048 0.5714285714285714 0.011904761904761906 0.05714285714285714
0 0.2892857142857143 0.7857142857142857 0.011904761904761906 0.05714285714285714
0 0.6428571428571429 0.2714285714285714 0.014285714285714287 0.08571428571428572
0 0.5654761904761906 0.6 0.01666666666666667 0.08571428571428572
