1 0.15000000000000002 0.45714285714285713 0.028571428571428574 0.22857142857142856
1 0.9261904761904762 0.20714285714285713 0.03333333333333334 0.24285714285714285
0 0.7035714285714286 0.7071428571428571 0.011904761904761906 0.09999999999999999
0 0.1273809523809524 0.4928571428571428 0.011904761904761906 0.04285714285714286
0 0.09761904761904763 0.3142857142857143 0.009523809523809525 0.05714285714285714
0 0.6083333333333334 0.8785714285714286 0.011904761904761906 0.04285714285714286
0 0.9916666666666668 0.41428571428571426 0.011904761904761906 0.05714285714285714
0 0.5154761904761905 0.44285714285714284 0.011904761904761906 0.05714285714285714
0 0.06904761904761905 0.5785714285714285 0.014285714285714287 0.04285714285714286
0 0.028571428571428574 0.9357142857142857 0.009523809523809525 0.07142857142857142
0 0.29523809523809524 0.6 0.009523809523809525 0.05714285714285714
