1 0.46190476190476193 0.5214285714285715 0.02380952380952381 0.15714285714285714
0 0.6440476190476191 0.5142857142857142 0.011904761904761906 0.08571428571428572
0 0.17380952380952383 0.2714285714285714 0.014285714285714287 0.08571428571428572
0 0.8750000000000001 0.3071428571428571 0.01666666666666667 0.18571428571428572
0 0.8940476190476191 0.3 0.01666666666666667 0.08571428571428572
0 0.07023809523809524 0.37142857142857144 0.011904761904761906 0.08571428571428572
0 0.07023809523809524 0.5785714285714285 0.011904761904761906 0.07142857142857142
0 0.35595238095238096 0.6214285714285714 0.011904761904761906 0.09999999999999999
0 0.330952380952381 0.6285714285714286 0.014285714285714287 0.08571428571428572
0 0.6130952380952381 0.8785714285714286 0.011904761904761906 0.07142857142857142
0 0.7690476190476191 0.7357142857142857 0.009523809523809525 0.07142857142857142
0 0.7928571428571429 0.5857142857142857 0.009523809523809525 0.05714285714285714
0 0.8130952380952382 0.3071428571428571 0.011904761904761906 0.07142857142857142
0 0.9940476190476192 0.8428571428571429 0.0071428571428571435 0.08571428571428572
