0 0.030952380952380953 0.39999999999999997 0.014285714285714287 0.11428571428571428
0 0.43333333333333335 0.5499999999999999 0.014285714285714287 0.07142857142857142
0 0.8047619047619048 0.7 0.014285714285714287 0.08571428571428572
0 0.7833333333333334 0.3071428571428571 0.01904761904761905 0.12857142857142856
0 0.9095238095238096 0.9071428571428571 0.02380952380952381 0.07142857142857142
1 0.30833333333333335 0.46428571428571425 0.03571428571428572 0.24285714285714285
0 0.1797619047619048 0.65 0.02142857142857143 0.07142857142857142
0 0.1392857142857143 0.2785714285714286 0.011904761904761906 0.09999999999999999
0 0.24523809523809526 0.8071428571428572 0.009523809523809525 0.04285714285714286
0 0.6023809523809525 0.8571428571428571 0.02380952380952381 0.08571428571428572
0 0.8202380952380953 0.19285714285714284 0.011904761904761906 0.07142857142857142
0 0.925 0.6214285714285714 0.011904761904761906 0.07142857142857142
0 0.9904761904761905 0.3857142857142857 0.014285714285714287 0.08571428571428572
0 0.5035714285714287 0.6571428571428571 0.011904761904761906 0.08571428571428572
0 0.18095238095238098 0.8357142857142857 0.014285714285714287 0.07142857142857142
0 0.8535714285714286 0.5785714285714285 0.01666666666666667 0.09999999999999999
0 0.8130952380952382 0.7785714285714286 0.011904761904761906 0.07142857142857142
