0 0.32023809523809527 0.8571428571428571 0.02142857142857143 0.11428571428571428
0 0.3940476190476191 0.46428571428571425 0.01666666666666667 0.12857142857142856
0 0.6214285714285714 0.4857142857142857 0.014285714285714287 0.08571428571428572
0 0.6690476190476191 0.5785714285714285 0.009523809523809525 0.07142857142857142
0 0.8654761904761905 0.4928571428571428 0.01666666666666667 0.07142857142857142
0 0.9107142857142858 0.37142857142857144 0.01666666666666667 0.05714285714285714
0 0.7630952380952382 0.17857142857142858 0.01666666666666667 0.09999999999999999
0 0.2178571428571429 0.39285714285714285 0.01666666666666667 0.15714285714285714
0 0.2916666666666667 0.5214285714285715 0.09285714285714286 0.5857142857142857
0 0.9440476190476191 0.05714285714285714 0.011904761904761906 0.08571428571428572
0 0.6071428571428572 0.8571428571428571 0.014285714285714287 0.08571428571428572
0 0.1392857142857143 0.16428571428571428 0.011904761904761906 0.12857142857142856
0 0.7916666666666667 0.7071428571428571 0.01666666666666667 0.09999999999999999
0 0.4166666666666667 0.14285714285714285 0.014285714285714287 0.05714285714285714
