1 0.2547619047619048 0.6428571428571428 0.03333333333333334 0.19999999999999998
1 0.5035714285714287 0.3071428571428571 0.05 0.35714285714285715
1 0.8940476190476191 0.42857142857142855 0.026190476190476195 0.17142857142857143
0 0.2571428571428572 0.40714285714285714 0.014285714285714287 0.09999999999999999
0 0.41785714285714287 0.47857142857142854 0.011904761904761906 0.07142857142857142
0 0.030952380952380953 0.3857142857142857 0.009523809523809525 0.08571428571428572
0 0.6047619047619048 0.8571428571428571 0.01904761904761905 0.11428571428571428
1 0.053571428571428575 0.3857142857142857 0.01666666666666667 0.11428571428571428
0 0.4 0.9571428571428571 0.014285714285714287 0.05714285714285714
0 0.0380952380952381 0.8714285714285714 0.009523809523809525 0.11428571428571428
0 0.29761904761904767 0.39999999999999997 0.009523809523809525 0.11428571428571428
0 0.38928571428571435 0.39285714285714285 0.011904761904761906 0.07142857142857142
0 0.6488095238095238 0.39999999999999997 0.011904761904761906 0.08571428571428572
0 0.6238095238095238 0.34285714285714286 0.014285714285714287 0.05714285714285714
0 0.7630952380952382 0.9642857142857143 0.011904761904761906 0.04285714285714286
0 0.9904761904761905 0.39999999999999997 0.009523809523809525 0.05714285714285714
0 0.2011904761904762 0.07857142857142857 0.011904761904761906 0.07142857142857142
