1 0.03928571428571429 0.35714285714285715 0.05 0.39999999999999997
0 0.08333333333333334 0.07857142857142857 0.01904761904761905 0.07142857142857142
0 0.2904761904761905 0.7357142857142857 0.014285714285714287 0.07142857142857142
0 0.605952380952381 0.85 0.030952380952380953 0.12857142857142856
0 0.6166666666666667 0.17857142857142858 0.01904761904761905 0.09999999999999999
0 0.7797619047619049 0.7785714285714286 0.02142857142857143 0.07142857142857142
0 0.8928571428571429 0.12857142857142856 0.01904761904761905 0.08571428571428572
0 0.4416666666666667 0.7571428571428571 0.02142857142857143 0.08571428571428572
0 0.38452380952380955 0.6 0.011904761904761906 0.05714285714285714
0 0.41785714285714287 0.7214285714285714 0.011904761904761906 0.12857142857142856
0 0.5845238095238096 0.42142857142857143 0.02142857142857143 0.07142857142857142
0 0.46190476190476193 0.6571428571428571 0.014285714285714287 0.08571428571428572
0 0.7023809523809524 0.6285714285714286 0.009523809523809525 0.05714285714285714
0 0.5321428571428571 0.6 0.01666666666666667 0.11428571428571428
0 0.7190476190476192 0.9428571428571428 0.01904761904761905 0.08571428571428572
0 0.9880952380952381 0.39999999999999997 0.009523809523809525 0.05714285714285714
0 0.7988095238095239 0.9571428571428571 0.011904761904761906 0.05714285714285714
