1 0.6702380952380953 0.85 0.02142857142857143 0.12857142857142856
0 0.5738095238095239 0.75 0.014285714285714287 0.09999999999999999
0 0.7130952380952381 0.5142857142857142 0.011904761904761906 0.08571428571428572
0 0.01666666666666667 0.2785714285714286 0.014285714285714287 0.09999999999999999
0 0.18809523809523812 0.6285714285714286 0.01904761904761905 0.08571428571428572
0 0.7714285714285715 0.46428571428571425 0.014285714285714287 0.07142857142857142
0 0.430952380952381 0.6 0.014285714285714287 0.05714285714285714
0 0.06785714285714287 0.5714285714285714 0.011904761904761906 0.05714285714285714
0 0.07380952380952381 0.8142857142857143 0.009523809523809525 0.05714285714285714
0 0.28571428571428575 0.5499999999999999 0.009523809523809525 0.04285714285714286
0 0.380952380952381 0.7714285714285714 0.009523809523809525 0.05714285714285714
0 0.6333333333333334 0.6285714285714286 0.014285714285714287 0.08571428571428572
0 0.9916666666666668 0.40714285714285714 0.0071428571428571435 0.07142857142857142
