0 0.07142857142857144 0.18571428571428572 0.01904761904761905 0.17142857142857143
0 0.026190476190476195 0.5642857142857143 0.014285714285714287 0.09999999999999999
0 0.255952380952381 0.8071428571428572 0.011904761904761906 0.07142857142857142
0 0.4345238095238096 0.5142857142857142 0.011904761904761906 0.11428571428571428
0 0.7904761904761906 0.07142857142857142 0.014285714285714287 0.08571428571428572
1 0.811904761904762 0.5857142857142857 0.0380952380952381 0.2571428571428571
0 0.8214285714285715 0.24285714285714285 0.01904761904761905 0.05714285714285714
0 0.8238095238095239 0.8214285714285714 0.014285714285714287 0.07142857142857142
0 0.6416666666666667 0.11428571428571428 0.026190476190476195 0.11428571428571428
0 0.9345238095238096 0.8285714285714285 0.011904761904761906 0.08571428571428572
0 0.06547619047619048 0.5785714285714285 0.011904761904761906 0.07142857142857142
0 0.3023809523809524 0.5428571428571428 0.01904761904761905 0.08571428571428572
0 0.8035714285714286 0.8142857142857143 0.011904761904761906 0.08571428571428572
0 0.9904761904761905 0.39285714285714285 0.009523809523809525 0.07142857142857142
0 0.9107142857142858 0.34285714285714286 0.011904761904761906 0.08571428571428572
0 0.8714285714285716 0.6642857142857143 0.01904761904761905 0.07142857142857142
0 0.9547619047619048 0.7357142857142857 0.009523809523809525 0.09999999999999999
0 0.4547619047619048 0.6571428571428571 0.01904761904761905 0.08571428571428572
0 0.605952380952381 0.8714285714285714 0.01666666666666667 0.08571428571428572
