1 0.16904761904761906 0.7142857142857143 0.03333333333333334 0.22857142857142856
0 0.911904761904762 0.5214285714285715 0.009523809523809525 0.09999999999999999
0 0.880952380952381 0.8285714285714285 0.009523809523809525 0.08571428571428572
0 0.525 0.5214285714285715 0.011904761904761906 0.09999999999999999
0 0.8238095238095239 0.2714285714285714 0.014285714285714287 0.08571428571428572
0 0.9630952380952382 0.7142857142857143 0.01666666666666667 0.08571428571428572
0 0.2380952380952381 0.15714285714285714 0.014285714285714287 0.08571428571428572
0 0.9916666666666668 0.39999999999999997 0.0071428571428571435 0.08571428571428572
0 0.22500000000000003 0.5071428571428571 0.011904761904761906 0.09999999999999999
0 0.45952380952380956 0.6285714285714286 0.009523809523809525 0.05714285714285714
0 0.7011904761904763 0.9285714285714285 0.011904761904761906 0.05714285714285714
0 0.8928571428571429 0.4714285714285714 0.009523809523809525 0.05714285714285714
