0 0.8095238095238096 0.7357142857142857 0.014285714285714287 0.07142857142857142
0 0.7773809523809525 0.5071428571428571 0.011904761904761906 0.15714285714285714
0 0.717857142857143 0.25 0.011904761904761906 0.09999999999999999
0 0.6845238095238095 0.5642857142857143 0.026190476190476195 0.07142857142857142
0 0.39642857142857146 0.39285714285714285 0.02142857142857143 0.09999999999999999
0 0.330952380952381 0.12857142857142856 0.014285714285714287 0.11428571428571428
0 0.2642857142857143 0.9285714285714285 0.014285714285714287 0.05714285714285714
0 0.23333333333333336 0.14285714285714285 0.014285714285714287 0.11428571428571428
1 0.21904761904761907 0.4714285714285714 0.0380952380952381 0.2571428571428571
0 0.11309523809523811 0.06428571428571428 0.01666666666666667 0.12857142857142856
0 0.28571428571428575 0.6571428571428571 0.014285714285714287 0.05714285714285714
0 0.6047619047619048 0.8714285714285714 0.01904761904761905 0.08571428571428572
0 0.18690476190476193 0.3071428571428571 0.01666666666666667 0.04285714285714286
0 0.06309523809523811 0.5714285714285714 0.01666666666666667 0.05714285714285714
0 0.27261904761904765 0.39999999999999997 0.011904761904761906 0.11428571428571428
1 0.37500000000000006 0.6142857142857142 0.02142857142857143 0.14285714285714285
0 0.5071428571428572 0.7714285714285714 0.01904761904761905 0.08571428571428572
0 0.5202380952380953 0.5214285714285715 0.01666666666666667 0.09999999999999999
