1 0.8666666666666667 0.3857142857142857 0.03333333333333334 0.22857142857142856
0 0.961904761904762 0.45714285714285713 0.009523809523809525 0.08571428571428572
0 0.9476190476190477 0.5071428571428571 0.009523809523809525 0.04285714285714286
0 0.7035714285714286 0.9428571428571428 0.01666666666666667 0.08571428571428572
0 0.22142857142857145 0.40714285714285714 0.03333333333333334 0.09999999999999999
0 0.22261904761904763 0.6642857142857143 0.01666666666666667 0.07142857142857142
0 0.817857142857143 0.7785714285714286 0.011904761904761906 0.07142857142857142
0 0.06785714285714287 0.41428571428571426 0.02142857142857143 0.05714285714285714
0 0.01904761904761905 0.75 0.01904761904761905 0.09999999999999999
0 0.6083333333333334 0.8714285714285714 0.011904761904761906 0.08571428571428572
0 0.9202380952380953 0.9285714285714285 0.011904761904761906 0.08571428571428572
0 0.3797619047619048 0.6214285714285714 0.011904761904761906 0.07142857142857142
0 0.7011904761904763 0.19285714285714284 0.01666666666666667 0.07142857142857142
0 0.1761904761904762 0.6214285714285714 0.009523809523809525 0.07142857142857142
0 0.38333333333333336 0.8857142857142857 0.014285714285714287 0.08571428571428572
0 0.029761904761904764 0.24285714285714285 0.011904761904761906 0.08571428571428572
0 0.28452380952380957 0.21428571428571427 0.011904761904761906 0.08571428571428572
0 0.9892857142857143 0.39999999999999997 0.011904761904761906 0.08571428571428572
0 0.48809523809523814 0.5428571428571428 0.01904761904761905 0.08571428571428572
0 0.09285714285714286 0.15 0.014285714285714287 0.04285714285714286
0 0.5904761904761905 0.6428571428571428 0.009523809523809525 0.11428571428571428
