1 0.325 0.5214285714285715 0.06904761904761905 0.44285714285714284
1 0.7428571428571429 0.3357142857142857 0.028571428571428574 0.21428571428571427
1 0.8488095238095239 0.17857142857142858 0.030952380952380953 0.24285714285714285
0 0.8035714285714286 0.42142857142857143 0.01666666666666667 0.21428571428571427
0 0.8571428571428572 0.8285714285714285 0.014285714285714287 0.05714285714285714
0 0.11309523809523811 0.44285714285714284 0.011904761904761906 0.08571428571428572
0 0.44523809523809527 0.35714285714285715 0.014285714285714287 0.08571428571428572
0 0.4642857142857143 0.9428571428571428 0.014285714285714287 0.05714285714285714
0 0.3916666666666667 0.40714285714285714 0.011904761904761906 0.07142857142857142
0 0.06904761904761905 0.5714285714285714 0.009523809523809525 0.05714285714285714
