1 0.6821428571428572 0.3071428571428571 0.03571428571428572 0.24285714285714285
0 0.7761904761904762 0.8571428571428571 0.014285714285714287 0.14285714285714285
0 0.35000000000000003 0.37142857142857144 0.009523809523809525 0.11428571428571428
0 0.18095238095238098 0.8571428571428571 0.009523809523809525 0.11428571428571428
0 0.9785714285714286 0.7142857142857143 0.014285714285714287 0.08571428571428572
1 0.04166666666666667 0.7142857142857143 0.01666666666666667 0.11428571428571428
0 0.27976190476190477 0.6928571428571428 0.01666666666666667 0.09999999999999999
0 0.7357142857142858 0.24285714285714285 0.01904761904761905 0.05714285714285714
0 0.07023809523809524 0.6 0.011904761904761906 0.05714285714285714
0 0.3321428571428572 0.5642857142857143 0.011904761904761906 0.07142857142857142
0 0.0035714285714285718 0.4928571428571428 0.0071428571428571435 0.07142857142857142
