1 0.2392857142857143 0.4714285714285714 0.026190476190476195 0.19999999999999998
1 0.35000000000000003 0.42857142857142855 0.02380952380952381 0.17142857142857143
1 0.42500000000000004 0.37142857142857144 0.026190476190476195 0.17142857142857143
0 0.015476190476190477 0.39999999999999997 0.01666666666666667 0.11428571428571428
0 0.13571428571428573 0.9214285714285714 0.014285714285714287 0.07142857142857142
0 0.46190476190476193 0.44285714285714284 0.009523809523809525 0.05714285714285714
0 0.14047619047619048 0.3214285714285714 0.014285714285714287 0.07142857142857142
0 0.6666666666666667 0.15 0.014285714285714287 0.07142857142857142
0 0.025 0.9357142857142857 0.011904761904761906 0.09999999999999999
0 0.21309523809523812 0.35 0.011904761904761906 0.07142857142857142
0 0.6071428571428572 0.6285714285714286 0.014285714285714287 0.08571428571428572
0 0.06904761904761905 0.5857142857142857 0.009523809523809525 0.05714285714285714
0 0.06904761904761905 0.049999999999999996 0.009523809523809525 0.09999999999999999
0 0.2416666666666667 0.7785714285714286 0.0071428571428571435 0.07142857142857142
0 0.2035714285714286 0.9142857142857143 0.011904761904761906 0.05714285714285714
0 0.6488095238095238 0.34285714285714286 0.0071428571428571435 0.05714285714285714
0 0.6333333333333334 0.37142857142857144 0.009523809523809525 0.08571428571428572
0 0.9904761904761905 0.39285714285714285 0.009523809523809525 0.07142857142857142
