0 0.7666666666666667 0.39999999999999997 0.02380952380952381 0.17142857142857143
0 0.5166666666666667 0.08571428571428572 0.014285714285714287 0.08571428571428572
0 0.07500000000000001 0.6285714285714286 0.02142857142857143 0.17142857142857143
0 0.11666666666666668 0.9428571428571428 0.014285714285714287 0.08571428571428572
0 0.9750000000000001 0.8214285714285714 0.011904761904761906 0.07142857142857142
0 0.5952380952380953 0.8428571428571429 0.0380952380952381 0.11428571428571428
0 0.15952380952380954 0.6428571428571428 0.014285714285714287 0.05714285714285714
0 0.24285714285714288 0.9 0.01904761904761905 0.08571428571428572
0 0.2654761904761905 0.4714285714285714 0.01666666666666667 0.08571428571428572
0 0.5654761904761906 0.75 0.01666666666666667 0.12857142857142856
1 0.9607142857142859 0.37857142857142856 0.03571428571428572 0.21428571428571427
0 0.3821428571428572 0.4357142857142857 0.03571428571428572 0.09999999999999999
0 0.19523809523809527 0.15 0.009523809523809525 0.09999999999999999
0 0.8916666666666667 0.75 0.01666666666666667 0.07142857142857142
0 0.6738095238095239 0.8928571428571428 0.01904761904761905 0.07142857142857142
0 0.4821428571428572 0.65 0.01666666666666667 0.09999999999999999
0 0.6714285714285715 0.21428571428571427 0.028571428571428574 0.08571428571428572
0 0.6416666666666667 0.6571428571428571 0.02142857142857143 0.08571428571428572
0 0.3880952380952381 0.5499999999999999 0.014285714285714287 0.04285714285714286
0 0.6321428571428572 0.2857142857142857 0.01666666666666667 0.11428571428571428
0 0.9892857142857143 0.39285714285714285 0.0071428571428571435 0.09999999999999999
