1 0.8928571428571429 0.8214285714285714 0.028571428571428574 0.18571428571428572
0 0.8488095238095239 0.1357142857142857 0.01666666666666667 0.09999999999999999
0 0.8226190476190477 0.5071428571428571 0.011904761904761906 0.07142857142857142
0 0.36071428571428577 0.8571428571428571 0.011904761904761906 0.11428571428571428
0 0.4916666666666667 0.37857142857142856 0.01666666666666667 0.12857142857142856
0 0.7142857142857143 0.20714285714285713 0.01904761904761905 0.09999999999999999
0 0.942857142857143 0.5214285714285715 0.014285714285714287 0.07142857142857142
0 0.22500000000000003 0.42857142857142855 0.011904761904761906 0.05714285714285714
0 0.4071428571428572 0.5428571428571428 0.009523809523809525 0.05714285714285714
0 0.014285714285714287 0.17857142857142858 0.014285714285714287 0.07142857142857142
