0 0.16071428571428573 0.17142857142857143 0.030952380952380953 0.11428571428571428
0 0.2690476190476191 0.35714285714285715 0.014285714285714287 0.14285714285714285
0 0.008333333333333335 0.44285714285714284 0.011904761904761906 0.05714285714285714
0 0.8833333333333334 0.8928571428571428 0.014285714285714287 0.09999999999999999
0 0.8738095238095239 0.6357142857142857 0.014285714285714287 0.15714285714285714
0 0.27380952380952384 0.6428571428571428 0.01904761904761905 0.05714285714285714
0 0.4964285714285715 0.5857142857142857 0.04047619047619048 0.3142857142857143
1 0.06785714285714287 0.6285714285714286 0.01666666666666667 0.14285714285714285
0 0.2380952380952381 0.4928571428571428 0.009523809523809525 0.07142857142857142
0 0.8500000000000001 0.39285714285714285 0.009523809523809525 0.12857142857142856
0 0.9416666666666668 0.5142857142857142 0.01666666666666667 0.14285714285714285
0 0.7214285714285715 0.35 0.014285714285714287 0.12857142857142856
0 0.8011904761904762 0.6214285714285714 0.01666666666666667 0.15714285714285714
0 0.6642857142857144 0.7428571428571429 0.014285714285714287 0.11428571428571428
0 0.6035714285714286 0.8928571428571428 0.02142857142857143 0.07142857142857142
0 0.255952380952381 0.15 0.01666666666666667 0.07142857142857142
0 0.6035714285714286 0.45714285714285713 0.02142857142857143 0.08571428571428572
0 0.9892857142857143 0.40714285714285714 0.011904761904761906 0.09999999999999999
0 0.7571428571428572 0.8357142857142857 0.014285714285714287 0.09999999999999999
