0 0.10238095238095239 0.5642857142857143 0.01904761904761905 0.09999999999999999
0 0.06904761904761905 0.7357142857142857 0.01904761904761905 0.07142857142857142
0 0.7511904761904763 0.8142857142857143 0.01666666666666667 0.08571428571428572
0 0.8214285714285715 0.6214285714285714 0.028571428571428574 0.09999999999999999
0 0.925 0.6857142857142857 0.011904761904761906 0.05714285714285714
1 0.5178571428571429 0.37142857142857144 0.030952380952380953 0.22857142857142856
0 0.7833333333333334 0.2785714285714286 0.014285714285714287 0.07142857142857142
0 0.6166666666666667 0.4928571428571428 0.014285714285714287 0.12857142857142856
0 0.41190476190476194 0.5142857142857142 0.01904761904761905 0.08571428571428572
0 0.027380952380952384 0.3 0.011904761904761906 0.08571428571428572
0 0.3321428571428572 0.95 0.01666666666666667 0.07142857142857142
0 0.6904761904761906 0.85 0.009523809523809525 0.07142857142857142
0 0.9904761904761905 0.39999999999999997 0.009523809523809525 0.08571428571428572
0 0.6238095238095238 0.15 0.014285714285714287 0.07142857142857142
0 0.7988095238095239 0.8214285714285714 0.011904761904761906 0.07142857142857142
0 0.861904761904762 0.20714285714285713 0.014285714285714287 0.07142857142857142
0 0.39047619047619053 0.8714285714285714 0.014285714285714287 0.14285714285714285
0 0.6071428571428572 0.8785714285714286 0.014285714285714287 0.07142857142857142
0 0.15714285714285717 0.6071428571428571 0.014285714285714287 0.07142857142857142
0 0.19285714285714287 0.7357142857142857 0.009523809523809525 0.09999999999999999
0 0.21071428571428574 0.6785714285714286 0.011904761904761906 0.07142857142857142
0 0.18214285714285716 0.5357142857142857 0.011904761904761906 0.09999999999999999
0 0.3154761904761905 0.19285714285714284 0.01666666666666667 0.09999999999999999
0 0.9273809523809524 0.4357142857142857 0.011904761904761906 0.07142857142857142
