1 0.605952380952381 0.42142857142857143 0.030952380952380953 0.21428571428571427
0 0.5238095238095238 0.37857142857142856 0.01904761904761905 0.12857142857142856
0 0.008333333333333335 0.02142857142857143 0.011904761904761906 0.04285714285714286
0 0.06904761904761905 0.2357142857142857 0.014285714285714287 0.09999999999999999
0 0.43690476190476196 0.40714285714285714 0.02142857142857143 0.15714285714285714
0 0.3297619047619048 0.6285714285714286 0.01666666666666667 0.08571428571428572
0 0.47380952380952385 0.4357142857142857 0.028571428571428574 0.18571428571428572
0 0.33571428571428574 0.25 0.014285714285714287 0.09999999999999999
0 0.0380952380952381 0.39999999999999997 0.02380952380952381 0.14285714285714285
0 0.2380952380952381 0.1357142857142857 0.009523809523809525 0.07142857142857142
0 0.8142857142857144 0.7928571428571428 0.009523809523809525 0.07142857142857142
0 0.8500000000000001 0.5214285714285715 0.009523809523809525 0.07142857142857142
0 0.9583333333333334 0.8142857142857143 0.011904761904761906 0.08571428571428572
0 0.9904761904761905 0.40714285714285714 0.009523809523809525 0.07142857142857142
