1 0.2833333333333334 0.40714285714285714 0.01904761904761905 0.15714285714285714
1 0.49404761904761907 0.34285714285714286 0.03571428571428572 0.22857142857142856
1 0.8797619047619049 0.2571428571428571 0.02142857142857143 0.14285714285714285
1 0.9797619047619048 0.32857142857142857 0.01666666666666667 0.11428571428571428
0 0.9904761904761905 0.5 0.014285714285714287 0.11428571428571428
0 0.9071428571428573 0.5785714285714285 0.01904761904761905 0.09999999999999999
0 0.6559523809523811 0.37142857142857144 0.011904761904761906 0.08571428571428572
0 0.29285714285714287 0.9428571428571428 0.014285714285714287 0.08571428571428572
0 0.730952380952381 0.4357142857142857 0.01904761904761905 0.09999999999999999
0 0.06547619047619048 0.5928571428571429 0.01666666666666667 0.07142857142857142
0 0.605952380952381 0.8785714285714286 0.01666666666666667 0.07142857142857142
0 0.2535714285714286 0.5928571428571429 0.0071428571428571435 0.07142857142857142
0 0.41190476190476194 0.7428571428571429 0.014285714285714287 0.11428571428571428
0 0.5238095238095238 0.44285714285714284 0.014285714285714287 0.08571428571428572
0 0.325 0.09999999999999999 0.011904761904761906 0.05714285714285714
