1 0.3119047619047619 0.5928571428571429 0.02380952380952381 0.18571428571428572
1 0.9666666666666668 0.35 0.02380952380952381 0.21428571428571427
1 0.9761904761904763 0.18571428571428572 0.02380952380952381 0.14285714285714285
0 0.8142857142857144 0.4357142857142857 0.009523809523809525 0.09999999999999999
0 0.8273809523809524 0.8428571428571429 0.011904761904761906 0.08571428571428572
0 0.3583333333333334 0.8571428571428571 0.011904761904761906 0.08571428571428572
0 0.06666666666666668 0.5928571428571429 0.009523809523809525 0.07142857142857142
0 0.6607142857142858 0.049999999999999996 0.011904761904761906 0.09999999999999999
0 0.5797619047619048 0.2571428571428571 0.0071428571428571435 0.05714285714285714
0 0.7238095238095239 0.4928571428571428 0.009523809523809525 0.07142857142857142
0 0.9380952380952382 0.6142857142857142 0.009523809523809525 0.08571428571428572
0 0.9904761904761905 0.40714285714285714 0.004761904761904762 0.07142857142857142
0 0.13571428571428573 0.7 0.004761904761904762 0.05714285714285714
0 0.6095238095238096 0.8714285714285714 0.009523809523809525 0.05714285714285714
0 0.7797619047619049 0.3142857142857143 0.0071428571428571435 0.05714285714285714
