1 0.1797619047619048 0.24285714285714285 0.026190476190476195 0.17142857142857143
0 0.38571428571428573 0.5571428571428572 0.014285714285714287 0.08571428571428572
0 0.06904761904761905 0.11428571428571428 0.014285714285714287 0.11428571428571428
0 0.9392857142857144 0.19999999999999998 0.01666666666666667 0.08571428571428572
0 0.6940476190476191 0.6642857142857143 0.01666666666666667 0.07142857142857142
1 0.9880952380952381 0.5928571428571429 0.01904761904761905 0.18571428571428572
0 0.2630952380952381 0.07142857142857142 0.01666666666666667 0.08571428571428572
0 0.034523809523809526 0.4357142857142857 0.0071428571428571435 0.07142857142857142
0 0.07261904761904762 0.5857142857142857 0.011904761904761906 0.08571428571428572
0 0.6845238095238095 0.1357142857142857 0.011904761904761906 0.09999999999999999
0 0.45000000000000007 0.45714285714285713 0.009523809523809525 0.08571428571428572
0 0.9154761904761906 0.24285714285714285 0.011904761904761906 0.05714285714285714
