1 0.28095238095238095 0.39999999999999997 0.028571428571428574 0.19999999999999998
0 0.675 0.10714285714285714 0.01666666666666667 0.07142857142857142
0 0.47261904761904766 0.7214285714285714 0.01666666666666667 0.12857142857142856
0 0.06785714285714287 0.5928571428571429 0.011904761904761906 0.07142857142857142
0 0.04285714285714286 0.06428571428571428 0.009523809523809525 0.07142857142857142
0 0.7047619047619048 0.44285714285714284 0.009523809523809525 0.08571428571428572
0 0.46547619047619054 0.24285714285714285 0.0071428571428571435 0.05714285714285714
0 0.1523809523809524 0.40714285714285714 0.009523809523809525 0.07142857142857142
0 0.24642857142857144 0.45714285714285713 0.0071428571428571435 0.08571428571428572
0 0.9785714285714286 0.5428571428571428 0.009523809523809525 0.05714285714285714
0 0.9904761904761905 0.40714285714285714 0.009523809523809525 0.07142857142857142
0 0.8166666666666668 0.5928571428571429 0.009523809523809525 0.07142857142857142
