0 0.9035714285714287 0.18571428571428572 0.011904761904761906 0.08571428571428572
0 0.5714285714285715 0.39999999999999997 0.009523809523809525 0.05714285714285714
0 0.5083333333333334 0.11428571428571428 0.011904761904761906 0.08571428571428572
0 0.3785714285714286 0.8142857142857143 0.009523809523809525 0.08571428571428572
1 0.4904761904761905 0.3142857142857143 0.028571428571428574 0.22857142857142856
0 0.7952380952380953 0.6785714285714286 0.014285714285714287 0.07142857142857142
0 0.6404761904761905 0.1357142857142857 0.02380952380952381 0.09999999999999999
0 0.9000000000000001 0.9642857142857143 0.009523809523809525 0.04285714285714286
0 0.10595238095238096 0.7642857142857142 0.011904761904761906 0.07142857142857142
1 0.22142857142857145 0.3857142857142857 0.01904761904761905 0.14285714285714285
0 0.27976190476190477 0.1357142857142857 0.01666666666666667 0.09999999999999999
0 0.9464285714285715 0.08571428571428572 0.01666666666666667 0.08571428571428572
0 0.9892857142857143 0.39285714285714285 0.0071428571428571435 0.09999999999999999
0 0.06785714285714287 0.5857142857142857 0.011904761904761906 0.11428571428571428
0 0.6642857142857144 0.6428571428571428 0.009523809523809525 0.11428571428571428
0 0.11904761904761905 0.45 0.01904761904761905 0.07142857142857142
