0 0.3178571428571429 0.7357142857142857 0.02142857142857143 0.3857142857142857
0 0.11190476190476191 0.7071428571428571 0.014285714285714287 0.07142857142857142
0 0.04404761904761905 0.8571428571428571 0.011904761904761906 0.11428571428571428
0 0.08095238095238096 0.25 0.01904761904761905 0.09999999999999999
0 0.6178571428571429 0.3857142857142857 0.01666666666666667 0.08571428571428572
0 0.6559523809523811 0.19999999999999998 0.030952380952380953 0.08571428571428572
0 0.9500000000000001 0.5142857142857142 0.02380952380952381 0.11428571428571428
0 0.7523809523809525 0.6642857142857143 0.01904761904761905 0.07142857142857142
0 0.7809523809523811 0.3071428571428571 0.014285714285714287 0.15714285714285714
0 0.026190476190476195 0.2785714285714286 0.014285714285714287 0.12857142857142856
0 0.3107142857142857 0.25 0.01666666666666667 0.12857142857142856
0 0.3880952380952381 0.85 0.014285714285714287 0.09999999999999999
0 0.9904761904761905 0.39999999999999997 0.009523809523809525 0.05714285714285714
0 0.9690476190476192 0.9214285714285714 0.014285714285714287 0.07142857142857142
0 0.955952380952381 0.7 0.0071428571428571435 0.08571428571428572
0 0.23214285714285715 0.18571428571428572 0.011904761904761906 0.08571428571428572
0 0.594047619047619 0.29285714285714287 0.011904761904761906 0.07142857142857142
0 0.7964285714285715 0.8785714285714286 0.011904761904761906 0.09999999999999999
