1 0.9833333333333334 0.32857142857142857 0.028571428571428574 0.2571428571428571
0 0.8345238095238096 0.2714285714285714 0.011904761904761906 0.08571428571428572
0 0.3273809523809524 0.24285714285714285 0.030952380952380953 0.14285714285714285
0 0.305952380952381 0.40714285714285714 0.011904761904761906 0.07142857142857142
0 0.048809523809523817 0.42142857142857143 0.011904761904761906 0.07142857142857142
0 0.2035714285714286 0.5428571428571428 0.011904761904761906 0.08571428571428572
0 0.06785714285714287 0.5785714285714285 0.0071428571428571435 0.07142857142857142
0 0.23333333333333336 0.7785714285714286 0.009523809523809525 0.07142857142857142
0 0.16071428571428573 0.95 0.0071428571428571435 0.07142857142857142
0 0.6547619047619048 0.5285714285714286 0.009523809523809525 0.11428571428571428
0 0.9190476190476191 0.22857142857142856 0.014285714285714287 0.08571428571428572
0 0.9880952380952381 0.95 0.009523809523809525 0.07142857142857142
