1 0.8380952380952382 0.3857142857142857 0.0380952380952381 0.3142857142857143
0 0.4821428571428572 0.16428571428571428 0.01666666666666667 0.07142857142857142
0 0.9107142857142858 0.6428571428571428 0.01666666666666667 0.11428571428571428
0 0.013095238095238097 0.37857142857142856 0.01666666666666667 0.09999999999999999
0 0.36904761904761907 0.5499999999999999 0.01904761904761905 0.07142857142857142
0 0.29523809523809524 0.3857142857142857 0.014285714285714287 0.05714285714285714
0 0.2035714285714286 0.20714285714285713 0.011904761904761906 0.07142857142857142
0 0.41190476190476194 0.9357142857142857 0.014285714285714287 0.07142857142857142
0 0.06666666666666668 0.5785714285714285 0.009523809523809525 0.07142857142857142
0 0.7797619047619049 0.7999999999999999 0.011904761904761906 0.05714285714285714
0 0.42261904761904767 0.7 0.011904761904761906 0.05714285714285714
1 0.9833333333333334 0.39999999999999997 0.01904761904761905 0.11428571428571428
