1 0.39761904761904765 0.5214285714285715 0.028571428571428574 0.21428571428571427
1 0.7690476190476191 0.4928571428571428 0.028571428571428574 0.18571428571428572
1 0.9440476190476191 0.5357142857142857 0.02142857142857143 0.15714285714285714
0 0.6166666666666667 0.5499999999999999 0.01904761904761905 0.09999999999999999
0 0.6000000000000001 0.8642857142857142 0.02380952380952381 0.07142857142857142
0 0.44642857142857145 0.2785714285714286 0.01666666666666667 0.09999999999999999
0 0.275 0.7428571428571429 0.011904761904761906 0.11428571428571428
0 0.028571428571428574 0.8428571428571429 0.014285714285714287 0.08571428571428572
0 0.07142857142857144 0.5785714285714285 0.009523809523809525 0.04285714285714286
0 0.2535714285714286 0.3071428571428571 0.011904761904761906 0.07142857142857142
0 0.8714285714285716 0.39999999999999997 0.014285714285714287 0.05714285714285714
0 0.8416666666666668 0.4714285714285714 0.01666666666666667 0.05714285714285714
0 0.5142857142857143 0.6285714285714286 0.009523809523809525 0.05714285714285714
0 0.9904761904761905 0.39999999999999997 0.009523809523809525 0.08571428571428572
0 0.7297619047619048 0.22857142857142856 0.011904761904761906 0.08571428571428572
0 0.1416666666666667 0.5785714285714285 0.011904761904761906 0.07142857142857142
0 0.7392857142857143 0.14285714285714285 0.011904761904761906 0.08571428571428572
