1 0.8488095238095239 0.4714285714285714 0.030952380952380953 0.19999999999999998
1 0.33333333333333337 0.5285714285714286 0.04285714285714286 0.34285714285714286
0 0.27261904761904765 0.5499999999999999 0.011904761904761906 0.07142857142857142
0 0.6095238095238096 0.8714285714285714 0.014285714285714287 0.05714285714285714
0 0.9452380952380953 0.8857142857142857 0.009523809523809525 0.08571428571428572
0 0.9583333333333334 0.17142857142857143 0.0071428571428571435 0.08571428571428572
0 0.06785714285714287 0.5857142857142857 0.011904761904761906 0.05714285714285714
0 0.20833333333333334 0.8785714285714286 0.011904761904761906 0.12857142857142856
0 0.4023809523809524 0.44285714285714284 0.014285714285714287 0.05714285714285714
0 0.4083333333333334 0.5499999999999999 0.011904761904761906 0.07142857142857142
