1 0.18095238095238098 0.9214285714285714 0.01904761904761905 0.09999999999999999
1 0.7142857142857143 0.44285714285714284 0.03333333333333334 0.22857142857142856
0 0.12142857142857144 0.8071428571428572 0.014285714285714287 0.09999999999999999
0 0.30714285714285716 0.5571428571428572 0.01904761904761905 0.08571428571428572
0 0.15357142857142858 0.29285714285714287 0.011904761904761906 0.09999999999999999
0 0.405952380952381 0.5214285714285715 0.011904761904761906 0.07142857142857142
0 0.8297619047619048 0.17857142857142858 0.011904761904761906 0.07142857142857142
0 0.9476190476190477 0.40714285714285714 0.014285714285714287 0.07142857142857142
0 0.029761904761904764 0.3142857142857143 0.0071428571428571435 0.08571428571428572
0 0.14880952380952384 0.6071428571428571 0.011904761904761906 0.07142857142857142
