0 0.6940476190476191 0.6571428571428571 0.02142857142857143 0.08571428571428572
0 0.9833333333333334 0.6428571428571428 0.014285714285714287 0.08571428571428572
1 0.8083333333333335 0.35 0.030952380952380953 0.24285714285714285
0 0.4797619047619048 0.9285714285714285 0.01666666666666667 0.11428571428571428
0 0.0642857142857143 0.17857142857142858 0.01904761904761905 0.09999999999999999
0 0.19642857142857145 0.8571428571428571 0.011904761904761906 0.08571428571428572
0 0.4678571428571429 0.6571428571428571 0.01666666666666667 0.08571428571428572
0 0.6047619047619048 0.8571428571428571 0.01904761904761905 0.05714285714285714
0 0.29523809523809524 0.4357142857142857 0.014285714285714287 0.07142857142857142
0 0.9892857142857143 0.39285714285714285 0.011904761904761906 0.09999999999999999
0 0.8523809523809525 0.5857142857142857 0.02380952380952381 0.08571428571428572
0 0.5321428571428571 0.3214285714285714 0.011904761904761906 0.07142857142857142
0 0.5690476190476191 0.6071428571428571 0.009523809523809525 0.07142857142857142
0 0.7547619047619049 0.7999999999999999 0.009523809523809525 0.14285714285714285
0 0.46071428571428574 0.35714285714285715 0.0071428571428571435 0.08571428571428572
0 0.37738095238095243 0.2785714285714286 0.011904761904761906 0.09999999999999999
0 0.01785714285714286 0.7785714285714286 0.011904761904761906 0.07142857142857142
