1 0.18095238095238098 0.37142857142857144 0.04761904761904762 0.37142857142857144
1 0.7928571428571429 0.45714285714285713 0.02380952380952381 0.17142857142857143
0 0.2404761904761905 0.5357142857142857 0.014285714285714287 0.09999999999999999
0 0.1761904761904762 0.09285714285714286 0.014285714285714287 0.07142857142857142
0 0.38571428571428573 0.7357142857142857 0.009523809523809525 0.07142857142857142
0 0.06666666666666668 0.5642857142857143 0.014285714285714287 0.07142857142857142
0 0.14404761904761906 0.39999999999999997 0.011904761904761906 0.08571428571428572
0 0.030952380952380953 0.06428571428571428 0.014285714285714287 0.07142857142857142
0 0.980952380952381 0.35714285714285715 0.009523809523809525 0.08571428571428572
0 0.9904761904761905 0.41428571428571426 0.009523809523809525 0.08571428571428572
0 0.8392857142857144 0.45714285714285713 0.011904761904761906 0.05714285714285714
