0 0.6976190476190477 0.16428571428571428 0.02380952380952381 0.12857142857142856
0 0.12261904761904763 0.5428571428571428 0.01666666666666667 0.11428571428571428
0 0.053571428571428575 0.3214285714285714 0.011904761904761906 0.09999999999999999
1 0.5845238095238096 0.10714285714285714 0.02142857142857143 0.18571428571428572
0 0.430952380952381 0.65 0.01904761904761905 0.09999999999999999
0 0.18809523809523812 0.4857142857142857 0.01904761904761905 0.11428571428571428
0 0.01904761904761905 0.4928571428571428 0.014285714285714287 0.12857142857142856
0 0.025 0.9357142857142857 0.011904761904761906 0.09999999999999999
0 0.9773809523809525 0.5857142857142857 0.011904761904761906 0.05714285714285714
0 0.9904761904761905 0.39285714285714285 0.009523809523809525 0.07142857142857142
0 0.1380952380952381 0.6428571428571428 0.014285714285714287 0.08571428571428572
0 0.6011904761904763 0.8714285714285714 0.026190476190476195 0.08571428571428572
0 0.8797619047619049 0.35714285714285715 0.011904761904761906 0.11428571428571428
0 0.04404761904761905 0.6857142857142857 0.02142857142857143 0.11428571428571428
0 0.33333333333333337 0.2857142857142857 0.01904761904761905 0.11428571428571428
0 0.5988095238095239 0.2785714285714286 0.011904761904761906 0.09999999999999999
