0 0.3166666666666667 0.35714285714285715 0.01904761904761905 0.08571428571428572
0 0.4154761904761905 0.41428571428571426 0.01666666666666667 0.11428571428571428
0 0.605952380952381 0.8857142857142857 0.030952380952380953 0.05714285714285714
0 0.842857142857143 0.7571428571428571 0.014285714285714287 0.11428571428571428
1 0.9000000000000001 0.6428571428571428 0.028571428571428574 0.19999999999999998
0 0.7726190476190476 0.5714285714285714 0.01666666666666667 0.08571428571428572
0 0.1523809523809524 0.4857142857142857 0.014285714285714287 0.14285714285714285
0 0.29404761904761906 0.6214285714285714 0.01666666666666667 0.09999999999999999
0 0.525 0.09285714285714286 0.011904761904761906 0.09999999999999999
0 0.9904761904761905 0.3857142857142857 0.014285714285714287 0.11428571428571428
0 0.8976190476190476 0.14285714285714285 0.009523809523809525 0.05714285714285714
0 0.8333333333333334 0.8928571428571428 0.01904761904761905 0.07142857142857142
0 0.7702380952380953 0.6928571428571428 0.01666666666666667 0.09999999999999999
0 0.048809523809523817 0.39285714285714285 0.011904761904761906 0.09999999999999999
0 0.10714285714285715 0.9 0.014285714285714287 0.08571428571428572
