1 0.014285714285714287 0.32857142857142857 0.028571428571428574 0.3142857142857143
0 0.04404761904761905 0.7214285714285714 0.011904761904761906 0.07142857142857142
0 0.22023809523809526 0.42857142857142855 0.01666666666666667 0.19999999999999998
0 0.29880952380952386 0.11428571428571428 0.01666666666666667 0.05714285714285714
0 0.4083333333333334 0.41428571428571426 0.01666666666666667 0.08571428571428572
0 0.5047619047619049 0.8857142857142857 0.009523809523809525 0.08571428571428572
0 0.5345238095238096 0.9428571428571428 0.01666666666666667 0.05714285714285714
0 0.6904761904761906 0.7999999999999999 0.014285714285714287 0.11428571428571428
0 0.5607142857142857 0.19285714285714284 0.01666666666666667 0.09999999999999999
0 0.06309523809523811 0.5857142857142857 0.01666666666666667 0.05714285714285714
0 0.14761904761904762 0.5357142857142857 0.01904761904761905 0.09999999999999999
0 0.8190476190476191 0.5428571428571428 0.014285714285714287 0.11428571428571428
0 0.2761904761904762 0.44285714285714284 0.028571428571428574 0.08571428571428572
0 0.5904761904761905 0.4928571428571428 0.01904761904761905 0.09999999999999999
0 0.6035714285714286 0.8714285714285714 0.02142857142857143 0.08571428571428572
0 0.9892857142857143 0.39285714285714285 0.011904761904761906 0.07142857142857142
0 0.8845238095238096 0.8285714285714285 0.01666666666666667 0.08571428571428572
