1 0.6916666666666668 0.5928571428571429 0.030952380952380953 0.21428571428571427
1 0.8761904761904763 0.25 0.03333333333333334 0.24285714285714285
0 0.5154761904761905 0.3357142857142857 0.011904761904761906 0.12857142857142856
0 0.35714285714285715 0.32857142857142857 0.009523809523809525 0.05714285714285714
0 0.9202380952380953 0.5714285714285714 0.011904761904761906 0.11428571428571428
0 0.1797619047619048 0.2714285714285714 0.0071428571428571435 0.08571428571428572
0 0.6083333333333334 0.8714285714285714 0.011904761904761906 0.05714285714285714
0 0.7107142857142857 0.21428571428571427 0.011904761904761906 0.05714285714285714
0 0.24523809523809526 0.3142857142857143 0.009523809523809525 0.05714285714285714
0 0.9916666666666668 0.39999999999999997 0.0071428571428571435 0.08571428571428572
0 0.2011904761904762 0.5642857142857143 0.0071428571428571435 0.04285714285714286
