1 0.28571428571428575 0.24285714285714285 0.03333333333333334 0.22857142857142856
1 0.42261904761904767 0.42142857142857143 0.02142857142857143 0.15714285714285714
1 0.7297619047619048 0.40714285714285714 0.030952380952380953 0.24285714285714285
0 0.2178571428571429 0.7214285714285714 0.01666666666666667 0.09999999999999999
0 0.36309523809523814 0.41428571428571426 0.03571428571428572 0.17142857142857143
0 0.1273809523809524 0.6 0.011904761904761906 0.08571428571428572
0 0.7535714285714287 0.7857142857142857 0.01666666666666667 0.11428571428571428
0 0.06904761904761905 0.6 0.014285714285714287 0.08571428571428572
0 0.37500000000000006 0.8571428571428571 0.01666666666666667 0.05714285714285714
0 0.9916666666666668 0.39999999999999997 0.011904761904761906 0.08571428571428572
0 0.8845238095238096 0.9285714285714285 0.011904761904761906 0.05714285714285714
