1 0.5690476190476191 0.6357142857142857 0.06666666666666668 0.5
1 0.6880952380952382 0.39999999999999997 0.02380952380952381 0.14285714285714285
0 0.1392857142857143 0.5071428571428571 0.011904761904761906 0.12857142857142856
0 0.036904761904761905 0.3357142857142857 0.011904761904761906 0.04285714285714286
0 0.022619047619047622 0.2571428571428571 0.01666666666666667 0.05714285714285714
0 0.47380952380952385 0.7428571428571429 0.03333333333333334 0.08571428571428572
0 0.4535714285714286 0.5214285714285715 0.01666666666666667 0.09999999999999999
0 0.045238095238095244 0.8142857142857143 0.014285714285714287 0.08571428571428572
0 0.6190476190476191 0.6142857142857142 0.01904761904761905 0.08571428571428572
0 0.6321428571428572 0.39285714285714285 0.04047619047619048 0.12857142857142856
0 0.20952380952380956 0.5571428571428572 0.009523809523809525 0.08571428571428572
0 0.9857142857142858 0.3857142857142857 0.02380952380952381 0.14285714285714285
0 0.25952380952380955 0.35714285714285715 0.01904761904761905 0.08571428571428572
0 0.24404761904761907 0.65 0.011904761904761906 0.09999999999999999
0 0.9000000000000001 0.6 0.014285714285714287 0.11428571428571428
0 0.5392857142857144 0.09285714285714286 0.01666666666666667 0.12857142857142856
0 0.605952380952381 0.8714285714285714 0.011904761904761906 0.08571428571428572
0 0.3392857142857143 0.8928571428571428 0.011904761904761906 0.07142857142857142
