0 0.14642857142857144 0.42857142857142855 0.02142857142857143 0.22857142857142856
0 0.09166666666666667 0.5071428571428571 0.011904761904761906 0.09999999999999999
0 0.6988095238095239 0.6142857142857142 0.01666666666666667 0.14285714285714285
0 0.6071428571428572 0.8928571428571428 0.02380952380952381 0.07142857142857142
0 0.8273809523809524 0.8142857142857143 0.01666666666666667 0.11428571428571428
0 0.9488095238095239 0.07142857142857142 0.030952380952380953 0.14285714285714285
0 0.1416666666666667 0.1357142857142857 0.01666666666666667 0.09999999999999999
0 0.9904761904761905 0.6285714285714286 0.014285714285714287 0.08571428571428572
0 0.9845238095238096 0.3857142857142857 0.02142857142857143 0.11428571428571428
0 0.5845238095238096 0.29285714285714287 0.011904761904761906 0.09999999999999999
0 0.9357142857142858 0.7285714285714285 0.01904761904761905 0.08571428571428572
0 0.07261904761904762 0.07142857142857142 0.011904761904761906 0.08571428571428572
0 0.325 0.2714285714285714 0.01666666666666667 0.08571428571428572
0 0.18214285714285716 0.3142857142857143 0.011904761904761906 0.08571428571428572
