1 0.1619047619047619 0.3142857142857143 0.0380952380952381 0.2571428571428571
0 0.755952380952381 0.17857142857142858 0.01666666666666667 0.09999999999999999
0 0.4964285714285715 0.5571428571428572 0.011904761904761906 0.11428571428571428
0 0.2380952380952381 0.2642857142857143 0.01904761904761905 0.15714285714285714
0 0.06547619047619048 0.8857142857142857 0.01666666666666667 0.11428571428571428
0 0.305952380952381 0.19999999999999998 0.01666666666666667 0.08571428571428572
0 0.9047619047619049 0.5928571428571429 0.014285714285714287 0.12857142857142856
0 0.6035714285714286 0.8785714285714286 0.01666666666666667 0.09999999999999999
0 0.3880952380952381 0.5142857142857142 0.014285714285714287 0.11428571428571428
0 0.6916666666666668 0.12857142857142856 0.011904761904761906 0.08571428571428572
0 0.6452380952380953 0.19285714285714284 0.014285714285714287 0.07142857142857142
0 0.16785714285714287 0.6785714285714286 0.01666666666666667 0.07142857142857142
