1 0.19285714285714287 0.3857142857142857 0.02380952380952381 0.17142857142857143
1 0.330952380952381 0.39999999999999997 0.028571428571428574 0.17142857142857143
1 0.7738095238095238 0.34285714285714286 0.02380952380952381 0.19999999999999998
1 0.9154761904761906 0.19285714285714284 0.02142857142857143 0.15714285714285714
0 0.511904761904762 0.4928571428571428 0.014285714285714287 0.15714285714285714
0 0.6845238095238095 0.02857142857142857 0.01666666666666667 0.05714285714285714
0 0.6107142857142858 0.8857142857142857 0.011904761904761906 0.05714285714285714
0 0.880952380952381 0.03571428571428571 0.014285714285714287 0.07142857142857142
0 0.4190476190476191 0.15 0.009523809523809525 0.07142857142857142
0 0.029761904761904764 0.9285714285714285 0.011904761904761906 0.05714285714285714
0 0.28571428571428575 0.8428571428571429 0.014285714285714287 0.08571428571428572
0 0.4571428571428572 0.25 0.014285714285714287 0.07142857142857142
0 0.29523809523809524 0.09285714285714286 0.014285714285714287 0.09999999999999999
0 0.06904761904761905 0.5785714285714285 0.014285714285714287 0.07142857142857142
0 0.9738095238095239 0.46428571428571425 0.014285714285714287 0.07142857142857142
