1 0.6333333333333334 0.5642857142857143 0.0380952380952381 0.24285714285714285
0 0.08928571428571429 0.5 0.02142857142857143 0.05714285714285714
0 0.23214285714285715 0.2642857142857143 0.02142857142857143 0.09999999999999999
0 0.3511904761904762 0.5142857142857142 0.01666666666666667 0.11428571428571428
0 0.44523809523809527 0.6071428571428571 0.014285714285714287 0.09999999999999999
0 0.5821428571428572 0.37857142857142856 0.02142857142857143 0.09999999999999999
0 0.9202380952380953 0.35 0.01666666666666667 0.07142857142857142
0 0.9285714285714286 0.05714285714285714 0.01904761904761905 0.08571428571428572
0 0.9380952380952382 0.7 0.014285714285714287 0.08571428571428572
0 0.8892857142857143 0.9142857142857143 0.02142857142857143 0.05714285714285714
0 0.5857142857142857 0.17142857142857143 0.01904761904761905 0.11428571428571428
0 0.17261904761904764 0.8214285714285714 0.02142857142857143 0.15714285714285714
0 0.5392857142857144 0.5499999999999999 0.030952380952380953 0.24285714285714285
0 0.43214285714285716 0.9071428571428571 0.011904761904761906 0.07142857142857142
0 0.17857142857142858 0.5428571428571428 0.014285714285714287 0.08571428571428572
0 0.1392857142857143 0.39999999999999997 0.011904761904761906 0.08571428571428572
0 0.011904761904761906 0.6357142857142857 0.02380952380952381 0.07142857142857142
0 0.06785714285714287 0.5785714285714285 0.01666666666666667 0.07142857142857142
0 0.2142857142857143 0.7714285714285714 0.009523809523809525 0.05714285714285714
0 0.8642857142857143 0.02857142857142857 0.014285714285714287 0.05714285714285714
0 0.9892857142857143 0.39285714285714285 0.011904761904761906 0.07142857142857142
0 0.6047619047619048 0.8642857142857142 0.01904761904761905 0.07142857142857142
0 0.8940476190476191 0.75 0.01666666666666667 0.09999999999999999
0 0.7285714285714286 0.15 0.009523809523809525 0.07142857142857142
0 0.8607142857142858 0.2785714285714286 0.026190476190476195 0.09999999999999999
0 0.06904761904761905 0.25 0.009523809523809525 0.09999999999999999
0 0.9821428571428572 0.5571428571428572 0.01666666666666667 0.14285714285714285
