0 0.9761904761904763 0.5357142857142857 0.014285714285714287 0.09999999999999999
0 0.6845238095238095 0.7428571428571429 0.01666666666666667 0.08571428571428572
0 0.5202380952380953 0.6357142857142857 0.02142857142857143 0.09999999999999999
0 0.2642857142857143 0.7071428571428571 0.014285714285714287 0.07142857142857142
0 0.13690476190476192 0.8214285714285714 0.02142857142857143 0.07142857142857142
0 0.09761904761904763 0.4714285714285714 0.04761904761904762 0.45714285714285713
0 0.48809523809523814 0.47857142857142854 0.01904761904761905 0.09999999999999999
0 0.0071428571428571435 0.2785714285714286 0.009523809523809525 0.09999999999999999
0 0.7273809523809525 0.5071428571428571 0.0071428571428571435 0.07142857142857142
0 0.6047619047619048 0.8714285714285714 0.014285714285714287 0.05714285714285714
0 0.48690476190476195 0.7071428571428571 0.01666666666666667 0.09999999999999999
0 0.22619047619047622 0.7928571428571428 0.014285714285714287 0.09999999999999999
0 0.6154761904761905 0.07857142857142857 0.01666666666666667 0.04285714285714286
0 0.65 0.11428571428571428 0.009523809523809525 0.05714285714285714
0 0.8880952380952382 0.8928571428571428 0.014285714285714287 0.07142857142857142
0 0.9892857142857143 0.39999999999999997 0.011904761904761906 0.08571428571428572
0 0.3928571428571429 0.39999999999999997 0.01904761904761905 0.11428571428571428
0 0.8297619047619048 0.5357142857142857 0.02142857142857143 0.09999999999999999
0 0.6654761904761906 0.20714285714285713 0.011904761904761906 0.07142857142857142
0 0.30119047619047623 0.8142857142857143 0.02142857142857143 0.08571428571428572
