1 0.8130952380952382 0.14285714285714285 0.030952380952380953 0.22857142857142856
0 0.8 0.8428571428571429 0.014285714285714287 0.08571428571428572
0 0.9642857142857144 0.42857142857142855 0.014285714285714287 0.08571428571428572
0 0.8761904761904763 0.15 0.01904761904761905 0.09999999999999999
0 0.17023809523809524 0.2714285714285714 0.01666666666666667 0.08571428571428572
0 0.027380952380952384 0.2857142857142857 0.0071428571428571435 0.05714285714285714
0 0.06904761904761905 0.5857142857142857 0.009523809523809525 0.05714285714285714
0 0.029761904761904764 0.9285714285714285 0.011904761904761906 0.05714285714285714
0 0.2571428571428572 0.5428571428571428 0.009523809523809525 0.05714285714285714
0 0.5690476190476191 0.6928571428571428 0.009523809523809525 0.09999999999999999
