1 0.30000000000000004 0.5285714285714286 0.05238095238095239 0.37142857142857144
1 0.5476190476190477 0.6214285714285714 0.02380952380952381 0.15714285714285714
0 0.20714285714285716 0.42142857142857143 0.014285714285714287 0.07142857142857142
0 0.20714285714285716 0.07857142857142857 0.014285714285714287 0.07142857142857142
0 0.5035714285714287 0.15 0.011904761904761906 0.09999999999999999
0 0.45238095238095244 0.1357142857142857 0.01904761904761905 0.07142857142857142
0 0.6511904761904762 0.5142857142857142 0.011904761904761906 0.08571428571428572
0 0.14404761904761906 0.9571428571428571 0.0071428571428571435 0.05714285714285714
0 0.5904761904761905 0.6857142857142857 0.014285714285714287 0.05714285714285714
0 0.4761904761904762 0.29285714285714287 0.009523809523809525 0.07142857142857142
0 0.8928571428571429 0.06428571428571428 0.009523809523809525 0.07142857142857142
0 0.9892857142857143 0.39285714285714285 0.011904761904761906 0.09999999999999999
0 0.6821428571428572 0.8928571428571428 0.011904761904761906 0.07142857142857142
