0 0.1904761904761905 0.5428571428571428 0.014285714285714287 0.11428571428571428
0 0.16666666666666669 0.9571428571428571 0.014285714285714287 0.05714285714285714
0 0.5404761904761906 0.5571428571428572 0.01904761904761905 0.11428571428571428
0 0.8404761904761906 0.7714285714285714 0.01904761904761905 0.17142857142857143
0 0.4345238095238096 0.5571428571428572 0.011904761904761906 0.05714285714285714
0 0.3916666666666667 0.41428571428571426 0.01666666666666667 0.11428571428571428
1 0.9476190476190477 0.5071428571428571 0.06190476190476191 0.4714285714285714
0 0.2154761904761905 0.8928571428571428 0.0071428571428571435 0.15714285714285714
0 0.8345238095238096 0.42142857142857143 0.01666666666666667 0.07142857142857142
0 0.6023809523809525 0.8785714285714286 0.02380952380952381 0.04285714285714286
0 0.6380952380952382 0.8571428571428571 0.014285714285714287 0.11428571428571428
0 0.7464285714285714 0.65 0.011904761904761906 0.07142857142857142
0 0.9321428571428573 0.85 0.011904761904761906 0.09999999999999999
0 0.4678571428571429 0.40714285714285714 0.02142857142857143 0.12857142857142856
0 0.47261904761904766 0.6142857142857142 0.01666666666666667 0.08571428571428572
0 0.8285714285714286 0.12142857142857143 0.01904761904761905 0.09999999999999999
0 0.6583333333333334 0.5357142857142857 0.01666666666666667 0.09999999999999999
0 0.3940476190476191 0.5571428571428572 0.011904761904761906 0.05714285714285714
0 0.06785714285714287 0.5714285714285714 0.026190476190476195 0.08571428571428572
0 0.9916666666666668 0.41428571428571426 0.0071428571428571435 0.08571428571428572
0 0.8892857142857143 0.8857142857142857 0.01666666666666667 0.08571428571428572
0 0.7797619047619049 0.7285714285714285 0.01666666666666667 0.14285714285714285
0 0.6988095238095239 0.3857142857142857 0.02142857142857143 0.11428571428571428
