1 0.3440476190476191 0.5 0.030952380952380953 0.17142857142857143
1 0.7440476190476191 0.45714285714285713 0.03571428571428572 0.22857142857142856
1 0.6916666666666668 0.5571428571428572 0.026190476190476195 0.14285714285714285
1 0.0071428571428571435 0.41428571428571426 0.014285714285714287 0.11428571428571428
0 0.5440476190476191 0.29285714285714287 0.011904761904761906 0.09999999999999999
0 0.23690476190476192 0.6071428571428571 0.011904761904761906 0.07142857142857142
0 0.03571428571428572 0.14285714285714285 0.014285714285714287 0.08571428571428572
0 0.07023809523809524 0.5642857142857143 0.011904761904761906 0.07142857142857142
0 0.10238095238095239 0.8214285714285714 0.009523809523809525 0.07142857142857142
0 0.1892857142857143 0.7714285714285714 0.011904761904761906 0.08571428571428572
0 0.2916666666666667 0.7 0.011904761904761906 0.05714285714285714
