1 0.21904761904761907 0.5714285714285714 0.02380952380952381 0.17142857142857143
1 0.3119047619047619 0.47857142857142854 0.0380952380952381 0.2714285714285714
0 0.8142857142857144 0.19999999999999998 0.009523809523809525 0.05714285714285714
0 0.4630952380952381 0.6357142857142857 0.011904761904761906 0.07142857142857142
0 0.2619047619047619 0.22857142857142856 0.009523809523809525 0.08571428571428572
0 0.23690476190476192 0.17857142857142858 0.011904761904761906 0.09999999999999999
0 0.036904761904761905 0.3214285714285714 0.011904761904761906 0.07142857142857142
0 0.6261904761904763 0.41428571428571426 0.014285714285714287 0.11428571428571428
0 0.4071428571428572 0.6428571428571428 0.014285714285714287 0.08571428571428572
0 0.1630952380952381 0.5 0.011904761904761906 0.05714285714285714
0 0.44642857142857145 0.37857142857142856 0.011904761904761906 0.12857142857142856
0 0.9916666666666668 0.39285714285714285 0.0071428571428571435 0.07142857142857142
