1 0.2785714285714286 0.3071428571428571 0.028571428571428574 0.15714285714285714
0 0.7333333333333334 0.7999999999999999 0.01904761904761905 0.05714285714285714
0 0.7226190476190477 0.17857142857142858 0.011904761904761906 0.15714285714285714
0 0.5821428571428572 0.3071428571428571 0.011904761904761906 0.09999999999999999
0 0.30833333333333335 0.5357142857142857 0.011904761904761906 0.07142857142857142
0 0.21904761904761907 0.10714285714285714 0.014285714285714287 0.09999999999999999
0 0.8142857142857144 0.35714285714285715 0.02380952380952381 0.05714285714285714
0 0.6047619047619048 0.34285714285714286 0.01904761904761905 0.08571428571428572
0 0.1797619047619048 0.2857142857142857 0.011904761904761906 0.08571428571428572
0 0.2547619047619048 0.6857142857142857 0.014285714285714287 0.02857142857142857
0 0.6476190476190476 0.7285714285714285 0.01904761904761905 0.11428571428571428
0 0.605952380952381 0.8714285714285714 0.01666666666666667 0.05714285714285714
0 0.8250000000000001 0.7928571428571428 0.01666666666666667 0.07142857142857142
0 0.06309523809523811 0.7428571428571429 0.01666666666666667 0.08571428571428572
