0 0.3547619047619048 0.37857142857142856 0.02380952380952381 0.12857142857142856
0 0.5023809523809524 0.4857142857142857 0.014285714285714287 0.17142857142857143
0 0.10476190476190478 0.39999999999999997 0.01904761904761905 0.11428571428571428
0 0.3440476190476191 0.7428571428571429 0.02142857142857143 0.08571428571428572
0 0.7773809523809525 0.37857142857142856 0.01666666666666667 0.07142857142857142
1 0.04404761904761905 0.44285714285714284 0.030952380952380953 0.22857142857142856
0 0.6214285714285714 0.5928571428571429 0.01904761904761905 0.09999999999999999
0 0.4797619047619048 0.09999999999999999 0.011904761904761906 0.08571428571428572
0 0.015476190476190477 0.16428571428571428 0.011904761904761906 0.07142857142857142
0 0.24404761904761907 0.3071428571428571 0.01666666666666667 0.07142857142857142
0 0.9916666666666668 0.8214285714285714 0.011904761904761906 0.07142857142857142
0 0.9880952380952381 0.39285714285714285 0.014285714285714287 0.07142857142857142
0 0.7119047619047619 0.7428571428571429 0.014285714285714287 0.11428571428571428
0 0.036904761904761905 0.15 0.011904761904761906 0.09999999999999999
0 0.32142857142857145 0.19999999999999998 0.01904761904761905 0.08571428571428572
0 0.026190476190476195 0.9214285714285714 0.014285714285714287 0.07142857142857142
0 0.23095238095238096 0.9428571428571428 0.014285714285714287 0.08571428571428572
0 0.36190476190476195 0.6571428571428571 0.014285714285714287 0.08571428571428572
0 0.37380952380952387 0.18571428571428572 0.01904761904761905 0.05714285714285714
