1 0.022619047619047622 0.34285714285714286 0.026190476190476195 0.17142857142857143
1 0.4845238095238096 0.22857142857142856 0.02142857142857143 0.14285714285714285
1 0.6916666666666668 0.5428571428571428 0.03571428571428572 0.2857142857142857
1 0.7845238095238096 0.6714285714285714 0.030952380952380953 0.22857142857142856
0 0.9404761904761906 0.6428571428571428 0.014285714285714287 0.08571428571428572
0 0.45238095238095244 0.4857142857142857 0.014285714285714287 0.08571428571428572
0 0.2654761904761905 0.8285714285714285 0.01666666666666667 0.08571428571428572
0 0.9392857142857144 0.4857142857142857 0.011904761904761906 0.08571428571428572
0 0.5654761904761906 0.45 0.01666666666666667 0.09999999999999999
0 0.027380952380952384 0.6642857142857143 0.011904761904761906 0.07142857142857142
0 0.3535714285714286 0.19999999999999998 0.011904761904761906 0.08571428571428572
