1 0.380952380952381 0.41428571428571426 0.02380952380952381 0.17142857142857143
0 0.11309523809523811 0.03571428571428571 0.011904761904761906 0.07142857142857142
0 0.29880952380952386 0.7071428571428571 0.011904761904761906 0.09999999999999999
0 0.9476190476190477 0.2571428571428571 0.02380952380952381 0.08571428571428572
0 0.9190476190476191 0.8142857142857143 0.014285714285714287 0.08571428571428572
0 0.9642857142857144 0.45714285714285713 0.014285714285714287 0.14285714285714285
0 0.7380952380952381 0.3 0.01904761904761905 0.08571428571428572
0 0.8642857142857143 0.8285714285714285 0.01904761904761905 0.14285714285714285
0 0.9916666666666668 0.40714285714285714 0.011904761904761906 0.07142857142857142
0 0.23095238095238096 0.7 0.014285714285714287 0.08571428571428572
0 0.8678571428571429 0.14285714285714285 0.02142857142857143 0.11428571428571428
0 0.6785714285714286 0.19285714285714284 0.01904761904761905 0.09999999999999999
0 0.38571428571428573 0.8142857142857143 0.014285714285714287 0.08571428571428572
0 0.06666666666666668 0.5 0.014285714285714287 0.08571428571428572
0 0.6035714285714286 0.8785714285714286 0.02142857142857143 0.07142857142857142
