1 0.47500000000000003 0.5214285714285715 0.030952380952380953 0.21428571428571427
0 0.07142857142857144 0.6071428571428571 0.009523809523809525 0.07142857142857142
0 0.3797619047619048 0.9071428571428571 0.011904761904761906 0.12857142857142856
0 0.32023809523809527 0.8357142857142857 0.011904761904761906 0.07142857142857142
0 0.7119047619047619 0.20714285714285713 0.014285714285714287 0.07142857142857142
0 0.9202380952380953 0.15714285714285714 0.011904761904761906 0.08571428571428572
0 0.013095238095238097 0.5214285714285715 0.011904761904761906 0.07142857142857142
0 0.775 0.09285714285714286 0.0071428571428571435 0.07142857142857142
0 0.7535714285714287 0.5785714285714285 0.0071428571428571435 0.04285714285714286
0 0.5416666666666667 0.7357142857142857 0.0071428571428571435 0.04285714285714286
