0 0.6464285714285715 0.9071428571428571 0.026190476190476195 0.07142857142857142
0 0.9607142857142859 0.5428571428571428 0.01666666666666667 0.11428571428571428
0 0.9702380952380953 0.07142857142857142 0.011904761904761906 0.14285714285714285
0 0.8261904761904763 0.8071428571428572 0.014285714285714287 0.09999999999999999
1 0.8916666666666667 0.36428571428571427 0.03571428571428572 0.2714285714285714
0 0.35595238095238096 0.42857142857142855 0.02142857142857143 0.08571428571428572
0 0.30714285714285716 0.7071428571428571 0.009523809523809525 0.09999999999999999
0 0.06547619047619048 0.5785714285714285 0.011904761904761906 0.07142857142857142
0 0.20595238095238097 0.12857142857142856 0.011904761904761906 0.05714285714285714
0 0.605952380952381 0.8785714285714286 0.01666666666666667 0.07142857142857142
0 0.8357142857142857 0.6285714285714286 0.014285714285714287 0.11428571428571428
0 0.8702380952380954 0.7 0.02142857142857143 0.08571428571428572
0 0.9892857142857143 0.40714285714285714 0.0071428571428571435 0.07142857142857142
0 0.42619047619047623 0.5428571428571428 0.014285714285714287 0.08571428571428572
0 0.0880952380952381 0.8714285714285714 0.014285714285714287 0.08571428571428572
