1 0.8047619047619048 0.7285714285714285 0.03333333333333334 0.19999999999999998
0 0.8321428571428572 0.2357142857142857 0.01666666666666667 0.07142857142857142
0 0.2380952380952381 0.12857142857142856 0.009523809523809525 0.08571428571428572
0 0.6130952380952381 0.6214285714285714 0.02142857142857143 0.09999999999999999
0 0.7500000000000001 0.9214285714285714 0.009523809523809525 0.09999999999999999
0 0.9285714285714286 0.7714285714285714 0.014285714285714287 0.08571428571428572
0 0.29523809523809524 0.6928571428571428 0.014285714285714287 0.09999999999999999
0 0.33333333333333337 0.8714285714285714 0.009523809523809525 0.05714285714285714
0 0.45238095238095244 0.6214285714285714 0.009523809523809525 0.07142857142857142
0 0.5107142857142858 0.8857142857142857 0.011904761904761906 0.08571428571428572
0 0.05238095238095239 0.8428571428571429 0.014285714285714287 0.08571428571428572
0 0.8011904761904762 0.47857142857142854 0.011904761904761906 0.04285714285714286
0 0.9904761904761905 0.42142857142857143 0.009523809523809525 0.09999999999999999
0 0.7678571428571429 0.6285714285714286 0.011904761904761906 0.08571428571428572
0 0.5464285714285715 0.39285714285714285 0.011904761904761906 0.07142857142857142
0 0.07023809523809524 0.5785714285714285 0.01666666666666667 0.04285714285714286
0 0.8500000000000001 0.4714285714285714 0.009523809523809525 0.05714285714285714
0 0.07857142857142858 0.15714285714285714 0.009523809523809525 0.05714285714285714
