1 0.4642857142857143 0.39285714285714285 0.028571428571428574 0.18571428571428572
0 0.7511904761904763 0.17142857142857143 0.011904761904761906 0.14285714285714285
0 0.12619047619047621 0.3142857142857143 0.014285714285714287 0.08571428571428572
0 0.6761904761904762 0.8642857142857142 0.014285714285714287 0.09999999999999999
0 0.6416666666666667 0.7428571428571429 0.011904761904761906 0.08571428571428572
0 0.4892857142857143 0.7714285714285714 0.011904761904761906 0.08571428571428572
0 0.7511904761904763 0.6857142857142857 0.011904761904761906 0.08571428571428572
0 0.15595238095238095 0.5 0.011904761904761906 0.05714285714285714
0 0.02380952380952381 0.9285714285714285 0.014285714285714287 0.08571428571428572
0 0.19404761904761905 0.41428571428571426 0.011904761904761906 0.08571428571428572
0 0.9916666666666668 0.42142857142857143 0.011904761904761906 0.07142857142857142
