0 0.4678571428571429 0.7214285714285714 0.01666666666666667 0.15714285714285714
0 0.7142857142857143 0.37142857142857144 0.014285714285714287 0.08571428571428572
0 0.7071428571428572 0.8142857142857143 0.014285714285714287 0.17142857142857143
1 0.8238095238095239 0.44285714285714284 0.05238095238095239 0.37142857142857144
0 0.5702380952380953 0.24285714285714285 0.011904761904761906 0.08571428571428572
0 0.4047619047619048 0.5285714285714286 0.009523809523809525 0.08571428571428572
0 0.3178571428571429 0.6857142857142857 0.011904761904761906 0.08571428571428572
0 0.12380952380952381 0.25 0.014285714285714287 0.09999999999999999
0 0.06666666666666668 0.5928571428571429 0.009523809523809525 0.09999999999999999
0 0.6976190476190477 0.2357142857142857 0.014285714285714287 0.09999999999999999
0 0.6321428571428572 0.17142857142857143 0.01666666666666667 0.11428571428571428
0 0.505952380952381 0.2714285714285714 0.011904761904761906 0.11428571428571428
0 0.9880952380952381 0.3857142857142857 0.009523809523809525 0.08571428571428572
0 0.10714285714285715 0.1357142857142857 0.028571428571428574 0.09999999999999999
0 0.18214285714285716 0.2785714285714286 0.011904761904761906 0.09999999999999999
