1 0.022619047619047622 0.5214285714285715 0.02142857142857143 0.15714285714285714
1 0.27261904761904765 0.44285714285714284 0.03571428571428572 0.2571428571428571
1 0.5095238095238096 0.5357142857142857 0.09047619047619049 0.7
1 0.6404761904761905 0.6428571428571428 0.01904761904761905 0.14285714285714285
1 0.9761904761904763 0.5071428571428571 0.04285714285714286 0.7857142857142857
1 0.3261904761904762 0.5214285714285715 0.01904761904761905 0.12857142857142856
0 0.3726190476190476 0.11428571428571428 0.011904761904761906 0.08571428571428572
0 0.03333333333333334 0.3071428571428571 0.014285714285714287 0.09999999999999999
0 0.7916666666666667 0.95 0.011904761904761906 0.07142857142857142
0 0.06785714285714287 0.05714285714285714 0.011904761904761906 0.08571428571428572
0 0.7488095238095239 0.5 0.04047619047619048 0.11428571428571428
0 0.7904761904761906 0.7071428571428571 0.01904761904761905 0.07142857142857142
0 0.5833333333333334 0.17142857142857143 0.014285714285714287 0.08571428571428572
0 0.23214285714285715 0.36428571428571427 0.01666666666666667 0.24285714285714285
0 0.030952380952380953 0.7285714285714285 0.02380952380952381 0.08571428571428572
0 0.7500000000000001 0.2785714285714286 0.01904761904761905 0.12857142857142856
0 0.605952380952381 0.85 0.01666666666666667 0.12857142857142856
