1 0.28452380952380957 0.5428571428571428 0.02142857142857143 0.14285714285714285
1 0.37500000000000006 0.5571428571428572 0.02142857142857143 0.14285714285714285
1 0.6880952380952382 0.45 0.028571428571428574 0.18571428571428572
1 0.6976190476190477 0.6071428571428571 0.03333333333333334 0.24285714285714285
1 0.7226190476190477 0.36428571428571427 0.030952380952380953 0.24285714285714285
1 0.9464285714285715 0.3857142857142857 0.03571428571428572 0.2857142857142857
0 0.4547619047619048 0.34285714285714286 0.014285714285714287 0.08571428571428572
0 0.5642857142857144 0.8285714285714285 0.01904761904761905 0.08571428571428572
0 0.8416666666666668 0.39999999999999997 0.01666666666666667 0.08571428571428572
0 0.24761904761904763 0.75 0.014285714285714287 0.07142857142857142
0 0.8964285714285715 0.6714285714285714 0.011904761904761906 0.08571428571428572
0 0.9702380952380953 0.6142857142857142 0.011904761904761906 0.08571428571428572
0 0.30952380952380953 0.21428571428571427 0.009523809523809525 0.05714285714285714
0 0.027380952380952384 0.9142857142857143 0.011904761904761906 0.05714285714285714
0 0.06904761904761905 0.5857142857142857 0.014285714285714287 0.05714285714285714
0 0.8190476190476191 0.75 0.009523809523809525 0.07142857142857142
0 0.967857142857143 0.12142857142857143 0.011904761904761906 0.04285714285714286
0 0.9916666666666668 0.39999999999999997 0.0071428571428571435 0.05714285714285714
0 0.3285714285714286 0.5499999999999999 0.009523809523809525 0.04285714285714286
0 0.21904761904761907 0.6285714285714286 0.009523809523809525 0.05714285714285714
0 0.6488095238095238 0.7714285714285714 0.0071428571428571435 0.05714285714285714
0 0.1392857142857143 0.5 0.0071428571428571435 0.08571428571428572
0 0.5738095238095239 0.5071428571428571 0.009523809523809525 0.07142857142857142
0 0.4 0.8714285714285714 0.009523809523809525 0.08571428571428572
