1 0.8547619047619048 0.41428571428571426 0.04285714285714286 0.2857142857142857
1 0.2571428571428572 0.5142857142857142 0.03333333333333334 0.22857142857142856
0 0.3869047619047619 0.5714285714285714 0.01666666666666667 0.08571428571428572
0 0.6392857142857143 0.8142857142857143 0.01666666666666667 0.08571428571428572
0 0.4833333333333334 0.29285714285714287 0.009523809523809525 0.09999999999999999
0 0.5190476190476191 0.15 0.009523809523809525 0.07142857142857142
0 0.9630952380952382 0.44285714285714284 0.011904761904761906 0.08571428571428572
0 0.07023809523809524 0.5857142857142857 0.011904761904761906 0.08571428571428572
0 0.18214285714285716 0.42857142857142855 0.011904761904761906 0.08571428571428572
0 0.6904761904761906 0.14285714285714285 0.014285714285714287 0.14285714285714285
0 0.44642857142857145 0.6714285714285714 0.01666666666666667 0.08571428571428572
