1 0.661904761904762 0.6071428571428571 0.03333333333333334 0.21428571428571427
0 0.46666666666666673 0.47857142857142854 0.01904761904761905 0.12857142857142856
0 0.8642857142857143 0.75 0.014285714285714287 0.09999999999999999
0 0.6892857142857144 0.7714285714285714 0.011904761904761906 0.08571428571428572
0 0.5797619047619048 0.07857142857142857 0.011904761904761906 0.09999999999999999
0 0.49523809523809526 0.8142857142857143 0.014285714285714287 0.08571428571428572
0 0.3523809523809524 0.41428571428571426 0.014285714285714287 0.08571428571428572
0 0.2761904761904762 0.2571428571428571 0.014285714285714287 0.08571428571428572
0 0.015476190476190477 0.34285714285714286 0.0071428571428571435 0.05714285714285714
0 0.06785714285714287 0.5785714285714285 0.011904761904761906 0.04285714285714286
0 0.19761904761904764 0.9357142857142857 0.014285714285714287 0.07142857142857142
0 0.9916666666666668 0.42142857142857143 0.0071428571428571435 0.07142857142857142
0 0.530952380952381 0.05714285714285714 0.009523809523809525 0.05714285714285714
