0 0.4035714285714286 0.6857142857142857 0.02142857142857143 0.17142857142857143
0 0.9714285714285715 0.18571428571428572 0.02380952380952381 0.08571428571428572
0 0.8595238095238096 0.8142857142857143 0.028571428571428574 0.11428571428571428
0 0.8702380952380954 0.5214285714285715 0.05952380952380953 0.3857142857142857
0 0.680952380952381 0.2857142857142857 0.01904761904761905 0.19999999999999998
0 0.06785714285714287 0.5785714285714285 0.01666666666666667 0.04285714285714286
0 0.09642857142857143 0.39999999999999997 0.011904761904761906 0.11428571428571428
0 0.15833333333333335 0.47857142857142854 0.011904761904761906 0.07142857142857142
0 0.7392857142857143 0.40714285714285714 0.01666666666666667 0.09999999999999999
0 0.6035714285714286 0.8714285714285714 0.026190476190476195 0.08571428571428572
0 0.40952380952380957 0.11428571428571428 0.009523809523809525 0.05714285714285714
0 0.5761904761904763 0.10714285714285714 0.014285714285714287 0.09999999999999999
