1 0.39880952380952384 0.6214285714285714 0.03571428571428572 0.24285714285714285
0 0.5857142857142857 0.7428571428571429 0.02380952380952381 0.17142857142857143
0 0.8285714285714286 0.12857142857142856 0.014285714285714287 0.08571428571428572
0 0.15952380952380954 0.39999999999999997 0.014285714285714287 0.08571428571428572
0 0.004761904761904762 0.2785714285714286 0.009523809523809525 0.07142857142857142
0 0.011904761904761906 0.39999999999999997 0.014285714285714287 0.05714285714285714
0 0.18452380952380953 0.46428571428571425 0.01666666666666667 0.07142857142857142
0 0.305952380952381 0.8214285714285714 0.011904761904761906 0.12857142857142856
0 0.33333333333333337 0.5142857142857142 0.014285714285714287 0.08571428571428572
0 0.7345238095238096 0.06428571428571428 0.02142857142857143 0.07142857142857142
0 0.6071428571428572 0.8642857142857142 0.014285714285714287 0.04285714285714286
0 0.4214285714285715 0.5499999999999999 0.009523809523809525 0.07142857142857142
0 0.24404761904761907 0.6 0.011904761904761906 0.11428571428571428
0 0.5047619047619049 0.47857142857142854 0.01904761904761905 0.07142857142857142
0 0.1 0.5142857142857142 0.009523809523809525 0.11428571428571428
0 0.9833333333333334 0.37857142857142856 0.02380952380952381 0.09999999999999999
0 0.07261904761904762 0.6714285714285714 0.011904761904761906 0.08571428571428572
