1 0.7440476190476191 0.47857142857142854 0.030952380952380953 0.21428571428571427
1 0.2773809523809524 0.37857142857142856 0.05 0.32857142857142857
0 0.2035714285714286 0.4928571428571428 0.01666666666666667 0.07142857142857142
0 0.5857142857142857 0.22857142857142856 0.014285714285714287 0.08571428571428572
0 0.7714285714285715 0.24285714285714285 0.014285714285714287 0.08571428571428572
0 0.45000000000000007 0.6 0.009523809523809525 0.08571428571428572
0 0.29404761904761906 0.7785714285714286 0.01666666666666667 0.09999999999999999
0 0.13214285714285715 0.5 0.0071428571428571435 0.05714285714285714
0 0.9630952380952382 0.7428571428571429 0.0071428571428571435 0.08571428571428572
0 0.07738095238095238 0.7642857142857142 0.011904761904761906 0.07142857142857142
0 0.7738095238095238 0.7214285714285714 0.004761904761904762 0.04285714285714286
0 0.4285714285714286 0.8214285714285714 0.009523809523809525 0.07142857142857142
0 0.9904761904761905 0.39285714285714285 0.014285714285714287 0.09999999999999999
0 0.1392857142857143 0.36428571428571427 0.011904761904761906 0.12857142857142856
