0 0.786904761904762 0.8928571428571428 0.01666666666666667 0.09999999999999999
0 0.4630952380952381 0.09285714285714286 0.011904761904761906 0.07142857142857142
0 0.7785714285714287 0.2357142857142857 0.01904761904761905 0.07142857142857142
0 0.6797619047619048 0.44285714285714284 0.026190476190476195 0.05714285714285714
0 0.27976190476190477 0.6285714285714286 0.01666666666666667 0.05714285714285714
1 0.7071428571428572 0.8214285714285714 0.01904761904761905 0.15714285714285714
0 0.02380952380952381 0.6571428571428571 0.009523809523809525 0.11428571428571428
0 0.24285714285714288 0.8428571428571429 0.014285714285714287 0.08571428571428572
0 0.6047619047619048 0.8714285714285714 0.01904761904761905 0.08571428571428572
0 0.5392857142857144 0.3142857142857143 0.011904761904761906 0.08571428571428572
0 0.5130952380952382 0.17857142857142858 0.011904761904761906 0.09999999999999999
0 0.7142857142857143 0.20714285714285713 0.014285714285714287 0.07142857142857142
0 0.8392857142857144 0.7428571428571429 0.011904761904761906 0.05714285714285714
0 0.23333333333333336 0.19999999999999998 0.009523809523809525 0.08571428571428572
0 0.06666666666666668 0.37142857142857144 0.014285714285714287 0.11428571428571428
0 0.7702380952380953 0.5714285714285714 0.01666666666666667 0.05714285714285714
