1 0.36904761904761907 0.5928571428571429 0.03333333333333334 0.2714285714285714
0 0.17500000000000002 0.5499999999999999 0.02142857142857143 0.09999999999999999
0 0.5714285714285715 0.8214285714285714 0.014285714285714287 0.07142857142857142
0 0.805952380952381 0.8071428571428572 0.01666666666666667 0.07142857142857142
0 0.9500000000000001 0.6 0.014285714285714287 0.08571428571428572
0 0.06904761904761905 0.3357142857142857 0.014285714285714287 0.07142857142857142
0 0.7119047619047619 0.4357142857142857 0.014285714285714287 0.07142857142857142
0 0.65 0.21428571428571427 0.014285714285714287 0.08571428571428572
1 0.32023809523809527 0.40714285714285714 0.01666666666666667 0.12857142857142856
0 0.7535714285714287 0.8857142857142857 0.011904761904761906 0.05714285714285714
0 0.7226190476190477 0.65 0.011904761904761906 0.07142857142857142
0 0.980952380952381 0.8285714285714285 0.014285714285714287 0.05714285714285714
