1 0.5797619047619048 0.3142857142857143 0.02142857142857143 0.14285714285714285
1 0.7166666666666668 0.5642857142857143 0.04761904761904762 0.35714285714285715
0 0.7726190476190476 0.5 0.01666666666666667 0.08571428571428572
0 0.8440476190476192 0.19999999999999998 0.01666666666666667 0.11428571428571428
0 0.08571428571428572 0.75 0.014285714285714287 0.12857142857142856
0 0.925 0.18571428571428572 0.01666666666666667 0.08571428571428572
0 0.7238095238095239 0.15714285714285714 0.014285714285714287 0.08571428571428572
0 0.55 0.47857142857142854 0.01904761904761905 0.07142857142857142
0 0.4214285714285715 0.9428571428571428 0.014285714285714287 0.05714285714285714
0 0.3678571428571429 0.35714285714285715 0.0071428571428571435 0.08571428571428572
0 0.5702380952380953 0.8285714285714285 0.011904761904761906 0.08571428571428572
0 0.9642857142857144 0.8785714285714286 0.009523809523809525 0.07142857142857142
