1 0.4904761904761905 0.39285714285714285 0.0380952380952381 0.2714285714285714
0 0.9821428571428572 0.32857142857142857 0.011904761904761906 0.11428571428571428
0 0.8547619047619048 0.39999999999999997 0.014285714285714287 0.11428571428571428
0 0.4571428571428572 0.2571428571428571 0.014285714285714287 0.05714285714285714
0 0.33690476190476193 0.7857142857142857 0.011904761904761906 0.05714285714285714
0 0.5750000000000001 0.29285714285714287 0.011904761904761906 0.07142857142857142
0 0.1285714285714286 0.5928571428571429 0.01904761904761905 0.09999999999999999
0 0.06547619047619048 0.1357142857142857 0.01666666666666667 0.09999999999999999
0 0.8333333333333334 0.5928571428571429 0.014285714285714287 0.09999999999999999
0 0.7964285714285715 0.7999999999999999 0.0071428571428571435 0.08571428571428572
0 0.6047619047619048 0.8785714285714286 0.01904761904761905 0.04285714285714286
0 0.3642857142857143 0.3 0.009523809523809525 0.17142857142857143
0 0.7214285714285715 0.6928571428571428 0.014285714285714287 0.07142857142857142
0 0.19523809523809527 0.12857142857142856 0.009523809523809525 0.14285714285714285
0 0.7988095238095239 0.08571428571428572 0.011904761904761906 0.08571428571428572
0 0.9440476190476191 0.6142857142857142 0.02142857142857143 0.14285714285714285
0 0.7130952380952381 0.8714285714285714 0.01666666666666667 0.14285714285714285
0 0.7190476190476192 0.5285714285714286 0.028571428571428574 0.11428571428571428
