1 0.3797619047619048 0.41428571428571426 0.030952380952380953 0.19999999999999998
1 0.42500000000000004 0.34285714285714286 0.02142857142857143 0.14285714285714285
0 0.3035714285714286 0.37142857142857144 0.011904761904761906 0.11428571428571428
0 0.6154761904761905 0.34285714285714286 0.011904761904761906 0.08571428571428572
0 0.35000000000000003 0.7357142857142857 0.014285714285714287 0.09999999999999999
0 0.3797619047619048 0.8428571428571429 0.011904761904761906 0.11428571428571428
0 0.7333333333333334 0.5071428571428571 0.009523809523809525 0.07142857142857142
0 0.6071428571428572 0.8714285714285714 0.009523809523809525 0.05714285714285714
0 0.8511904761904763 0.9142857142857143 0.011904761904761906 0.05714285714285714
0 0.9916666666666668 0.39999999999999997 0.011904761904761906 0.05714285714285714
0 0.2773809523809524 0.37142857142857144 0.011904761904761906 0.05714285714285714
0 0.3023809523809524 0.014285714285714285 0.009523809523809525 0.02857142857142857
