1 0.42619047619047623 0.24285714285714285 0.04285714285714286 0.34285714285714286
1 0.5071428571428572 0.6142857142857142 0.03333333333333334 0.22857142857142856
0 0.9035714285714287 0.07857142857142857 0.011904761904761906 0.07142857142857142
0 0.1011904761904762 0.2642857142857143 0.01666666666666667 0.09999999999999999
0 0.1797619047619048 0.6357142857142857 0.011904761904761906 0.07142857142857142
0 0.275 0.5214285714285715 0.011904761904761906 0.07142857142857142
0 0.6630952380952382 0.5714285714285714 0.01666666666666667 0.11428571428571428
0 0.22380952380952382 0.29285714285714287 0.014285714285714287 0.09999999999999999
0 0.4690476190476191 0.8642857142857142 0.014285714285714287 0.07142857142857142
0 0.028571428571428574 0.9428571428571428 0.014285714285714287 0.05714285714285714
0 0.20714285714285716 0.6428571428571428 0.009523809523809525 0.05714285714285714
0 0.6071428571428572 0.8785714285714286 0.014285714285714287 0.07142857142857142
0 0.7690476190476191 0.19285714285714284 0.009523809523809525 0.07142857142857142
0 0.9904761904761905 0.39285714285714285 0.009523809523809525 0.07142857142857142
0 0.06666666666666668 0.5714285714285714 0.014285714285714287 0.05714285714285714
