0 0.46071428571428574 0.5285714285714286 0.01666666666666667 0.08571428571428572
0 0.8071428571428572 0.19999999999999998 0.014285714285714287 0.08571428571428572
0 0.8380952380952382 0.5499999999999999 0.014285714285714287 0.07142857142857142
0 0.9357142857142858 0.22857142857142856 0.014285714285714287 0.08571428571428572
1 0.8571428571428572 0.4857142857142857 0.028571428571428574 0.14285714285714285
0 0.18333333333333335 0.95 0.014285714285714287 0.07142857142857142
0 0.5452380952380953 0.5214285714285715 0.01904761904761905 0.09999999999999999
0 0.7380952380952381 0.42857142857142855 0.01904761904761905 0.11428571428571428
0 0.07261904761904762 0.6214285714285714 0.01666666666666667 0.12857142857142856
0 0.28690476190476194 0.6642857142857143 0.026190476190476195 0.18571428571428572
0 0.10714285714285715 0.5857142857142857 0.02380952380952381 0.08571428571428572
0 0.37738095238095243 0.5428571428571428 0.011904761904761906 0.08571428571428572
0 0.4071428571428572 0.39999999999999997 0.014285714285714287 0.11428571428571428
0 0.330952380952381 0.8285714285714285 0.02380952380952381 0.11428571428571428
0 0.9571428571428572 0.7214285714285714 0.009523809523809525 0.15714285714285714
0 0.16904761904761906 0.47857142857142854 0.01904761904761905 0.12857142857142856
0 0.7892857142857144 0.24285714285714285 0.01666666666666667 0.11428571428571428
0 0.6071428571428572 0.8857142857142857 0.02380952380952381 0.08571428571428572
