1 0.8571428571428572 0.3214285714285714 0.02380952380952381 0.15714285714285714
0 0.5785714285714286 0.5857142857142857 0.014285714285714287 0.08571428571428572
0 0.405952380952381 0.44285714285714284 0.01666666666666667 0.11428571428571428
0 0.22261904761904763 0.5 0.011904761904761906 0.08571428571428572
0 0.1273809523809524 0.6571428571428571 0.011904761904761906 0.08571428571428572
0 0.46071428571428574 0.09999999999999999 0.011904761904761906 0.05714285714285714
0 0.6904761904761906 0.5142857142857142 0.02380952380952381 0.11428571428571428
0 0.48690476190476195 0.17142857142857143 0.011904761904761906 0.08571428571428572
0 0.10833333333333334 0.75 0.01666666666666667 0.09999999999999999
0 0.17142857142857143 0.049999999999999996 0.009523809523809525 0.07142857142857142
0 0.6047619047619048 0.8785714285714286 0.02380952380952381 0.07142857142857142
0 0.8190476190476191 0.47857142857142854 0.014285714285714287 0.09999999999999999
0 0.8166666666666668 0.8142857142857143 0.014285714285714287 0.05714285714285714
0 0.7773809523809525 0.15 0.011904761904761906 0.09999999999999999
0 0.9880952380952381 0.39285714285714285 0.009523809523809525 0.07142857142857142
0 0.3535714285714286 0.5071428571428571 0.02142857142857143 0.12857142857142856
0 0.15595238095238095 0.7214285714285714 0.011904761904761906 0.12857142857142856
0 0.12261904761904763 0.85 0.011904761904761906 0.07142857142857142
0 0.25952380952380955 0.5214285714285715 0.0380952380952381 0.35714285714285715
0 0.505952380952381 0.6285714285714286 0.02142857142857143 0.14285714285714285
