1 0.6654761904761906 0.3214285714285714 0.030952380952380953 0.18571428571428572
0 0.3404761904761905 0.19285714285714284 0.014285714285714287 0.07142857142857142
0 0.3285714285714286 0.6142857142857142 0.009523809523809525 0.11428571428571428
0 0.9880952380952381 0.7428571428571429 0.014285714285714287 0.08571428571428572
0 0.7488095238095239 0.3071428571428571 0.011904761904761906 0.12857142857142856
0 0.4047619047619048 0.4714285714285714 0.014285714285714287 0.08571428571428572
0 0.16904761904761906 0.17142857142857143 0.009523809523809525 0.05714285714285714
0 0.15357142857142858 0.19999999999999998 0.011904761904761906 0.08571428571428572
0 0.13095238095238096 0.45714285714285713 0.014285714285714287 0.05714285714285714
0 0.7238095238095239 0.07142857142857142 0.014285714285714287 0.05714285714285714
0 0.6666666666666667 0.7142857142857143 0.009523809523809525 0.05714285714285714
