0 0.35000000000000003 0.5071428571428571 0.014285714285714287 0.24285714285714285
0 0.8500000000000001 0.6285714285714286 0.014285714285714287 0.11428571428571428
0 0.5797619047619048 0.7214285714285714 0.01666666666666667 0.07142857142857142
0 0.06785714285714287 0.6142857142857142 0.01666666666666667 0.14285714285714285
0 0.24523809523809526 0.12142857142857143 0.014285714285714287 0.09999999999999999
0 0.7940476190476191 0.3357142857142857 0.02142857142857143 0.09999999999999999
0 0.2547619047619048 0.7357142857142857 0.014285714285714287 0.09999999999999999
0 0.014285714285714287 0.06428571428571428 0.014285714285714287 0.09999999999999999
0 0.6071428571428572 0.8642857142857142 0.01904761904761905 0.07142857142857142
0 0.9892857142857143 0.39285714285714285 0.0071428571428571435 0.07142857142857142
0 0.026190476190476195 0.9285714285714285 0.009523809523809525 0.08571428571428572
0 0.21190476190476193 0.7357142857142857 0.014285714285714287 0.09999999999999999
0 0.14642857142857144 0.4928571428571428 0.02142857142857143 0.12857142857142856
0 0.7416666666666667 0.3142857142857143 0.01666666666666667 0.05714285714285714
