1 0.2023809523809524 0.19999999999999998 0.03333333333333334 0.22857142857142856
1 0.325 0.7071428571428571 0.02142857142857143 0.15714285714285714
1 0.43809523809523815 0.07142857142857142 0.01904761904761905 0.11428571428571428
0 0.5261904761904762 0.65 0.014285714285714287 0.12857142857142856
0 0.7714285714285715 0.6357142857142857 0.014285714285714287 0.09999999999999999
0 0.23214285714285715 0.5071428571428571 0.01666666666666667 0.09999999999999999
0 0.480952380952381 0.7642857142857142 0.014285714285714287 0.09999999999999999
0 0.980952380952381 0.5285714285714286 0.014285714285714287 0.08571428571428572
0 0.20833333333333334 0.6928571428571428 0.01666666666666667 0.07142857142857142
0 0.7547619047619049 0.2357142857142857 0.009523809523809525 0.07142857142857142
0 0.06904761904761905 0.5928571428571429 0.009523809523809525 0.07142857142857142
0 0.028571428571428574 0.9357142857142857 0.014285714285714287 0.07142857142857142
