1 0.4428571428571429 0.3 0.02380952380952381 0.17142857142857143
1 0.6261904761904763 0.2571428571428571 0.028571428571428574 0.22857142857142856
1 0.7607142857142858 0.5642857142857143 0.026190476190476195 0.21428571428571427
0 0.5642857142857144 0.2714285714285714 0.014285714285714287 0.11428571428571428
0 0.567857142857143 0.8214285714285714 0.02142857142857143 0.09999999999999999
0 0.07261904761904762 0.6642857142857143 0.01666666666666667 0.09999999999999999
0 0.7047619047619048 0.7928571428571428 0.009523809523809525 0.07142857142857142
0 0.9095238095238096 0.45 0.009523809523809525 0.07142857142857142
0 0.9476190476190477 0.6071428571428571 0.009523809523809525 0.09999999999999999
0 0.9785714285714286 0.17857142857142858 0.009523809523809525 0.07142857142857142
0 0.9892857142857143 0.40714285714285714 0.011904761904761906 0.07142857142857142
