1 0.3666666666666667 0.39285714285714285 0.03333333333333334 0.21428571428571427
1 0.5095238095238096 0.40714285714285714 0.01904761904761905 0.15714285714285714
0 0.28571428571428575 0.7857142857142857 0.014285714285714287 0.08571428571428572
0 0.8511904761904763 0.8214285714285714 0.011904761904761906 0.09999999999999999
0 0.1416666666666667 0.7642857142857142 0.011904761904761906 0.07142857142857142
0 0.775 0.2714285714285714 0.01666666666666667 0.08571428571428572
0 0.9309523809523811 0.3357142857142857 0.009523809523809525 0.09999999999999999
0 0.07023809523809524 0.5785714285714285 0.01666666666666667 0.04285714285714286
0 0.026190476190476195 0.9285714285714285 0.014285714285714287 0.05714285714285714
0 0.19523809523809527 0.3071428571428571 0.014285714285714287 0.07142857142857142
0 0.17023809523809524 0.14285714285714285 0.011904761904761906 0.05714285714285714
0 0.46666666666666673 0.39999999999999997 0.009523809523809525 0.08571428571428572
0 0.7702380952380953 0.5071428571428571 0.011904761904761906 0.09999999999999999
0 0.9714285714285715 0.5571428571428572 0.014285714285714287 0.05714285714285714
