1 0.605952380952381 0.9071428571428571 0.026190476190476195 0.15714285714285714
0 0.0380952380952381 0.6428571428571428 0.01904761904761905 0.14285714285714285
0 0.3678571428571429 0.5714285714285714 0.01666666666666667 0.08571428571428572
0 0.8583333333333334 0.5714285714285714 0.011904761904761906 0.11428571428571428
0 0.07261904761904762 0.2357142857142857 0.011904761904761906 0.09999999999999999
0 0.6988095238095239 0.6428571428571428 0.011904761904761906 0.08571428571428572
0 0.30714285714285716 0.5428571428571428 0.014285714285714287 0.08571428571428572
1 0.005952380952380953 0.1357142857142857 0.011904761904761906 0.24285714285714285
0 0.42380952380952386 0.7285714285714285 0.009523809523809525 0.05714285714285714
0 0.8976190476190476 0.22142857142857142 0.014285714285714287 0.07142857142857142
0 0.16904761904761906 0.14285714285714285 0.009523809523809525 0.05714285714285714
