0 0.36309523809523814 0.9357142857142857 0.01666666666666667 0.07142857142857142
0 0.5976190476190477 0.7928571428571428 0.02380952380952381 0.21428571428571427
0 0.5452380952380953 0.4857142857142857 0.014285714285714287 0.08571428571428572
0 0.7250000000000001 0.65 0.011904761904761906 0.07142857142857142
0 0.22619047619047622 0.5142857142857142 0.014285714285714287 0.08571428571428572
0 0.7988095238095239 0.7642857142857142 0.011904761904761906 0.07142857142857142
1 0.9750000000000001 0.4928571428571428 0.045238095238095244 0.35714285714285715
0 0.1797619047619048 0.7571428571428571 0.01666666666666667 0.08571428571428572
0 0.15833333333333335 0.8642857142857142 0.011904761904761906 0.07142857142857142
0 0.5202380952380953 0.6857142857142857 0.01666666666666667 0.05714285714285714
0 0.6190476190476191 0.36428571428571427 0.009523809523809525 0.09999999999999999
0 0.9642857142857144 0.07142857142857142 0.02380952380952381 0.08571428571428572
0 0.7785714285714287 0.5571428571428572 0.014285714285714287 0.11428571428571428
0 0.5690476190476191 0.6642857142857143 0.014285714285714287 0.07142857142857142
0 0.47261904761904766 0.5357142857142857 0.011904761904761906 0.07142857142857142
