1 0.7535714285714287 0.6285714285714286 0.026190476190476195 0.17142857142857143
0 0.7250000000000001 0.17857142857142858 0.02142857142857143 0.09999999999999999
0 0.19166666666666668 0.6857142857142857 0.01666666666666667 0.08571428571428572
0 0.05833333333333334 0.3142857142857143 0.01666666666666667 0.08571428571428572
0 0.4714285714285715 0.42142857142857143 0.014285714285714287 0.07142857142857142
0 0.8535714285714286 0.5357142857142857 0.011904761904761906 0.07142857142857142
0 0.525 0.36428571428571427 0.01666666666666667 0.09999999999999999
0 0.44761904761904764 0.9428571428571428 0.009523809523809525 0.08571428571428572
0 0.06904761904761905 0.5785714285714285 0.014285714285714287 0.04285714285714286
0 0.5464285714285715 0.5357142857142857 0.011904761904761906 0.07142857142857142
0 0.6047619047619048 0.8714285714285714 0.01904761904761905 0.05714285714285714
0 0.9904761904761905 0.41428571428571426 0.009523809523809525 0.05714285714285714
0 0.07976190476190477 0.5 0.0071428571428571435 0.05714285714285714
