1 0.7190476190476192 0.46428571428571425 0.03333333333333334 0.24285714285714285
0 0.6404761904761905 0.39999999999999997 0.01904761904761905 0.11428571428571428
0 0.15595238095238095 0.4714285714285714 0.02142857142857143 0.14285714285714285
0 0.5642857142857144 0.8785714285714286 0.014285714285714287 0.07142857142857142
0 0.10357142857142858 0.6214285714285714 0.011904761904761906 0.12857142857142856
0 0.9857142857142858 0.2571428571428571 0.009523809523809525 0.05714285714285714
0 0.9904761904761905 0.39999999999999997 0.009523809523809525 0.05714285714285714
0 0.6095238095238096 0.8714285714285714 0.014285714285714287 0.05714285714285714
0 0.06904761904761905 0.5785714285714285 0.009523809523809525 0.04285714285714286
0 0.17023809523809524 0.29285714285714287 0.0071428571428571435 0.07142857142857142
0 0.2023809523809524 0.9214285714285714 0.014285714285714287 0.04285714285714286
0 0.5464285714285715 0.7357142857142857 0.0071428571428571435 0.07142857142857142
