1 0.861904761904762 0.5142857142857142 0.028571428571428574 0.19999999999999998
0 0.9904761904761905 0.2714285714285714 0.014285714285714287 0.08571428571428572
0 0.5869047619047619 0.42857142857142855 0.01666666666666667 0.08571428571428572
0 0.25833333333333336 0.2571428571428571 0.01666666666666667 0.08571428571428572
0 0.42619047619047623 0.7142857142857143 0.014285714285714287 0.05714285714285714
0 0.06547619047619048 0.6714285714285714 0.011904761904761906 0.08571428571428572
0 0.026190476190476195 0.9428571428571428 0.009523809523809525 0.08571428571428572
0 0.605952380952381 0.6785714285714286 0.01666666666666667 0.07142857142857142
0 0.661904761904762 0.6428571428571428 0.014285714285714287 0.08571428571428572
0 0.555952380952381 0.4928571428571428 0.0071428571428571435 0.04285714285714286
0 0.5297619047619048 0.39285714285714285 0.011904761904761906 0.07142857142857142
0 0.9845238095238096 0.37857142857142856 0.02142857142857143 0.09999999999999999
0 0.5154761904761905 0.6071428571428571 0.02142857142857143 0.15714285714285714
0 0.3928571428571429 0.39999999999999997 0.014285714285714287 0.11428571428571428
0 0.6047619047619048 0.8785714285714286 0.028571428571428574 0.07142857142857142
0 0.9583333333333334 0.8357142857142857 0.011904761904761906 0.09999999999999999
0 0.009523809523809525 0.5071428571428571 0.009523809523809525 0.12857142857142856
0 0.7416666666666667 0.9214285714285714 0.011904761904761906 0.07142857142857142
0 0.11190476190476191 0.05714285714285714 0.014285714285714287 0.11428571428571428
0 0.9583333333333334 0.5214285714285715 0.011904761904761906 0.09999999999999999
