1 0.7452380952380953 0.25 0.02380952380952381 0.15714285714285714
0 0.9583333333333334 0.5857142857142857 0.01666666666666667 0.11428571428571428
0 0.6000000000000001 0.09999999999999999 0.014285714285714287 0.08571428571428572
0 0.3404761904761905 0.7071428571428571 0.01904761904761905 0.09999999999999999
0 0.34285714285714286 0.16428571428571428 0.014285714285714287 0.09999999999999999
0 0.5488095238095239 0.07142857142857142 0.01666666666666667 0.11428571428571428
0 0.5869047619047619 0.7714285714285714 0.011904761904761906 0.08571428571428572
0 0.06547619047619048 0.5785714285714285 0.011904761904761906 0.07142857142857142
0 0.680952380952381 0.5928571428571429 0.009523809523809525 0.07142857142857142
0 0.7202380952380953 0.4357142857142857 0.011904761904761906 0.07142857142857142
0 0.8047619047619048 0.20714285714285713 0.009523809523809525 0.09999999999999999
