0 0.761904761904762 0.42857142857142855 0.01904761904761905 0.11428571428571428
0 0.736904761904762 0.19999999999999998 0.011904761904761906 0.08571428571428572
0 0.8845238095238096 0.8357142857142857 0.01666666666666667 0.09999999999999999
0 0.5452380952380953 0.5857142857142857 0.014285714285714287 0.11428571428571428
0 0.6083333333333334 0.6 0.011904761904761906 0.05714285714285714
0 0.6797619047619048 0.5142857142857142 0.01666666666666667 0.05714285714285714
0 0.6797619047619048 0.8214285714285714 0.01666666666666667 0.07142857142857142
0 0.2821428571428572 0.21428571428571427 0.01666666666666667 0.17142857142857143
0 0.2392857142857143 0.15714285714285714 0.026190476190476195 0.11428571428571428
0 0.2404761904761905 0.44285714285714284 0.02380952380952381 0.08571428571428572
0 0.30952380952380953 0.5499999999999999 0.009523809523809525 0.04285714285714286
0 0.20833333333333334 0.5928571428571429 0.011904761904761906 0.09999999999999999
0 0.13333333333333336 0.4357142857142857 0.01904761904761905 0.15714285714285714
0 0.05238095238095239 0.06428571428571428 0.014285714285714287 0.09999999999999999
0 0.015476190476190477 0.3357142857142857 0.011904761904761906 0.09999999999999999
0 0.06904761904761905 0.45714285714285713 0.01904761904761905 0.08571428571428572
0 0.08928571428571429 0.4714285714285714 0.011904761904761906 0.05714285714285714
0 0.09285714285714286 0.8214285714285714 0.014285714285714287 0.04285714285714286
0 0.2023809523809524 0.95 0.014285714285714287 0.07142857142857142
0 0.3666666666666667 0.6642857142857143 0.014285714285714287 0.07142857142857142
0 0.4071428571428572 0.8214285714285714 0.009523809523809525 0.04285714285714286
0 0.5916666666666667 0.6857142857142857 0.01666666666666667 0.08571428571428572
0 0.9095238095238096 0.8071428571428572 0.014285714285714287 0.07142857142857142
0 0.7630952380952382 0.95 0.011904761904761906 0.07142857142857142
0 0.6142857142857143 0.3214285714285714 0.009523809523809525 0.07142857142857142
0 0.49523809523809526 0.16428571428571428 0.009523809523809525 0.07142857142857142
0 0.2773809523809524 0.40714285714285714 0.01666666666666667 0.07142857142857142
0 0.18095238095238098 0.41428571428571426 0.01904761904761905 0.08571428571428572
0 0.013095238095238097 0.16428571428571428 0.011904761904761906 0.07142857142857142
0 0.14880952380952384 0.6928571428571428 0.01666666666666667 0.09999999999999999
0 0.19404761904761905 0.7285714285714285 0.01666666666666667 0.08571428571428572
0 0.28571428571428575 0.7357142857142857 0.014285714285714287 0.07142857142857142
0 0.22500000000000003 0.5571428571428572 0.01666666666666667 0.05714285714285714
0 0.09285714285714286 0.5785714285714285 0.014285714285714287 0.07142857142857142
0 0.3595238095238096 0.7857142857142857 0.01904761904761905 0.08571428571428572
0 0.7428571428571429 0.5857142857142857 0.009523809523809525 0.08571428571428572
0 0.9607142857142859 0.4357142857142857 0.02142857142857143 0.09999999999999999
0 0.936904761904762 0.65 0.01666666666666667 0.09999999999999999
0 0.6178571428571429 0.5285714285714286 0.011904761904761906 0.05714285714285714
0 0.430952380952381 0.3142857142857143 0.014285714285714287 0.08571428571428572
0 0.30000000000000004 0.21428571428571427 0.014285714285714287 0.05714285714285714
0 0.21190476190476193 0.15 0.009523809523809525 0.09999999999999999
0 0.07976190476190477 0.95 0.01666666666666667 0.07142857142857142
0 0.07857142857142858 0.6714285714285714 0.014285714285714287 0.08571428571428572
0 0.12261904761904763 0.5499999999999999 0.01666666666666667 0.07142857142857142
0 0.325 0.5499999999999999 0.01666666666666667 0.07142857142857142
0 0.8273809523809524 0.8714285714285714 0.0071428571428571435 0.08571428571428572
0 0.38571428571428573 0.7428571428571429 0.014285714285714287 0.08571428571428572
0 0.5785714285714286 0.8142857142857143 0.014285714285714287 0.11428571428571428
0 0.8476190476190477 0.7642857142857142 0.01904761904761905 0.07142857142857142
0 0.9500000000000001 0.2357142857142857 0.01904761904761905 0.07142857142857142
0 0.3785714285714286 0.04285714285714286 0.014285714285714287 0.05714285714285714
0 0.4833333333333334 0.5857142857142857 0.02380952380952381 0.11428571428571428
0 0.42261904761904767 0.5499999999999999 0.011904761904761906 0.09999999999999999
0 0.3154761904761905 0.22142857142857142 0.0071428571428571435 0.07142857142857142
0 0.8523809523809525 0.14285714285714285 0.014285714285714287 0.08571428571428572
