0 0.4690476190476191 0.8857142857142857 0.028571428571428574 0.17142857142857143
0 0.5238095238095238 0.8285714285714285 0.028571428571428574 0.17142857142857143
0 0.048809523809523817 0.2857142857142857 0.011904761904761906 0.11428571428571428
0 0.11904761904761905 0.7285714285714285 0.02380952380952381 0.17142857142857143
0 0.09047619047619049 0.8142857142857143 0.01904761904761905 0.05714285714285714
0 0.15000000000000002 0.9285714285714285 0.014285714285714287 0.05714285714285714
0 0.42380952380952386 0.37142857142857144 0.01904761904761905 0.14285714285714285
0 0.9666666666666668 0.5642857142857143 0.014285714285714287 0.07142857142857142
0 0.9476190476190477 0.45 0.014285714285714287 0.12857142857142856
0 0.6952380952380953 0.6285714285714286 0.02380952380952381 0.11428571428571428
0 0.5452380952380953 0.2857142857142857 0.02380952380952381 0.11428571428571428
0 0.5630952380952381 0.37857142857142856 0.011904761904761906 0.09999999999999999
0 0.5785714285714286 0.37142857142857144 0.014285714285714287 0.08571428571428572
0 0.21190476190476193 0.14285714285714285 0.009523809523809525 0.08571428571428572
0 0.5273809523809524 0.6357142857142857 0.0071428571428571435 0.07142857142857142
0 0.511904761904762 0.6 0.009523809523809525 0.05714285714285714
0 0.536904761904762 0.5571428571428572 0.011904761904761906 0.08571428571428572
0 0.4833333333333334 0.10714285714285714 0.014285714285714287 0.07142857142857142
0 0.7273809523809525 0.37857142857142856 0.011904761904761906 0.04285714285714286
0 0.0761904761904762 0.9571428571428571 0.009523809523809525 0.05714285714285714
0 0.3166666666666667 0.19999999999999998 0.009523809523809525 0.08571428571428572
0 0.36190476190476195 0.4357142857142857 0.009523809523809525 0.07142857142857142
0 0.41071428571428575 0.7142857142857143 0.011904761904761906 0.08571428571428572
0 0.17142857142857143 0.8357142857142857 0.02380952380952381 0.07142857142857142
0 0.06071428571428572 0.7142857142857143 0.011904761904761906 0.05714285714285714
0 0.2761904761904762 0.37857142857142856 0.02380952380952381 0.07142857142857142
0 0.27142857142857146 0.45714285714285713 0.014285714285714287 0.08571428571428572
0 0.7797619047619049 0.2714285714285714 0.01666666666666667 0.08571428571428572
1 0.48809523809523814 0.34285714285714286 0.03333333333333334 0.19999999999999998
1 0.6154761904761905 0.6857142857142857 0.09761904761904763 0.6
1 0.8702380952380954 0.7285714285714285 0.05476190476190477 0.37142857142857144
0 0.7714285714285715 0.6928571428571428 0.014285714285714287 0.09999999999999999
0 0.7297619047619048 0.8928571428571428 0.01666666666666667 0.15714285714285714
0 0.9035714285714287 0.2785714285714286 0.011904761904761906 0.09999999999999999
0 0.05952380952380953 0.15 0.009523809523809525 0.07142857142857142
0 0.18571428571428572 0.47857142857142854 0.014285714285714287 0.09999999999999999
0 0.14523809523809525 0.4357142857142857 0.01904761904761905 0.09999999999999999
0 0.3273809523809524 0.5 0.01666666666666667 0.08571428571428572
