0 0.04166666666666667 0.7357142857142857 0.011904761904761906 0.07142857142857142
0 0.17380952380952383 0.6357142857142857 0.028571428571428574 0.15714285714285714
0 0.09166666666666667 0.95 0.011904761904761906 0.07142857142857142
0 0.19523809523809527 0.4357142857142857 0.01904761904761905 0.12857142857142856
0 0.3392857142857143 0.5857142857142857 0.05952380952380953 0.2571428571428571
0 0.2916666666666667 0.5499999999999999 0.011904761904761906 0.04285714285714286
0 0.28690476190476194 0.8714285714285714 0.011904761904761906 0.05714285714285714
0 0.0761904761904762 0.21428571428571427 0.014285714285714287 0.08571428571428572
0 0.29761904761904767 0.2357142857142857 0.05238095238095239 0.12857142857142856
0 0.5166666666666667 0.5 0.01904761904761905 0.08571428571428572
0 0.5928571428571429 0.6928571428571428 0.01904761904761905 0.15714285714285714
0 0.7107142857142857 0.9285714285714285 0.02142857142857143 0.11428571428571428
0 0.9035714285714287 0.5142857142857142 0.01666666666666667 0.17142857142857143
0 0.8880952380952382 0.4857142857142857 0.014285714285714287 0.05714285714285714
0 0.8761904761904763 0.6142857142857142 0.014285714285714287 0.08571428571428572
0 0.9690476190476192 0.34285714285714286 0.01904761904761905 0.08571428571428572
0 0.5690476190476191 0.8642857142857142 0.01904761904761905 0.09999999999999999
0 0.4285714285714286 0.44285714285714284 0.014285714285714287 0.08571428571428572
0 0.3238095238095238 0.8857142857142857 0.02380952380952381 0.08571428571428572
0 0.15833333333333335 0.8357142857142857 0.0071428571428571435 0.07142857142857142
0 0.2547619047619048 0.9357142857142857 0.014285714285714287 0.09999999999999999
0 0.9154761904761906 0.7714285714285714 0.011904761904761906 0.08571428571428572
0 0.8214285714285715 0.7142857142857143 0.02380952380952381 0.14285714285714285
0 0.530952380952381 0.6357142857142857 0.014285714285714287 0.07142857142857142
0 0.2511904761904762 0.21428571428571427 0.011904761904761906 0.08571428571428572
0 0.08571428571428572 0.6285714285714286 0.014285714285714287 0.08571428571428572
0 0.2285714285714286 0.7928571428571428 0.01904761904761905 0.09999999999999999
0 0.2142857142857143 0.14285714285714285 0.009523809523809525 0.08571428571428572
0 0.12976190476190477 0.6428571428571428 0.01666666666666667 0.08571428571428572
0 0.07857142857142858 0.46428571428571425 0.02380952380952381 0.09999999999999999
0 0.3952380952380953 0.7785714285714286 0.01904761904761905 0.07142857142857142
0 0.6476190476190476 0.7785714285714286 0.02380952380952381 0.09999999999999999
0 0.6154761904761905 0.7571428571428571 0.02142857142857143 0.08571428571428572
1 0.6023809523809525 0.9357142857142857 0.02380952380952381 0.09999999999999999
1 0.6642857142857144 0.34285714285714286 0.06190476190476191 0.42857142857142855
1 0.7047619047619048 0.5785714285714285 0.04761904761904762 0.3857142857142857
1 0.7630952380952382 0.5 0.06904761904761905 0.6
