0 0.6238095238095238 0.5785714285714285 0.05714285714285715 0.3857142857142857
0 0.5952380952380953 0.5499999999999999 0.009523809523809525 0.09999999999999999
0 0.6297619047619049 0.4857142857142857 0.011904761904761906 0.08571428571428572
0 0.30000000000000004 0.3857142857142857 0.014285714285714287 0.08571428571428572
0 0.08095238095238096 0.03571428571428571 0.009523809523809525 0.07142857142857142
0 0.2571428571428572 0.46428571428571425 0.009523809523809525 0.07142857142857142
0 0.2761904761904762 0.44285714285714284 0.014285714285714287 0.05714285714285714
0 0.4535714285714286 0.7071428571428571 0.011904761904761906 0.07142857142857142
0 0.9333333333333335 0.32857142857142857 0.05714285714285715 0.37142857142857144
0 0.955952380952381 0.5714285714285714 0.02142857142857143 0.2571428571428571
0 0.9750000000000001 0.8571428571428571 0.045238095238095244 0.14285714285714285
0 0.7642857142857143 0.5357142857142857 0.01904761904761905 0.09999999999999999
0 0.705952380952381 0.7571428571428571 0.011904761904761906 0.08571428571428572
0 0.7976190476190477 0.8857142857142857 0.014285714285714287 0.08571428571428572
0 0.8095238095238096 0.9642857142857143 0.014285714285714287 0.04285714285714286
0 0.7071428571428572 0.5642857142857143 0.014285714285714287 0.09999999999999999
0 0.6821428571428572 0.5357142857142857 0.011904761904761906 0.09999999999999999
0 0.6964285714285715 0.5 0.01666666666666667 0.11428571428571428
0 0.7297619047619048 0.7357142857142857 0.02142857142857143 0.12857142857142856
0 0.9273809523809524 0.7999999999999999 0.011904761904761906 0.08571428571428572
0 0.9797619047619048 0.6071428571428571 0.0071428571428571435 0.07142857142857142
0 0.9797619047619048 0.35714285714285715 0.011904761904761906 0.08571428571428572
0 0.6226190476190476 0.34285714285714286 0.011904761904761906 0.08571428571428572
0 0.15595238095238095 0.85 0.011904761904761906 0.07142857142857142
0 0.12023809523809526 0.5142857142857142 0.011904761904761906 0.08571428571428572
0 0.47261904761904766 0.35 0.011904761904761906 0.07142857142857142
0 0.6071428571428572 0.8071428571428572 0.014285714285714287 0.09999999999999999
0 0.6964285714285715 0.8357142857142857 0.011904761904761906 0.09999999999999999
0 0.7238095238095239 0.8857142857142857 0.009523809523809525 0.05714285714285714
0 0.8380952380952382 0.19285714285714284 0.009523809523809525 0.07142857142857142
0 0.15595238095238095 0.05714285714285714 0.0071428571428571435 0.05714285714285714
0 0.4190476190476191 0.14285714285714285 0.009523809523809525 0.08571428571428572
0 0.6630952380952382 0.2714285714285714 0.01666666666666667 0.08571428571428572
0 0.7214285714285715 0.5142857142857142 0.01904761904761905 0.08571428571428572
0 0.7797619047619049 0.8357142857142857 0.011904761904761906 0.09999999999999999
0 0.8500000000000001 0.95 0.01904761904761905 0.07142857142857142
0 0.6416666666666667 0.15714285714285714 0.011904761904761906 0.11428571428571428
0 0.6154761904761905 0.1357142857142857 0.011904761904761906 0.07142857142857142
0 0.9083333333333334 0.7428571428571429 0.026190476190476195 0.11428571428571428
0 0.805952380952381 0.6071428571428571 0.01666666666666667 0.15714285714285714
0 0.07142857142857144 0.8928571428571428 0.01904761904761905 0.09999999999999999
0 0.03571428571428572 0.02142857142857143 0.009523809523809525 0.04285714285714286
0 0.31428571428571433 0.7214285714285714 0.009523809523809525 0.09999999999999999
0 0.4761904761904762 0.6857142857142857 0.009523809523809525 0.05714285714285714
0 0.6738095238095239 0.07857142857142857 0.01904761904761905 0.07142857142857142
0 0.5392857142857144 0.19999999999999998 0.0071428571428571435 0.08571428571428572
0 0.38928571428571435 0.6857142857142857 0.011904761904761906 0.02857142857142857
0 0.35595238095238096 0.6928571428571428 0.01666666666666667 0.04285714285714286
0 0.07142857142857144 0.02857142857142857 0.009523809523809525 0.05714285714285714
0 0.08095238095238096 0.12142857142857143 0.009523809523809525 0.04285714285714286
0 0.31428571428571433 0.21428571428571427 0.014285714285714287 0.05714285714285714
0 0.7428571428571429 0.8928571428571428 0.009523809523809525 0.09999999999999999
0 0.6821428571428572 0.7214285714285714 0.011904761904761906 0.09999999999999999
0 0.13214285714285715 0.03571428571428571 0.011904761904761906 0.07142857142857142
0 0.7226190476190477 0.39999999999999997 0.01666666666666667 0.11428571428571428
0 0.6666666666666667 0.42857142857142855 0.014285714285714287 0.08571428571428572
1 0.761904761904762 0.3214285714285714 0.01904761904761905 0.15714285714285714
1 0.761904761904762 0.5357142857142857 0.04285714285714286 0.32857142857142857
1 0.855952380952381 0.6 0.06904761904761905 0.6
1 0.5892857142857143 0.14285714285714285 0.01666666666666667 0.14285714285714285
1 0.45238095238095244 0.5928571428571429 0.22380952380952382 0.7857142857142857
0 0.19761904761904764 0.04285714285714286 0.014285714285714287 0.05714285714285714
0 0.6547619047619048 0.9571428571428571 0.009523809523809525 0.05714285714285714
0 0.6404761904761905 0.9571428571428571 0.009523809523809525 0.05714285714285714
0 0.8107142857142858 0.47857142857142854 0.0071428571428571435 0.04285714285714286
0 0.8071428571428572 0.36428571428571427 0.009523809523809525 0.04285714285714286
