0 0.9297619047619049 0.5214285714285715 0.0880952380952381 0.9285714285714285
0 0.3869047619047619 0.2785714285714286 0.01666666666666667 0.07142857142857142
1 0.18333333333333335 0.5357142857142857 0.3666666666666667 0.9
1 0.7011904761904763 0.5428571428571428 0.4023809523809524 0.8857142857142857
0 0.4678571428571429 0.46428571428571425 0.011904761904761906 0.07142857142857142
0 0.32142857142857145 0.5 0.009523809523809525 0.05714285714285714
0 0.38928571428571435 0.45 0.011904761904761906 0.09999999999999999
0 0.9726190476190477 0.7 0.01666666666666667 0.11428571428571428
0 0.4440476190476191 0.6357142857142857 0.011904761904761906 0.07142857142857142
0 0.45000000000000007 0.7285714285714285 0.009523809523809525 0.05714285714285714
0 0.4916666666666667 0.5071428571428571 0.01666666666666667 0.09999999999999999
0 0.36309523809523814 0.29285714285714287 0.011904761904761906 0.07142857142857142
0 0.4166666666666667 0.8142857142857143 0.014285714285714287 0.08571428571428572
0 0.47261904761904766 0.2714285714285714 0.011904761904761906 0.08571428571428572
0 0.4488095238095238 0.3214285714285714 0.01666666666666667 0.09999999999999999
0 0.3916666666666667 0.9214285714285714 0.011904761904761906 0.09999999999999999
0 0.3940476190476191 0.7 0.02142857142857143 0.08571428571428572
1 0.41190476190476194 0.5428571428571428 0.028571428571428574 0.22857142857142856
