0 0.07857142857142858 0.3142857142857143 0.02380952380952381 0.17142857142857143
0 0.29523809523809524 0.85 0.04761904761904762 0.24285714285714285
0 0.46071428571428574 0.17857142857142858 0.01666666666666667 0.18571428571428572
0 0.5464285714285715 0.8857142857142857 0.011904761904761906 0.11428571428571428
0 0.32261904761904764 0.4928571428571428 0.011904761904761906 0.09999999999999999
0 0.27142857142857146 0.6142857142857142 0.014285714285714287 0.11428571428571428
0 0.17023809523809524 0.7142857142857143 0.011904761904761906 0.14285714285714285
0 0.16785714285714287 0.4714285714285714 0.011904761904761906 0.08571428571428572
0 0.21071428571428574 0.7999999999999999 0.05476190476190477 0.19999999999999998
0 0.16904761904761906 0.9 0.014285714285714287 0.08571428571428572
0 0.2654761904761905 0.32857142857142857 0.011904761904761906 0.11428571428571428
0 0.7238095238095239 0.32857142857142857 0.014285714285714287 0.08571428571428572
0 0.786904761904762 0.3071428571428571 0.011904761904761906 0.12857142857142856
0 0.9023809523809525 0.12857142857142856 0.009523809523809525 0.14285714285714285
0 0.10714285714285715 0.39999999999999997 0.014285714285714287 0.05714285714285714
0 0.2142857142857143 0.16428571428571428 0.014285714285714287 0.18571428571428572
0 0.18095238095238098 0.5428571428571428 0.009523809523809525 0.08571428571428572
0 0.32261904761904764 0.17142857142857143 0.0071428571428571435 0.05714285714285714
0 0.22380952380952382 0.37142857142857144 0.014285714285714287 0.08571428571428572
0 0.37142857142857144 0.5428571428571428 0.009523809523809525 0.08571428571428572
0 0.3654761904761905 0.7714285714285714 0.011904761904761906 0.11428571428571428
0 0.42380952380952386 0.5214285714285715 0.01904761904761905 0.12857142857142856
0 0.4714285714285715 0.6285714285714286 0.014285714285714287 0.08571428571428572
0 0.6357142857142858 0.5357142857142857 0.014285714285714287 0.07142857142857142
0 0.6952380952380953 0.9357142857142857 0.009523809523809525 0.07142857142857142
0 0.9690476190476192 0.22857142857142856 0.014285714285714287 0.05714285714285714
0 0.8988095238095238 0.32857142857142857 0.0071428571428571435 0.08571428571428572
0 0.8797619047619049 0.5571428571428572 0.011904761904761906 0.05714285714285714
0 0.25 0.9285714285714285 0.014285714285714287 0.11428571428571428
0 0.0761904761904762 0.7071428571428571 0.028571428571428574 0.12857142857142856
0 0.3261904761904762 0.37142857142857144 0.009523809523809525 0.05714285714285714
0 0.34880952380952385 0.40714285714285714 0.01666666666666667 0.15714285714285714
0 0.20833333333333334 0.65 0.011904761904761906 0.07142857142857142
0 0.3726190476190476 0.29285714285714287 0.01666666666666667 0.07142857142857142
0 0.3869047619047619 0.16428571428571428 0.01666666666666667 0.09999999999999999
0 0.2619047619047619 0.09999999999999999 0.014285714285714287 0.08571428571428572
0 0.3869047619047619 0.9142857142857143 0.011904761904761906 0.08571428571428572
0 0.6071428571428572 0.6071428571428571 0.01904761904761905 0.09999999999999999
0 0.9202380952380953 0.8928571428571428 0.01666666666666667 0.07142857142857142
1 0.08095238095238096 0.5285714285714286 0.1619047619047619 0.9142857142857143
1 0.47380952380952385 0.6142857142857142 0.1619047619047619 0.7428571428571429
0 0.30833333333333335 0.4928571428571428 0.0071428571428571435 0.07142857142857142
0 0.2821428571428572 0.46428571428571425 0.01666666666666667 0.09999999999999999
0 0.19880952380952382 0.9571428571428571 0.011904761904761906 0.05714285714285714
0 0.29523809523809524 0.3 0.02380952380952381 0.19999999999999998
0 0.4404761904761905 0.16428571428571428 0.01904761904761905 0.09999999999999999
0 0.6904761904761906 0.29285714285714287 0.009523809523809525 0.07142857142857142
0 0.7416666666666667 0.20714285714285713 0.011904761904761906 0.09999999999999999
0 0.9630952380952382 0.41428571428571426 0.011904761904761906 0.08571428571428572
0 0.8583333333333334 0.2714285714285714 0.01666666666666667 0.11428571428571428
