0 0.09285714285714286 0.5214285714285715 0.01904761904761905 0.12857142857142856
0 0.1285714285714286 0.16428571428571428 0.014285714285714287 0.12857142857142856
0 0.17142857142857143 0.6714285714285714 0.009523809523809525 0.08571428571428572
0 0.19761904761904764 0.5214285714285715 0.009523809523809525 0.09999999999999999
0 0.16666666666666669 0.21428571428571427 0.014285714285714287 0.05714285714285714
0 0.4 0.34285714285714286 0.0380952380952381 0.14285714285714285
0 0.4202380952380953 0.6285714285714286 0.02142857142857143 0.08571428571428572
0 0.44761904761904764 0.9 0.01904761904761905 0.14285714285714285
0 0.4571428571428572 0.15 0.028571428571428574 0.07142857142857142
0 0.4404761904761905 0.2714285714285714 0.009523809523809525 0.08571428571428572
0 0.4821428571428572 0.6714285714285714 0.011904761904761906 0.08571428571428572
0 0.5797619047619048 0.39999999999999997 0.01666666666666667 0.08571428571428572
0 0.511904761904762 0.17857142857142858 0.009523809523809525 0.07142857142857142
0 0.48809523809523814 0.29285714285714287 0.009523809523809525 0.07142857142857142
0 0.5821428571428572 0.18571428571428572 0.0071428571428571435 0.08571428571428572
0 0.7273809523809525 0.20714285714285713 0.01666666666666667 0.07142857142857142
0 0.7797619047619049 0.40714285714285714 0.011904761904761906 0.07142857142857142
0 0.8285714285714286 0.4928571428571428 0.009523809523809525 0.07142857142857142
0 0.7119047619047619 0.5 0.014285714285714287 0.08571428571428572
0 0.5952380952380953 0.7357142857142857 0.009523809523809525 0.07142857142857142
0 0.567857142857143 0.7642857142857142 0.01666666666666667 0.12857142857142856
0 0.7357142857142858 0.7785714285714286 0.009523809523809525 0.07142857142857142
0 0.47261904761904766 0.5571428571428572 0.011904761904761906 0.08571428571428572
0 0.46071428571428574 0.5214285714285715 0.011904761904761906 0.07142857142857142
0 0.4416666666666667 0.5785714285714285 0.011904761904761906 0.07142857142857142
0 0.3642857142857143 0.3214285714285714 0.009523809523809525 0.07142857142857142
0 0.21190476190476193 0.12857142857142856 0.014285714285714287 0.08571428571428572
0 0.2011904761904762 0.7142857142857143 0.011904761904761906 0.11428571428571428
0 0.4023809523809524 0.5571428571428572 0.009523809523809525 0.08571428571428572
0 0.38452380952380955 0.4357142857142857 0.011904761904761906 0.07142857142857142
0 0.3797619047619048 0.6285714285714286 0.0071428571428571435 0.05714285714285714
0 0.8571428571428572 0.17857142857142858 0.009523809523809525 0.07142857142857142
0 0.8333333333333334 0.6142857142857142 0.009523809523809525 0.05714285714285714
0 0.8071428571428572 0.5499999999999999 0.009523809523809525 0.07142857142857142
0 0.6130952380952381 0.21428571428571427 0.01666666666666667 0.08571428571428572
0 0.6452380952380953 0.6642857142857143 0.014285714285714287 0.09999999999999999
0 0.6226190476190476 0.7785714285714286 0.01666666666666667 0.07142857142857142
0 0.7571428571428572 0.40714285714285714 0.014285714285714287 0.09999999999999999
0 0.7785714285714287 0.5499999999999999 0.009523809523809525 0.07142857142857142
0 0.5880952380952381 0.6357142857142857 0.009523809523809525 0.07142857142857142
0 0.1011904761904762 0.6928571428571428 0.01666666666666667 0.12857142857142856
1 0.05238095238095239 0.5785714285714285 0.10476190476190478 0.8142857142857143
1 0.15833333333333335 0.6285714285714286 0.01666666666666667 0.14285714285714285
1 0.29285714285714287 0.5928571428571429 0.14761904761904762 0.7857142857142857
1 0.5226190476190476 0.5357142857142857 0.045238095238095244 0.35714285714285715
1 0.9178571428571429 0.5785714285714285 0.15952380952380954 0.8142857142857143
1 0.5047619047619049 0.9357142857142857 0.02380952380952381 0.09999999999999999
0 0.41071428571428575 0.19999999999999998 0.011904761904761906 0.05714285714285714
0 0.755952380952381 0.7571428571428571 0.01666666666666667 0.08571428571428572
0 0.555952380952381 0.2714285714285714 0.011904761904761906 0.08571428571428572
0 0.46547619047619054 0.45 0.011904761904761906 0.04285714285714286
0 0.4404761904761905 0.35 0.01904761904761905 0.07142857142857142
0 0.1654761904761905 0.7428571428571429 0.011904761904761906 0.05714285714285714
0 0.6452380952380953 0.5357142857142857 0.014285714285714287 0.15714285714285714
0 0.7654761904761905 0.2857142857142857 0.0071428571428571435 0.08571428571428572
0 0.44642857142857145 0.7928571428571428 0.0071428571428571435 0.04285714285714286
0 0.5452380952380953 0.8714285714285714 0.009523809523809525 0.11428571428571428
0 0.6785714285714286 0.7642857142857142 0.009523809523809525 0.12857142857142856
0 0.6571428571428573 0.37857142857142856 0.009523809523809525 0.09999999999999999
0 0.7773809523809525 0.7428571428571429 0.011904761904761906 0.11428571428571428
0 0.6702380952380953 0.9642857142857143 0.011904761904761906 0.04285714285714286
0 0.3880952380952381 0.7142857142857143 0.009523809523809525 0.08571428571428572
0 0.6785714285714286 0.5714285714285714 0.014285714285714287 0.05714285714285714
0 0.17023809523809524 0.4714285714285714 0.011904761904761906 0.05714285714285714
0 0.13571428571428573 0.6785714285714286 0.009523809523809525 0.04285714285714286
0 0.4797619047619048 0.07142857142857142 0.0071428571428571435 0.05714285714285714
0 0.7500000000000001 0.5785714285714285 0.01904761904761905 0.12857142857142856
0 0.6583333333333334 0.6785714285714286 0.0071428571428571435 0.04285714285714286
0 0.6142857142857143 0.5428571428571428 0.014285714285714287 0.11428571428571428
0 0.630952380952381 0.9071428571428571 0.004761904761904762 0.04285714285714286
0 0.2035714285714286 0.8785714285714286 0.011904761904761906 0.15714285714285714
