0 0.6440476190476191 0.15714285714285714 0.030952380952380953 0.14285714285714285
0 0.6440476190476191 0.6642857142857143 0.01666666666666667 0.09999999999999999
0 0.11547619047619048 0.7285714285714285 0.02142857142857143 0.05714285714285714
0 0.055952380952380955 0.7214285714285714 0.02142857142857143 0.07142857142857142
0 0.2142857142857143 0.8857142857142857 0.01904761904761905 0.05714285714285714
0 0.1630952380952381 0.15 0.026190476190476195 0.07142857142857142
0 0.4690476190476191 0.45714285714285713 0.01904761904761905 0.11428571428571428
0 0.5773809523809524 0.24285714285714285 0.01666666666666667 0.08571428571428572
0 0.6095238095238096 0.9428571428571428 0.01904761904761905 0.08571428571428572
0 0.730952380952381 0.5571428571428572 0.01904761904761905 0.11428571428571428
0 0.8857142857142858 0.37857142857142856 0.01904761904761905 0.09999999999999999
0 0.7250000000000001 0.7571428571428571 0.026190476190476195 0.05714285714285714
0 0.7345238095238096 0.8857142857142857 0.02142857142857143 0.11428571428571428
0 0.9059523809523811 0.8857142857142857 0.01666666666666667 0.08571428571428572
0 0.7952380952380953 0.9285714285714285 0.014285714285714287 0.11428571428571428
0 0.3190476190476191 0.6 0.02380952380952381 0.17142857142857143
0 0.18214285714285716 0.32857142857142857 0.02142857142857143 0.08571428571428572
0 0.5238095238095238 0.9571428571428571 0.02380952380952381 0.05714285714285714
