0 0.47261904761904766 0.6714285714285714 0.026190476190476195 0.22857142857142856
0 0.5273809523809524 0.5785714285714285 0.01666666666666667 0.12857142857142856
0 0.5845238095238096 0.6571428571428571 0.02142857142857143 0.11428571428571428
0 0.23452380952380955 0.02142857142857143 0.026190476190476195 0.04285714285714286
0 0.8952380952380953 0.35 0.03333333333333334 0.21428571428571427
0 0.830952380952381 0.6571428571428571 0.02380952380952381 0.14285714285714285
0 0.7595238095238096 0.3 0.014285714285714287 0.14285714285714285
0 0.7523809523809525 0.4357142857142857 0.009523809523809525 0.09999999999999999
0 0.7035714285714286 0.4857142857142857 0.011904761904761906 0.08571428571428572
0 0.7285714285714286 0.46428571428571425 0.014285714285714287 0.12857142857142856
0 0.42619047619047623 0.9 0.01904761904761905 0.17142857142857143
0 0.25 0.8071428571428572 0.02380952380952381 0.12857142857142856
0 0.10238095238095239 0.8428571428571429 0.02380952380952381 0.17142857142857143
0 0.755952380952381 0.8071428571428572 0.02142857142857143 0.12857142857142856
0 0.1797619047619048 0.05714285714285714 0.01666666666666667 0.11428571428571428
