0 0.5190476190476191 0.5642857142857143 0.028571428571428574 0.09999999999999999
0 0.430952380952381 0.34285714285714286 0.01904761904761905 0.08571428571428572
0 0.8357142857142857 0.5357142857142857 0.01904761904761905 0.07142857142857142
1 0.0761904761904762 0.7999999999999999 0.04285714285714286 0.34285714285714286
0 0.02142857142857143 0.02857142857142857 0.014285714285714287 0.05714285714285714
0 0.1142857142857143 0.2642857142857143 0.014285714285714287 0.07142857142857142
0 0.12976190476190477 0.1357142857142857 0.01666666666666667 0.07142857142857142
0 0.2154761904761905 0.8142857142857143 0.011904761904761906 0.08571428571428572
0 0.1511904761904762 0.6071428571428571 0.01666666666666667 0.07142857142857142
0 0.49880952380952387 0.8428571428571429 0.01666666666666667 0.05714285714285714
0 0.7333333333333334 0.5857142857142857 0.02380952380952381 0.08571428571428572
0 0.6250000000000001 0.5285714285714286 0.02142857142857143 0.05714285714285714
0 0.2833333333333334 0.6928571428571428 0.01904761904761905 0.09999999999999999
0 0.9309523809523811 0.8142857142857143 0.01904761904761905 0.08571428571428572
0 0.9178571428571429 0.5285714285714286 0.03571428571428572 0.05714285714285714
0 0.480952380952381 0.37142857142857144 0.009523809523809525 0.14285714285714285
0 0.8726190476190477 0.5214285714285715 0.02142857142857143 0.07142857142857142
0 0.9035714285714287 0.07142857142857142 0.026190476190476195 0.05714285714285714
0 0.9857142857142858 0.75 0.014285714285714287 0.07142857142857142
0 0.18452380952380953 0.8285714285714285 0.026190476190476195 0.08571428571428572
