0 0.9940476190476192 0.02857142857142857 0.0071428571428571435 0.02857142857142857
0 0.986904761904762 0.007142857142857143 0.0071428571428571435 0.014285714285714285
0 0.961904761904762 0.049999999999999996 0.014285714285714287 0.04285714285714286
0 0.9583333333333334 0.007142857142857143 0.01666666666666667 0.014285714285714285
0 0.9750000000000001 0.02142857142857143 0.011904761904761906 0.04285714285714286
0 0.9892857142857143 0.2714285714285714 0.0071428571428571435 0.02857142857142857
0 0.9761904761904763 0.22142857142857142 0.009523809523809525 0.07142857142857142
0 0.9916666666666668 0.12142857142857143 0.011904761904761906 0.04285714285714286
0 0.992857142857143 0.22857142857142856 0.009523809523809525 0.05714285714285714
0 0.9904761904761905 0.17857142857142858 0.014285714285714287 0.04285714285714286
0 0.9738095238095239 0.14285714285714285 0.009523809523809525 0.02857142857142857
0 0.9761904761904763 0.08571428571428572 0.009523809523809525 0.08571428571428572
0 0.9654761904761906 0.15714285714285714 0.0071428571428571435 0.05714285714285714
0 0.961904761904762 0.10714285714285714 0.01904761904761905 0.04285714285714286
0 0.9511904761904763 0.19285714285714284 0.01666666666666667 0.04285714285714286
0 0.9380952380952382 0.03571428571428571 0.009523809523809525 0.04285714285714286
0 0.9392857142857144 0.007142857142857143 0.011904761904761906 0.014285714285714285
0 0.9309523809523811 0.17142857142857143 0.014285714285714287 0.05714285714285714
0 0.9404761904761906 0.07857142857142857 0.014285714285714287 0.04285714285714286
0 0.9571428571428572 0.3357142857142857 0.009523809523809525 0.04285714285714286
0 0.9642857142857144 0.2642857142857143 0.014285714285714287 0.04285714285714286
0 0.9523809523809524 0.24285714285714285 0.009523809523809525 0.02857142857142857
0 0.9392857142857144 0.12142857142857143 0.011904761904761906 0.04285714285714286
0 0.9285714285714286 0.09285714285714286 0.009523809523809525 0.04285714285714286
0 0.9095238095238096 0.049999999999999996 0.01904761904761905 0.07142857142857142
0 0.880952380952381 0.02142857142857143 0.009523809523809525 0.04285714285714286
0 0.8940476190476191 0.02857142857142857 0.011904761904761906 0.02857142857142857
0 0.9714285714285715 0.34285714285714286 0.014285714285714287 0.05714285714285714
0 0.9904761904761905 0.3357142857142857 0.014285714285714287 0.04285714285714286
0 0.955952380952381 0.40714285714285714 0.011904761904761906 0.04285714285714286
0 0.9464285714285715 0.29285714285714287 0.0071428571428571435 0.07142857142857142
0 0.9309523809523811 0.2714285714285714 0.014285714285714287 0.11428571428571428
0 0.936904761904762 0.36428571428571427 0.01666666666666667 0.07142857142857142
0 0.9904761904761905 0.37857142857142856 0.014285714285714287 0.04285714285714286
0 0.9916666666666668 0.44285714285714284 0.011904761904761906 0.02857142857142857
0 0.992857142857143 0.5142857142857142 0.009523809523809525 0.02857142857142857
0 0.9916666666666668 0.6214285714285714 0.011904761904761906 0.04285714285714286
0 0.967857142857143 0.5214285714285715 0.011904761904761906 0.07142857142857142
0 0.9750000000000001 0.40714285714285714 0.01666666666666667 0.04285714285714286
0 0.980952380952381 0.5428571428571428 0.014285714285714287 0.22857142857142856
0 0.9714285714285715 0.7714285714285714 0.01904761904761905 0.05714285714285714
0 0.9916666666666668 0.75 0.011904761904761906 0.07142857142857142
0 0.9702380952380953 0.6928571428571428 0.01666666666666667 0.07142857142857142
0 0.9702380952380953 0.5928571428571429 0.0071428571428571435 0.04285714285714286
0 0.911904761904762 0.25 0.014285714285714287 0.07142857142857142
0 0.9166666666666667 0.12142857142857143 0.004761904761904762 0.04285714285714286
0 0.9178571428571429 0.3214285714285714 0.011904761904761906 0.04285714285714286
0 0.9071428571428573 0.15714285714285714 0.009523809523809525 0.05714285714285714
0 0.8940476190476191 0.11428571428571428 0.011904761904761906 0.05714285714285714
0 0.8678571428571429 0.049999999999999996 0.011904761904761906 0.04285714285714286
0 0.8583333333333334 0.014285714285714285 0.011904761904761906 0.02857142857142857
0 0.855952380952381 0.08571428571428572 0.011904761904761906 0.05714285714285714
0 0.8773809523809525 0.12142857142857143 0.01666666666666667 0.07142857142857142
0 0.8785714285714287 0.17857142857142858 0.014285714285714287 0.04285714285714286
0 0.8940476190476191 0.18571428571428572 0.011904761904761906 0.02857142857142857
0 0.9940476190476192 0.8642857142857142 0.0071428571428571435 0.04285714285714286
0 0.9892857142857143 0.9214285714285714 0.01666666666666667 0.04285714285714286
0 0.9940476190476192 0.9642857142857143 0.0071428571428571435 0.04285714285714286
0 0.9821428571428572 0.9714285714285714 0.011904761904761906 0.02857142857142857
0 0.980952380952381 0.8571428571428571 0.014285714285714287 0.05714285714285714
0 0.8952380952380953 0.2714285714285714 0.009523809523809525 0.05714285714285714
0 0.9500000000000001 0.5142857142857142 0.009523809523809525 0.14285714285714285
0 0.9595238095238096 0.6142857142857142 0.014285714285714287 0.05714285714285714
0 0.9511904761904763 0.6857142857142857 0.011904761904761906 0.05714285714285714
0 0.9583333333333334 0.8714285714285714 0.026190476190476195 0.05714285714285714
0 0.9654761904761906 0.9642857142857143 0.01666666666666667 0.04285714285714286
0 0.9226190476190477 0.9571428571428571 0.011904761904761906 0.05714285714285714
0 0.9416666666666668 0.45 0.0071428571428571435 0.04285714285714286
0 0.9404761904761906 0.5071428571428571 0.009523809523809525 0.04285714285714286
0 0.9273809523809524 0.4357142857142857 0.01666666666666667 0.04285714285714286
0 0.9297619047619049 0.47857142857142854 0.011904761904761906 0.04285714285714286
0 0.9095238095238096 0.37142857142857144 0.014285714285714287 0.05714285714285714
0 0.8904761904761905 0.37857142857142856 0.01904761904761905 0.09999999999999999
0 0.9083333333333334 0.45 0.01666666666666667 0.07142857142857142
0 0.9107142857142858 0.5499999999999999 0.01666666666666667 0.04285714285714286
0 0.9261904761904762 0.5642857142857143 0.009523809523809525 0.04285714285714286
0 0.9380952380952382 0.5714285714285714 0.009523809523809525 0.05714285714285714
0 0.8904761904761905 0.6071428571428571 0.01904761904761905 0.07142857142857142
0 0.8892857142857143 0.5214285714285715 0.01666666666666667 0.07142857142857142
0 0.9476190476190477 0.7571428571428571 0.014285714285714287 0.05714285714285714
0 0.936904761904762 0.7214285714285714 0.0071428571428571435 0.04285714285714286
0 0.9380952380952382 0.8357142857142857 0.014285714285714287 0.04285714285714286
0 0.936904761904762 0.8857142857142857 0.01666666666666667 0.05714285714285714
0 0.9321428571428573 0.65 0.0071428571428571435 0.04285714285714286
0 0.9142857142857144 0.6142857142857142 0.009523809523809525 0.05714285714285714
0 0.9047619047619049 0.7428571428571429 0.014285714285714287 0.05714285714285714
0 0.9261904761904762 0.75 0.014285714285714287 0.04285714285714286
0 0.9178571428571429 0.8142857142857143 0.01666666666666667 0.05714285714285714
0 0.9023809523809525 0.8285714285714285 0.009523809523809525 0.08571428571428572
0 0.9107142857142858 0.6857142857142857 0.03571428571428572 0.05714285714285714
0 0.8190476190476191 0.7785714285714286 0.02380952380952381 0.12857142857142856
0 0.8738095238095239 0.8642857142857142 0.014285714285714287 0.04285714285714286
0 0.8892857142857143 0.9428571428571428 0.011904761904761906 0.05714285714285714
0 0.8738095238095239 0.9428571428571428 0.014285714285714287 0.05714285714285714
0 0.8511904761904763 0.9214285714285714 0.02142857142857143 0.07142857142857142
0 0.8392857142857144 0.07142857142857142 0.011904761904761906 0.08571428571428572
0 0.8226190476190477 0.07857142857142857 0.01666666666666667 0.04285714285714286
0 0.8273809523809524 0.12142857142857143 0.0071428571428571435 0.04285714285714286
0 0.811904761904762 0.007142857142857143 0.009523809523809525 0.014285714285714285
0 0.8250000000000001 0.014285714285714285 0.011904761904761906 0.02857142857142857
0 0.8797619047619049 0.6857142857142857 0.01666666666666667 0.05714285714285714
0 0.8761904761904763 0.7714285714285714 0.014285714285714287 0.08571428571428572
0 0.8904761904761905 0.7785714285714286 0.009523809523809525 0.04285714285714286
0 0.9083333333333334 0.9571428571428571 0.011904761904761906 0.05714285714285714
0 0.9202380952380953 0.8928571428571428 0.011904761904761906 0.04285714285714286
0 0.861904761904762 0.8285714285714285 0.009523809523809525 0.05714285714285714
0 0.8511904761904763 0.7928571428571428 0.011904761904761906 0.07142857142857142
0 0.8380952380952382 0.7785714285714286 0.014285714285714287 0.04285714285714286
0 0.8380952380952382 0.85 0.014285714285714287 0.04285714285714286
0 0.8250000000000001 0.9642857142857143 0.011904761904761906 0.04285714285714286
0 0.842857142857143 0.39999999999999997 0.009523809523809525 0.05714285714285714
0 0.8190476190476191 0.3357142857142857 0.014285714285714287 0.04285714285714286
0 0.8535714285714286 0.4928571428571428 0.011904761904761906 0.04285714285714286
0 0.8523809523809525 0.5357142857142857 0.014285714285714287 0.04285714285714286
0 0.830952380952381 0.5928571428571429 0.01904761904761905 0.04285714285714286
0 0.8345238095238096 0.3071428571428571 0.01666666666666667 0.04285714285714286
0 0.8250000000000001 0.45 0.01666666666666667 0.04285714285714286
0 0.8297619047619048 0.40714285714285714 0.011904761904761906 0.04285714285714286
0 0.8035714285714286 0.6714285714285714 0.02142857142857143 0.05714285714285714
0 0.8107142857142858 0.18571428571428572 0.01666666666666667 0.05714285714285714
0 0.8011904761904762 0.03571428571428571 0.011904761904761906 0.07142857142857142
0 0.7809523809523811 0.29285714285714287 0.028571428571428574 0.07142857142857142
0 0.7892857142857144 0.17857142857142858 0.02142857142857143 0.09999999999999999
0 0.8035714285714286 0.10714285714285714 0.011904761904761906 0.04285714285714286
0 0.7833333333333334 0.014285714285714285 0.009523809523809525 0.02857142857142857
0 0.7761904761904762 0.35 0.01904761904761905 0.04285714285714286
0 0.7857142857142858 0.09285714285714286 0.014285714285714287 0.04285714285714286
0 0.7702380952380953 0.014285714285714285 0.011904761904761906 0.02857142857142857
0 0.7666666666666667 0.049999999999999996 0.01904761904761905 0.04285714285714286
0 0.7535714285714287 0.09285714285714286 0.011904761904761906 0.04285714285714286
0 0.7535714285714287 0.15 0.026190476190476195 0.07142857142857142
0 0.7738095238095238 0.15714285714285714 0.009523809523809525 0.08571428571428572
0 0.7595238095238096 0.2571428571428571 0.014285714285714287 0.05714285714285714
0 0.7392857142857143 0.21428571428571427 0.02142857142857143 0.05714285714285714
0 0.7916666666666667 0.3857142857142857 0.01666666666666667 0.05714285714285714
0 0.7261904761904763 0.11428571428571428 0.014285714285714287 0.08571428571428572
0 0.7380952380952381 0.02857142857142857 0.02380952380952381 0.05714285714285714
0 0.7166666666666668 0.02857142857142857 0.01904761904761905 0.05714285714285714
0 0.6952380952380953 0.06428571428571428 0.01904761904761905 0.07142857142857142
0 0.7321428571428572 0.2857142857142857 0.01666666666666667 0.05714285714285714
0 0.7607142857142858 0.39999999999999997 0.011904761904761906 0.08571428571428572
0 0.6940476190476191 0.14285714285714285 0.026190476190476195 0.05714285714285714
0 0.6916666666666668 0.19999999999999998 0.01666666666666667 0.05714285714285714
0 0.7833333333333334 0.45714285714285713 0.02380952380952381 0.05714285714285714
0 0.7833333333333334 0.5214285714285715 0.02380952380952381 0.07142857142857142
0 0.717857142857143 0.2642857142857143 0.011904761904761906 0.04285714285714286
0 0.7071428571428572 0.2357142857142857 0.009523809523809525 0.04285714285714286
0 0.7595238095238096 0.3214285714285714 0.009523809523809525 0.04285714285714286
0 0.7488095238095239 0.3142857142857143 0.011904761904761906 0.05714285714285714
0 0.6797619047619048 0.014285714285714285 0.011904761904761906 0.02857142857142857
0 0.6797619047619048 0.07142857142857142 0.011904761904761906 0.05714285714285714
0 0.6654761904761906 0.09999999999999999 0.011904761904761906 0.05714285714285714
0 0.7833333333333334 0.65 0.014285714285714287 0.04285714285714286
0 0.7940476190476191 0.5928571428571429 0.02142857142857143 0.07142857142857142
0 0.8107142857142858 0.9142857142857143 0.011904761904761906 0.05714285714285714
0 0.811904761904762 0.9642857142857143 0.014285714285714287 0.04285714285714286
0 0.8023809523809524 0.7928571428571428 0.009523809523809525 0.04285714285714286
0 0.7642857142857143 0.5142857142857142 0.009523809523809525 0.02857142857142857
0 0.761904761904762 0.4714285714285714 0.014285714285714287 0.02857142857142857
0 0.7761904761904762 0.7642857142857142 0.014285714285714287 0.07142857142857142
0 0.7916666666666667 0.9428571428571428 0.011904761904761906 0.02857142857142857
0 0.7964285714285715 0.8928571428571428 0.01666666666666667 0.04285714285714286
0 0.7833333333333334 0.9071428571428571 0.009523809523809525 0.04285714285714286
0 0.7761904761904762 0.8642857142857142 0.014285714285714287 0.04285714285714286
0 0.761904761904762 0.9642857142857143 0.014285714285714287 0.04285714285714286
0 0.7630952380952382 0.9 0.0071428571428571435 0.05714285714285714
0 0.7678571428571429 0.6857142857142857 0.011904761904761906 0.05714285714285714
0 0.7726190476190476 0.5928571428571429 0.02142857142857143 0.04285714285714286
0 0.7357142857142858 0.45714285714285713 0.014285714285714287 0.05714285714285714
0 0.7345238095238096 0.39285714285714285 0.01666666666666667 0.04285714285714286
0 0.7464285714285714 0.5357142857142857 0.02142857142857143 0.04285714285714286
0 0.7476190476190477 0.5857142857142857 0.014285714285714287 0.02857142857142857
0 0.7535714285714287 0.6214285714285714 0.01666666666666667 0.04285714285714286
0 0.7523809523809525 0.6714285714285714 0.014285714285714287 0.02857142857142857
0 0.755952380952381 0.7285714285714285 0.011904761904761906 0.05714285714285714
0 0.692857142857143 0.2642857142857143 0.014285714285714287 0.07142857142857142
0 0.7202380952380953 0.3357142857142857 0.01666666666666667 0.04285714285714286
0 0.7250000000000001 0.5142857142857142 0.02142857142857143 0.05714285714285714
0 0.7428571428571429 0.7642857142857142 0.009523809523809525 0.04285714285714286
0 0.7250000000000001 0.5642857142857143 0.02142857142857143 0.04285714285714286
0 0.7011904761904763 0.41428571428571426 0.02142857142857143 0.19999999999999998
0 0.6690476190476191 0.049999999999999996 0.009523809523809525 0.04285714285714286
0 0.6595238095238096 0.02142857142857143 0.009523809523809525 0.04285714285714286
0 0.6678571428571429 0.16428571428571428 0.011904761904761906 0.04285714285714286
0 0.7583333333333334 0.8428571428571429 0.01666666666666667 0.08571428571428572
0 0.6357142857142858 0.02142857142857143 0.009523809523809525 0.04285714285714286
0 0.6452380952380953 0.19285714285714284 0.009523809523809525 0.04285714285714286
0 0.7321428571428572 0.8642857142857142 0.011904761904761906 0.04285714285714286
0 0.7464285714285714 0.9357142857142857 0.0071428571428571435 0.04285714285714286
0 0.7416666666666667 0.8928571428571428 0.01666666666666667 0.04285714285714286
0 0.7154761904761905 0.8285714285714285 0.011904761904761906 0.05714285714285714
0 0.7273809523809525 0.7642857142857142 0.02142857142857143 0.07142857142857142
0 0.7261904761904763 0.6642857142857143 0.03333333333333334 0.07142857142857142
0 0.7321428571428572 0.6071428571428571 0.01666666666666667 0.04285714285714286
0 0.6976190476190477 0.6642857142857143 0.014285714285714287 0.09999999999999999
0 0.7035714285714286 0.5499999999999999 0.011904761904761906 0.04285714285714286
0 0.6821428571428572 0.34285714285714286 0.01666666666666667 0.08571428571428572
0 0.6797619047619048 0.42857142857142855 0.02142857142857143 0.05714285714285714
0 0.6488095238095238 0.3142857142857143 0.026190476190476195 0.05714285714285714
0 0.6678571428571429 0.3 0.011904761904761906 0.05714285714285714
0 0.6083333333333334 0.1357142857142857 0.030952380952380953 0.15714285714285714
0 0.6226190476190476 0.5071428571428571 0.01666666666666667 0.07142857142857142
0 0.6976190476190477 0.8071428571428572 0.01904761904761905 0.04285714285714286
0 0.6988095238095239 0.8571428571428571 0.011904761904761906 0.05714285714285714
0 0.7238095238095239 0.9357142857142857 0.009523809523809525 0.09999999999999999
0 0.6833333333333333 0.5285714285714286 0.014285714285714287 0.11428571428571428
0 0.7011904761904763 0.9642857142857143 0.011904761904761906 0.04285714285714286
0 0.7142857142857143 0.9142857142857143 0.009523809523809525 0.08571428571428572
0 0.686904761904762 0.9642857142857143 0.0071428571428571435 0.04285714285714286
0 0.6833333333333333 0.75 0.028571428571428574 0.04285714285714286
0 0.6714285714285715 0.5499999999999999 0.009523809523809525 0.04285714285714286
0 0.6559523809523811 0.41428571428571426 0.026190476190476195 0.08571428571428572
0 0.6511904761904762 0.5499999999999999 0.02142857142857143 0.07142857142857142
0 0.6523809523809524 0.47857142857142854 0.01904761904761905 0.04285714285714286
0 0.675 0.6785714285714286 0.01666666666666667 0.04285714285714286
0 0.675 0.6214285714285714 0.02142857142857143 0.07142857142857142
0 0.6416666666666667 0.09285714285714286 0.011904761904761906 0.07142857142857142
0 0.630952380952381 0.14285714285714285 0.014285714285714287 0.05714285714285714
0 0.6297619047619049 0.08571428571428572 0.011904761904761906 0.05714285714285714
0 0.6202380952380953 0.03571428571428571 0.0071428571428571435 0.04285714285714286
0 0.6130952380952381 0.007142857142857143 0.02142857142857143 0.014285714285714285
0 0.594047619047619 0.02857142857142857 0.01666666666666667 0.05714285714285714
0 0.5714285714285715 0.014285714285714285 0.02380952380952381 0.02857142857142857
0 0.6857142857142857 0.9071428571428571 0.009523809523809525 0.04285714285714286
0 0.7000000000000001 0.9142857142857143 0.009523809523809525 0.05714285714285714
0 0.6714285714285715 0.9214285714285714 0.009523809523809525 0.04285714285714286
0 0.6654761904761906 0.8642857142857142 0.026190476190476195 0.07142857142857142
0 0.6416666666666667 0.9642857142857143 0.011904761904761906 0.04285714285714286
0 0.6690476190476191 0.8071428571428572 0.014285714285714287 0.04285714285714286
0 0.6559523809523811 0.6214285714285714 0.01666666666666667 0.04285714285714286
0 0.6392857142857143 0.6428571428571428 0.01666666666666667 0.08571428571428572
0 0.6238095238095238 0.5714285714285714 0.014285714285714287 0.05714285714285714
0 0.6261904761904763 0.6357142857142857 0.009523809523809525 0.04285714285714286
0 0.6261904761904763 0.7071428571428571 0.014285714285714287 0.04285714285714286
0 0.6571428571428573 0.6857142857142857 0.014285714285714287 0.08571428571428572
0 0.6511904761904762 0.7857142857142857 0.01666666666666667 0.08571428571428572
0 0.6595238095238096 0.24285714285714285 0.02380952380952381 0.05714285714285714
0 0.6404761904761905 0.2571428571428571 0.014285714285714287 0.02857142857142857
0 0.630952380952381 0.22142857142857142 0.014285714285714287 0.07142857142857142
0 0.6226190476190476 0.2857142857142857 0.02142857142857143 0.05714285714285714
0 0.636904761904762 0.5142857142857142 0.011904761904761906 0.05714285714285714
0 0.630952380952381 0.45 0.028571428571428574 0.07142857142857142
0 0.6392857142857143 0.39285714285714285 0.0071428571428571435 0.04285714285714286
0 0.6130952380952381 0.35714285714285715 0.045238095238095244 0.05714285714285714
0 0.6011904761904763 0.4857142857142857 0.01666666666666667 0.05714285714285714
0 0.6000000000000001 0.41428571428571426 0.01904761904761905 0.05714285714285714
0 0.6452380952380953 0.9142857142857143 0.009523809523809525 0.05714285714285714
0 0.6583333333333334 0.9357142857142857 0.011904761904761906 0.07142857142857142
0 0.6440476190476191 0.85 0.01666666666666667 0.07142857142857142
0 0.6261904761904763 0.9642857142857143 0.014285714285714287 0.04285714285714286
0 0.6428571428571429 0.7071428571428571 0.014285714285714287 0.04285714285714286
0 0.6273809523809525 0.7642857142857142 0.01666666666666667 0.07142857142857142
0 0.6285714285714287 0.9142857142857143 0.014285714285714287 0.05714285714285714
0 0.6142857142857143 0.9 0.01904761904761905 0.05714285714285714
0 0.6023809523809525 0.9642857142857143 0.028571428571428574 0.04285714285714286
0 0.6238095238095238 0.8357142857142857 0.02380952380952381 0.07142857142857142
0 0.5952380952380953 0.22857142857142856 0.02380952380952381 0.05714285714285714
0 0.6011904761904763 0.29285714285714287 0.01666666666666667 0.04285714285714286
0 0.5892857142857143 0.29285714285714287 0.0071428571428571435 0.04285714285714286
0 0.5857142857142857 0.35 0.009523809523809525 0.04285714285714286
0 0.6107142857142858 0.6642857142857143 0.026190476190476195 0.09999999999999999
0 0.6083333333333334 0.8142857142857143 0.0071428571428571435 0.05714285714285714
0 0.5869047619047619 0.5857142857142857 0.030952380952380953 0.08571428571428572
0 0.5821428571428572 0.10714285714285714 0.01666666666666667 0.07142857142857142
0 0.5690476190476191 0.06428571428571428 0.014285714285714287 0.07142857142857142
0 0.5654761904761906 0.1357142857142857 0.026190476190476195 0.09999999999999999
0 0.5523809523809524 0.07142857142857142 0.014285714285714287 0.05714285714285714
0 0.5488095238095239 0.007142857142857143 0.01666666666666667 0.014285714285714285
0 0.5297619047619048 0.014285714285714285 0.01666666666666667 0.02857142857142857
0 0.5666666666666668 0.2642857142857143 0.01904761904761905 0.09999999999999999
0 0.5416666666666667 0.2857142857142857 0.030952380952380953 0.08571428571428572
0 0.5761904761904763 0.8285714285714285 0.03333333333333334 0.14285714285714285
0 0.5833333333333334 0.9214285714285714 0.009523809523809525 0.07142857142857142
0 0.5738095238095239 0.95 0.009523809523809525 0.04285714285714286
0 0.5952380952380953 0.7357142857142857 0.028571428571428574 0.12857142857142856
0 0.5690476190476191 0.7071428571428571 0.014285714285714287 0.04285714285714286
0 0.580952380952381 0.46428571428571425 0.02380952380952381 0.09999999999999999
0 0.5785714285714286 0.3857142857142857 0.01904761904761905 0.05714285714285714
0 0.5607142857142857 0.41428571428571426 0.01666666666666667 0.05714285714285714
0 0.5654761904761906 0.6 0.011904761904761906 0.05714285714285714
0 0.5583333333333333 0.4928571428571428 0.026190476190476195 0.07142857142857142
0 0.5464285714285715 0.4357142857142857 0.01666666666666667 0.04285714285714286
0 0.5392857142857144 0.6857142857142857 0.03571428571428572 0.05714285714285714
0 0.5416666666666667 0.19999999999999998 0.01666666666666667 0.05714285714285714
0 0.5428571428571429 0.14285714285714285 0.014285714285714287 0.05714285714285714
0 0.5321428571428571 0.09285714285714286 0.011904761904761906 0.07142857142857142
0 0.5261904761904762 0.17857142857142858 0.014285714285714287 0.04285714285714286
0 0.5178571428571429 0.11428571428571428 0.01666666666666667 0.08571428571428572
0 0.5035714285714287 0.014285714285714285 0.02142857142857143 0.02857142857142857
0 0.49404761904761907 0.07142857142857142 0.01666666666666667 0.05714285714285714
0 0.48690476190476195 0.02142857142857143 0.011904761904761906 0.04285714285714286
0 0.5416666666666667 0.6142857142857142 0.011904761904761906 0.05714285714285714
0 0.5416666666666667 0.36428571428571427 0.026190476190476195 0.07142857142857142
0 0.5357142857142858 0.4928571428571428 0.014285714285714287 0.04285714285714286
0 0.5333333333333334 0.4357142857142857 0.009523809523809525 0.07142857142857142
0 0.5380952380952382 0.5499999999999999 0.009523809523809525 0.04285714285714286
0 0.5440476190476191 0.7428571428571429 0.030952380952380953 0.05714285714285714
0 0.555952380952381 0.9642857142857143 0.0071428571428571435 0.04285714285714286
0 0.5916666666666667 0.65 0.011904761904761906 0.04285714285714286
0 0.5392857142857144 0.8928571428571428 0.011904761904761906 0.07142857142857142
0 0.55 0.8285714285714285 0.014285714285714287 0.05714285714285714
0 0.5404761904761906 0.7928571428571428 0.009523809523809525 0.04285714285714286
0 0.5095238095238096 0.3 0.028571428571428574 0.05714285714285714
0 0.5154761904761905 0.22857142857142856 0.01666666666666667 0.08571428571428572
0 0.48690476190476195 0.12857142857142856 0.030952380952380953 0.05714285714285714
0 0.4761904761904762 0.06428571428571428 0.014285714285714287 0.07142857142857142
0 0.46190476190476193 0.05714285714285714 0.01904761904761905 0.05714285714285714
0 0.45238095238095244 0.007142857142857143 0.014285714285714287 0.014285714285714285
0 0.5071428571428572 0.9428571428571428 0.01904761904761905 0.08571428571428572
0 0.5202380952380953 0.9714285714285714 0.011904761904761906 0.02857142857142857
0 0.536904761904762 0.9571428571428571 0.011904761904761906 0.05714285714285714
0 0.5166666666666667 0.5428571428571428 0.014285714285714287 0.05714285714285714
0 0.5226190476190476 0.6214285714285714 0.01666666666666667 0.04285714285714286
0 0.5 0.21428571428571427 0.014285714285714287 0.05714285714285714
0 0.48809523809523814 0.18571428571428572 0.009523809523809525 0.05714285714285714
0 0.4833333333333334 0.3 0.02380952380952381 0.05714285714285714
0 0.49404761904761907 0.34285714285714286 0.02142857142857143 0.02857142857142857
0 0.5261904761904762 0.9071428571428571 0.014285714285714287 0.04285714285714286
0 0.5273809523809524 0.8428571428571429 0.01666666666666667 0.08571428571428572
0 0.5130952380952382 0.8785714285714286 0.011904761904761906 0.04285714285714286
0 0.5035714285714287 0.8428571428571429 0.01666666666666667 0.05714285714285714
0 0.5142857142857143 0.7285714285714285 0.014285714285714287 0.08571428571428572
0 0.5035714285714287 0.65 0.02142857142857143 0.07142857142857142
0 0.5107142857142858 0.39285714285714285 0.01666666666666667 0.07142857142857142
0 0.5190476190476191 0.4714285714285714 0.01904761904761905 0.08571428571428572
0 0.5047619047619049 0.5071428571428571 0.01904761904761905 0.07142857142857142
0 0.48690476190476195 0.47857142857142854 0.01666666666666667 0.07142857142857142
0 0.48571428571428577 0.6071428571428571 0.01904761904761905 0.07142857142857142
0 0.4821428571428572 0.8857142857142857 0.011904761904761906 0.05714285714285714
0 0.5011904761904762 0.7285714285714285 0.01666666666666667 0.08571428571428572
0 0.480952380952381 0.7714285714285714 0.02380952380952381 0.05714285714285714
0 0.4833333333333334 0.8285714285714285 0.014285714285714287 0.05714285714285714
0 0.48690476190476195 0.6928571428571428 0.01666666666666667 0.09999999999999999
0 0.4904761904761905 0.39999999999999997 0.009523809523809525 0.05714285714285714
0 0.47380952380952385 0.40714285714285714 0.02380952380952381 0.04285714285714286
0 0.4845238095238096 0.24285714285714285 0.02142857142857143 0.05714285714285714
0 0.4702380952380953 0.19999999999999998 0.01666666666666667 0.05714285714285714
0 0.44642857142857145 0.06428571428571428 0.01666666666666667 0.07142857142857142
0 0.43214285714285716 0.014285714285714285 0.011904761904761906 0.02857142857142857
0 0.48571428571428577 0.9642857142857143 0.014285714285714287 0.04285714285714286
0 0.46547619047619054 0.7214285714285714 0.011904761904761906 0.07142857142857142
0 0.4702380952380953 0.5428571428571428 0.02142857142857143 0.05714285714285714
0 0.47261904761904766 0.4714285714285714 0.01666666666666667 0.05714285714285714
0 0.4642857142857143 0.3071428571428571 0.014285714285714287 0.12857142857142856
0 0.46071428571428574 0.12142857142857143 0.01666666666666667 0.07142857142857142
0 0.4535714285714286 0.18571428571428572 0.01666666666666667 0.08571428571428572
0 0.4440476190476191 0.2642857142857143 0.01666666666666667 0.09999999999999999
0 0.4547619047619048 0.47857142857142854 0.014285714285714287 0.07142857142857142
0 0.43928571428571433 0.14285714285714285 0.01666666666666667 0.05714285714285714
0 0.41785714285714287 0.02142857142857143 0.011904761904761906 0.04285714285714286
0 0.4154761904761905 0.07142857142857142 0.011904761904761906 0.05714285714285714
0 0.39642857142857146 0.049999999999999996 0.011904761904761906 0.04285714285714286
0 0.4440476190476191 0.39999999999999997 0.02142857142857143 0.08571428571428572
0 0.4404761904761905 0.3357142857142857 0.01904761904761905 0.04285714285714286
0 0.4535714285714286 0.6071428571428571 0.026190476190476195 0.04285714285714286
0 0.45833333333333337 0.85 0.01666666666666667 0.07142857142857142
0 0.46547619047619054 0.9142857142857143 0.02142857142857143 0.05714285714285714
0 0.46071428571428574 0.9714285714285714 0.011904761904761906 0.02857142857142857
0 0.44761904761904764 0.95 0.014285714285714287 0.07142857142857142
0 0.45952380952380956 0.7857142857142857 0.014285714285714287 0.05714285714285714
0 0.45119047619047625 0.7 0.02142857142857143 0.11428571428571428
0 0.4345238095238096 0.6428571428571428 0.011904761904761906 0.05714285714285714
0 0.45000000000000007 0.5499999999999999 0.01904761904761905 0.07142857142857142
0 0.42619047619047623 0.5714285714285714 0.02380952380952381 0.11428571428571428
0 0.4345238095238096 0.47857142857142854 0.026190476190476195 0.07142857142857142
0 0.42380952380952386 0.40714285714285714 0.01904761904761905 0.07142857142857142
0 0.42261904761904767 0.9571428571428571 0.02142857142857143 0.05714285714285714
0 0.4297619047619048 0.8714285714285714 0.02142857142857143 0.08571428571428572
0 0.4416666666666667 0.8142857142857143 0.011904761904761906 0.05714285714285714
0 0.4297619047619048 0.8214285714285714 0.0071428571428571435 0.04285714285714286
0 0.4166666666666667 0.75 0.03333333333333334 0.12857142857142856
0 0.4047619047619048 0.5285714285714286 0.014285714285714287 0.11428571428571428
0 0.4154761904761905 0.15 0.011904761904761906 0.04285714285714286
0 0.4285714285714286 0.22857142857142856 0.01904761904761905 0.11428571428571428
0 0.4154761904761905 0.3357142857142857 0.01666666666666667 0.04285714285714286
0 0.4154761904761905 0.29285714285714287 0.011904761904761906 0.04285714285714286
0 0.4154761904761905 0.22142857142857142 0.011904761904761906 0.04285714285714286
0 0.4047619047619048 0.17857142857142858 0.009523809523809525 0.07142857142857142
0 0.3952380952380953 0.10714285714285714 0.02380952380952381 0.04285714285714286
0 0.39047619047619053 0.18571428571428572 0.01904761904761905 0.08571428571428572
0 0.4011904761904762 0.42142857142857143 0.02142857142857143 0.04285714285714286
0 0.4 0.36428571428571427 0.01904761904761905 0.07142857142857142
0 0.4 0.3071428571428571 0.01904761904761905 0.04285714285714286
0 0.3797619047619048 0.2785714285714286 0.01666666666666667 0.07142857142857142
0 0.39761904761904765 0.2642857142857143 0.014285714285714287 0.04285714285714286
0 0.3880952380952381 0.014285714285714285 0.014285714285714287 0.02857142857142857
0 0.37738095238095243 0.04285714285714286 0.011904761904761906 0.05714285714285714
0 0.3654761904761905 0.02142857142857143 0.011904761904761906 0.04285714285714286
0 0.36309523809523814 0.07857142857142857 0.01666666666666667 0.07142857142857142
0 0.3523809523809524 0.02142857142857143 0.009523809523809525 0.04285714285714286
0 0.3785714285714286 0.18571428571428572 0.009523809523809525 0.05714285714285714
0 0.36190476190476195 0.17142857142857143 0.014285714285714287 0.05714285714285714
0 0.3785714285714286 0.11428571428571428 0.009523809523809525 0.05714285714285714
0 0.39880952380952384 0.95 0.01666666666666667 0.07142857142857142
0 0.41190476190476194 0.8785714285714286 0.01904761904761905 0.07142857142857142
0 0.38928571428571435 0.7214285714285714 0.01666666666666667 0.04285714285714286
0 0.36904761904761907 0.9571428571428571 0.014285714285714287 0.05714285714285714
0 0.37738095238095243 0.8928571428571428 0.03571428571428572 0.04285714285714286
0 0.37500000000000006 0.8357142857142857 0.026190476190476195 0.07142857142857142
0 0.37738095238095243 0.7714285714285714 0.02142857142857143 0.05714285714285714
0 0.3940476190476191 0.6642857142857143 0.030952380952380953 0.04285714285714286
0 0.39047619047619053 0.6214285714285714 0.01904761904761905 0.04285714285714286
0 0.4071428571428572 0.6142857142857142 0.014285714285714287 0.05714285714285714
0 0.3880952380952381 0.5357142857142857 0.01904761904761905 0.09999999999999999
0 0.3880952380952381 0.45714285714285713 0.009523809523809525 0.05714285714285714
0 0.37738095238095243 0.40714285714285714 0.026190476190476195 0.04285714285714286
0 0.380952380952381 0.35714285714285715 0.01904761904761905 0.05714285714285714
0 0.36190476190476195 0.32857142857142857 0.01904761904761905 0.05714285714285714
0 0.3642857142857143 0.22142857142857142 0.014285714285714287 0.04285714285714286
0 0.3464285714285715 0.25 0.02142857142857143 0.12857142857142856
0 0.35000000000000003 0.15714285714285714 0.009523809523809525 0.05714285714285714
0 0.3416666666666667 0.12857142857142856 0.011904761904761906 0.05714285714285714
0 0.3321428571428572 0.07142857142857142 0.011904761904761906 0.05714285714285714
0 0.33690476190476193 0.02142857142857143 0.02142857142857143 0.04285714285714286
0 0.35595238095238096 0.95 0.011904761904761906 0.07142857142857142
0 0.3595238095238096 0.75 0.009523809523809525 0.04285714285714286
0 0.37619047619047624 0.4714285714285714 0.014285714285714287 0.05714285714285714
0 0.3107142857142857 0.02857142857142857 0.01666666666666667 0.05714285714285714
0 0.32142857142857145 0.12857142857142856 0.009523809523809525 0.05714285714285714
0 0.3154761904761905 0.22142857142857142 0.01666666666666667 0.09999999999999999
0 0.3297619047619048 0.20714285714285713 0.011904761904761906 0.07142857142857142
0 0.3285714285714286 0.3142857142857143 0.014285714285714287 0.05714285714285714
0 0.3297619047619048 0.40714285714285714 0.026190476190476195 0.09999999999999999
0 0.3047619047619048 0.42142857142857143 0.02380952380952381 0.07142857142857142
0 0.3726190476190476 0.7071428571428571 0.01666666666666667 0.04285714285714286
0 0.3642857142857143 0.6642857142857143 0.028571428571428574 0.04285714285714286
0 0.3583333333333334 0.6214285714285714 0.01666666666666667 0.04285714285714286
0 0.35714285714285715 0.5214285714285715 0.01904761904761905 0.07142857142857142
0 0.3511904761904762 0.45714285714285713 0.01666666666666667 0.05714285714285714
0 0.3547619047619048 0.39999999999999997 0.02380952380952381 0.05714285714285714
0 0.3107142857142857 0.09285714285714286 0.01666666666666667 0.07142857142857142
0 0.2916666666666667 0.10714285714285714 0.01666666666666667 0.09999999999999999
0 0.28690476190476194 0.02857142857142857 0.01666666666666667 0.05714285714285714
0 0.27261904761904765 0.05714285714285714 0.011904761904761906 0.05714285714285714
0 0.31309523809523815 0.5214285714285715 0.030952380952380953 0.07142857142857142
0 0.3392857142857143 0.7285714285714285 0.01666666666666667 0.08571428571428572
0 0.3404761904761905 0.6214285714285714 0.01904761904761905 0.07142857142857142
0 0.3416666666666667 0.5642857142857143 0.011904761904761906 0.04285714285714286
0 0.2630952380952381 0.14285714285714285 0.02142857142857143 0.05714285714285714
0 0.2821428571428572 0.20714285714285713 0.01666666666666667 0.07142857142857142
0 0.27976190476190477 0.1357142857142857 0.011904761904761906 0.07142857142857142
0 0.29761904761904767 0.19999999999999998 0.014285714285714287 0.05714285714285714
0 0.2571428571428572 0.05714285714285714 0.014285714285714287 0.05714285714285714
0 0.255952380952381 0.014285714285714285 0.011904761904761906 0.02857142857142857
0 0.10952380952380954 0.6285714285714286 0.028571428571428574 0.14285714285714285
0 0.23690476190476192 0.06428571428571428 0.01666666666666667 0.09999999999999999
0 0.20714285714285716 0.09285714285714286 0.04285714285714286 0.18571428571428572
0 0.18690476190476193 0.19285714285714284 0.030952380952380953 0.07142857142857142
0 0.25 0.5928571428571429 0.028571428571428574 0.09999999999999999
0 0.24642857142857144 0.6785714285714286 0.03571428571428572 0.09999999999999999
0 0.2535714285714286 0.7428571428571429 0.01666666666666667 0.05714285714285714
0 0.22261904761904763 0.5142857142857142 0.026190476190476195 0.08571428571428572
0 0.3035714285714286 0.3142857142857143 0.030952380952380953 0.11428571428571428
0 0.2773809523809524 0.2857142857142857 0.02142857142857143 0.05714285714285714
0 0.2678571428571429 0.32857142857142857 0.011904761904761906 0.05714285714285714
0 0.2702380952380953 0.39285714285714285 0.03571428571428572 0.07142857142857142
0 0.29880952380952386 0.7071428571428571 0.026190476190476195 0.12857142857142856
0 0.305952380952381 0.6214285714285714 0.01666666666666667 0.04285714285714286
0 0.32142857142857145 0.5785714285714285 0.01904761904761905 0.04285714285714286
0 0.2761904761904762 0.6571428571428571 0.01904761904761905 0.08571428571428572
0 0.2904761904761905 0.5785714285714285 0.014285714285714287 0.04285714285714286
0 0.2678571428571429 0.5071428571428571 0.026190476190476195 0.04285714285714286
0 0.2785714285714286 0.47857142857142854 0.02380952380952381 0.04285714285714286
0 0.255952380952381 0.45714285714285713 0.026190476190476195 0.05714285714285714
0 0.3119047619047619 0.8714285714285714 0.01904761904761905 0.05714285714285714
0 0.32261904761904764 0.7642857142857142 0.011904761904761906 0.04285714285714286
0 0.33690476190476193 0.8142857142857143 0.02142857142857143 0.05714285714285714
0 0.34880952380952385 0.8857142857142857 0.011904761904761906 0.05714285714285714
0 0.35714285714285715 0.8214285714285714 0.009523809523809525 0.04285714285714286
0 0.22142857142857145 0.5928571428571429 0.014285714285714287 0.07142857142857142
0 0.21904761904761907 0.6714285714285714 0.02380952380952381 0.05714285714285714
0 0.2 0.6285714285714286 0.01904761904761905 0.05714285714285714
0 0.18809523809523812 0.5214285714285715 0.02380952380952381 0.07142857142857142
0 0.1892857142857143 0.42142857142857143 0.04047619047619048 0.09999999999999999
0 0.330952380952381 0.8928571428571428 0.014285714285714287 0.09999999999999999
0 0.32261904761904764 0.9714285714285714 0.011904761904761906 0.02857142857142857
0 0.2380952380952381 0.3857142857142857 0.014285714285714287 0.05714285714285714
0 0.22142857142857145 0.42857142857142855 0.01904761904761905 0.08571428571428572
0 0.22976190476190478 0.3357142857142857 0.02142857142857143 0.07142857142857142
0 0.2619047619047619 0.2357142857142857 0.014285714285714287 0.09999999999999999
0 0.24642857142857144 0.25 0.01666666666666667 0.07142857142857142
0 0.23452380952380955 0.20714285714285713 0.01666666666666667 0.07142857142857142
0 0.2178571428571429 0.2714285714285714 0.01666666666666667 0.05714285714285714
0 0.20833333333333334 0.32857142857142857 0.01666666666666667 0.08571428571428572
0 0.18214285714285716 0.3214285714285714 0.02142857142857143 0.07142857142857142
0 0.1797619047619048 0.2571428571428571 0.02142857142857143 0.05714285714285714
0 0.15952380952380954 0.17857142857142858 0.014285714285714287 0.07142857142857142
0 0.1642857142857143 0.36428571428571427 0.014285714285714287 0.07142857142857142
0 0.14523809523809525 0.29285714285714287 0.02380952380952381 0.12857142857142856
0 0.1630952380952381 0.25 0.011904761904761906 0.07142857142857142
0 0.14404761904761906 0.014285714285714285 0.011904761904761906 0.02857142857142857
0 0.14523809523809525 0.09999999999999999 0.01904761904761905 0.08571428571428572
0 0.17142857142857143 0.12142857142857143 0.014285714285714287 0.04285714285714286
0 0.1619047619047619 0.02857142857142857 0.01904761904761905 0.05714285714285714
0 0.17261904761904764 0.07142857142857142 0.011904761904761906 0.05714285714285714
0 0.305952380952381 0.95 0.02142857142857143 0.07142857142857142
0 0.3035714285714286 0.8071428571428572 0.03571428571428572 0.07142857142857142
0 0.28095238095238095 0.8357142857142857 0.014285714285714287 0.07142857142857142
0 0.28690476190476194 0.9428571428571428 0.011904761904761906 0.08571428571428572
0 0.2642857142857143 0.8785714285714286 0.01904761904761905 0.07142857142857142
0 0.24880952380952384 0.8571428571428571 0.01666666666666667 0.05714285714285714
0 0.2535714285714286 0.7999999999999999 0.02142857142857143 0.05714285714285714
0 0.27142857142857146 0.7999999999999999 0.009523809523809525 0.05714285714285714
0 0.2619047619047619 0.9642857142857143 0.014285714285714287 0.04285714285714286
0 0.25238095238095243 0.9285714285714285 0.009523809523809525 0.05714285714285714
0 0.2404761904761905 0.9571428571428571 0.014285714285714287 0.05714285714285714
0 0.22619047619047622 0.95 0.014285714285714287 0.07142857142857142
0 0.2154761904761905 0.8357142857142857 0.01666666666666667 0.07142857142857142
0 0.23095238095238096 0.8642857142857142 0.009523809523809525 0.04285714285714286
0 0.22380952380952382 0.7642857142857142 0.028571428571428574 0.07142857142857142
0 0.21309523809523812 0.9428571428571428 0.011904761904761906 0.08571428571428572
0 0.18571428571428572 0.8571428571428571 0.02380952380952381 0.08571428571428572
0 0.1892857142857143 0.7571428571428571 0.01666666666666667 0.08571428571428572
0 0.17380952380952383 0.7642857142857142 0.014285714285714287 0.07142857142857142
0 0.1630952380952381 0.85 0.01666666666666667 0.07142857142857142
0 0.12976190476190477 0.8785714285714286 0.01666666666666667 0.07142857142857142
0 0.14761904761904762 0.8785714285714286 0.014285714285714287 0.04285714285714286
0 0.19404761904761905 0.9571428571428571 0.011904761904761906 0.05714285714285714
0 0.1797619047619048 0.9214285714285714 0.01666666666666667 0.04285714285714286
0 0.15952380952380954 0.9428571428571428 0.014285714285714287 0.08571428571428572
0 0.13333333333333336 0.9357142857142857 0.009523809523809525 0.04285714285714286
0 0.11785714285714287 0.9642857142857143 0.02142857142857143 0.04285714285714286
0 0.15952380952380954 0.6571428571428571 0.03333333333333334 0.11428571428571428
0 0.14880952380952384 0.5714285714285714 0.05476190476190477 0.08571428571428572
0 0.15714285714285717 0.5142857142857142 0.014285714285714287 0.05714285714285714
0 0.12380952380952381 0.014285714285714285 0.014285714285714287 0.02857142857142857
0 0.1273809523809524 0.07142857142857142 0.01666666666666667 0.05714285714285714
0 0.11071428571428572 0.04285714285714286 0.01666666666666667 0.08571428571428572
0 0.05714285714285715 0.6285714285714286 0.0380952380952381 0.05714285714285714
0 0.11309523809523811 0.8428571428571429 0.011904761904761906 0.05714285714285714
0 0.10952380952380954 0.7928571428571428 0.028571428571428574 0.04285714285714286
0 0.15595238095238095 0.7571428571428571 0.01666666666666667 0.08571428571428572
0 0.1416666666666667 0.7357142857142857 0.011904761904761906 0.07142857142857142
0 0.12976190476190477 0.6857142857142857 0.011904761904761906 0.08571428571428572
0 0.07857142857142858 0.5428571428571428 0.01904761904761905 0.08571428571428572
0 0.10238095238095239 0.9142857142857143 0.014285714285714287 0.05714285714285714
0 0.08095238095238096 0.8642857142857142 0.01904761904761905 0.09999999999999999
0 0.05952380952380953 0.8428571428571429 0.014285714285714287 0.05714285714285714
0 0.06309523809523811 0.7642857142857142 0.02142857142857143 0.07142857142857142
0 0.11190476190476191 0.7357142857142857 0.01904761904761905 0.07142857142857142
0 0.13214285714285715 0.7928571428571428 0.011904761904761906 0.07142857142857142
0 0.08571428571428572 0.6714285714285714 0.014285714285714287 0.05714285714285714
0 0.06190476190476191 0.6857142857142857 0.028571428571428574 0.05714285714285714
0 0.05238095238095239 0.9214285714285714 0.014285714285714287 0.09999999999999999
0 0.08333333333333334 0.9571428571428571 0.014285714285714287 0.05714285714285714
0 0.08333333333333334 0.09285714285714286 0.02380952380952381 0.09999999999999999
0 0.07380952380952381 0.02142857142857143 0.009523809523809525 0.04285714285714286
0 0.05476190476190477 0.02857142857142857 0.01904761904761905 0.05714285714285714
0 0.027380952380952384 0.02142857142857143 0.02142857142857143 0.04285714285714286
0 0.0071428571428571435 0.03571428571428571 0.014285714285714287 0.07142857142857142
0 0.01666666666666667 0.07857142857142857 0.01904761904761905 0.07142857142857142
0 0.034523809523809526 0.06428571428571428 0.01666666666666667 0.04285714285714286
0 0.11309523809523811 0.19285714285714284 0.01666666666666667 0.07142857142857142
0 0.11785714285714287 0.12857142857142856 0.01666666666666667 0.05714285714285714
0 0.09880952380952382 0.09285714285714286 0.011904761904761906 0.04285714285714286
0 0.09166666666666667 0.02142857142857143 0.02142857142857143 0.04285714285714286
0 0.1797619047619048 0.9642857142857143 0.011904761904761906 0.04285714285714286
0 0.14642857142857144 0.9214285714285714 0.011904761904761906 0.04285714285714286
0 0.125 0.42142857142857143 0.03571428571428572 0.07142857142857142
0 0.12380952380952381 0.4928571428571428 0.028571428571428574 0.07142857142857142
0 0.10952380952380954 0.5357142857142857 0.02380952380952381 0.04285714285714286
0 0.09047619047619049 0.46428571428571425 0.0380952380952381 0.07142857142857142
0 0.06309523809523811 0.45714285714285713 0.02142857142857143 0.11428571428571428
0 0.09523809523809525 0.40714285714285714 0.01904761904761905 0.04285714285714286
0 0.09880952380952382 0.35714285714285715 0.030952380952380953 0.05714285714285714
0 0.09761904761904763 0.2785714285714286 0.01904761904761905 0.09999999999999999
0 0.09880952380952382 0.19285714285714284 0.01666666666666667 0.07142857142857142
0 0.07738095238095238 0.20714285714285713 0.02142857142857143 0.09999999999999999
0 0.06309523809523811 0.19999999999999998 0.011904761904761906 0.11428571428571428
0 0.048809523809523817 0.17142857142857143 0.01666666666666667 0.05714285714285714
0 0.0380952380952381 0.11428571428571428 0.01904761904761905 0.05714285714285714
0 0.05714285714285715 0.09999999999999999 0.009523809523809525 0.05714285714285714
0 0.05 0.5357142857142857 0.014285714285714287 0.07142857142857142
0 0.03571428571428572 0.5428571428571428 0.014285714285714287 0.05714285714285714
0 0.03333333333333334 0.4857142857142857 0.02380952380952381 0.05714285714285714
0 0.010714285714285714 0.5428571428571428 0.02142857142857143 0.08571428571428572
0 0.01785714285714286 0.6285714285714286 0.03571428571428572 0.05714285714285714
0 0.14523809523809525 0.47857142857142854 0.01904761904761905 0.07142857142857142
0 0.12619047619047621 0.34285714285714286 0.014285714285714287 0.05714285714285714
0 0.11785714285714287 0.2857142857142857 0.011904761904761906 0.05714285714285714
0 0.13095238095238096 0.21428571428571427 0.014285714285714287 0.05714285714285714
0 0.03333333333333334 0.9 0.009523809523809525 0.05714285714285714
0 0.025 0.9428571428571428 0.011904761904761906 0.05714285714285714
0 0.009523809523809525 0.95 0.009523809523809525 0.04285714285714286
0 0.002380952380952381 0.9214285714285714 0.004761904761904762 0.04285714285714286
0 0.005952380952380953 0.8428571428571429 0.011904761904761906 0.05714285714285714
0 0.03214285714285715 0.7642857142857142 0.01666666666666667 0.04285714285714286
0 0.014285714285714287 0.7857142857142857 0.014285714285714287 0.05714285714285714
0 0.0035714285714285718 0.7428571428571429 0.0071428571428571435 0.05714285714285714
0 0.005952380952380953 0.6857142857142857 0.011904761904761906 0.05714285714285714
0 0.01785714285714286 0.7214285714285714 0.011904761904761906 0.04285714285714286
0 0.0380952380952381 0.7 0.01904761904761905 0.08571428571428572
0 0.0761904761904762 0.3 0.02380952380952381 0.05714285714285714
0 0.06904761904761905 0.35 0.01904761904761905 0.04285714285714286
0 0.05476190476190477 0.3 0.014285714285714287 0.05714285714285714
0 0.03214285714285715 0.40714285714285714 0.01666666666666667 0.07142857142857142
0 0.045238095238095244 0.35714285714285715 0.014285714285714287 0.05714285714285714
0 0.03333333333333334 0.2642857142857143 0.01904761904761905 0.07142857142857142
0 0.03571428571428572 0.19285714285714284 0.014285714285714287 0.07142857142857142
0 0.01904761904761905 0.34285714285714286 0.03333333333333334 0.05714285714285714
0 0.004761904761904762 0.45714285714285713 0.009523809523809525 0.08571428571428572
0 0.01666666666666667 0.4357142857142857 0.014285714285714287 0.04285714285714286
0 0.011904761904761906 0.14285714285714285 0.014285714285714287 0.05714285714285714
0 0.002380952380952381 0.15714285714285714 0.004761904761904762 0.08571428571428572
0 0.015476190476190477 0.22857142857142856 0.01666666666666667 0.08571428571428572
0 0.0035714285714285718 0.2642857142857143 0.0071428571428571435 0.09999999999999999
0 0.04047619047619048 0.8428571428571429 0.014285714285714287 0.05714285714285714
0 0.01785714285714286 0.8714285714285714 0.011904761904761906 0.05714285714285714
1 0.8380952380952382 0.42142857142857143 0.08095238095238096 0.5857142857142857
