0 0.3404761904761905 0.5571428571428572 0.03333333333333334 0.08571428571428572
0 0.5535714285714286 0.17857142857142858 0.02142857142857143 0.15714285714285714
0 0.7119047619047619 0.6357142857142857 0.014285714285714287 0.07142857142857142
0 0.12142857142857144 0.22857142857142856 0.02380952380952381 0.19999999999999998
0 0.010714285714285714 0.22857142857142856 0.011904761904761906 0.05714285714285714
1 0.5452380952380953 0.8142857142857143 0.028571428571428574 0.22857142857142856
0 0.9440476190476191 0.25 0.026190476190476195 0.04285714285714286
0 0.9095238095238096 0.25 0.028571428571428574 0.04285714285714286
0 0.9452380952380953 0.5571428571428572 0.02380952380952381 0.08571428571428572
0 0.8880952380952382 0.6928571428571428 0.02380952380952381 0.09999999999999999
0 0.9261904761904762 0.7 0.02380952380952381 0.11428571428571428
0 0.9214285714285715 0.8214285714285714 0.014285714285714287 0.09999999999999999
0 0.811904761904762 0.6428571428571428 0.01904761904761905 0.08571428571428572
0 0.8476190476190477 0.3071428571428571 0.02380952380952381 0.07142857142857142
0 0.7940476190476191 0.10714285714285714 0.02142857142857143 0.07142857142857142
0 0.5071428571428572 0.04285714285714286 0.01904761904761905 0.05714285714285714
0 0.46666666666666673 0.42142857142857143 0.01904761904761905 0.07142857142857142
0 0.3678571428571429 0.2785714285714286 0.01666666666666667 0.09999999999999999
0 0.22142857142857145 0.7857142857142857 0.014285714285714287 0.08571428571428572
0 0.20952380952380956 0.44285714285714284 0.01904761904761905 0.05714285714285714
0 0.1642857142857143 0.5785714285714285 0.02380952380952381 0.12857142857142856
0 0.10714285714285715 0.6285714285714286 0.01904761904761905 0.08571428571428572
0 0.008333333333333335 0.5642857142857143 0.01666666666666667 0.09999999999999999
0 0.06071428571428572 0.08571428571428572 0.011904761904761906 0.17142857142857143
0 0.08333333333333334 0.4714285714285714 0.014285714285714287 0.08571428571428572
0 0.013095238095238097 0.8071428571428572 0.02142857142857143 0.09999999999999999
0 0.5226190476190476 0.5357142857142857 0.02142857142857143 0.09999999999999999
0 0.5464285714285715 0.4857142857142857 0.02142857142857143 0.11428571428571428
0 0.6785714285714286 0.41428571428571426 0.02380952380952381 0.05714285714285714
0 0.6595238095238096 0.35 0.02380952380952381 0.07142857142857142
0 0.6321428571428572 0.4714285714285714 0.030952380952380953 0.08571428571428572
