0 0.7214285714285715 0.7642857142857142 0.01904761904761905 0.07142857142857142
0 0.14761904761904762 0.2785714285714286 0.014285714285714287 0.09999999999999999
0 0.19642857142857145 0.32857142857142857 0.01666666666666667 0.08571428571428572
0 0.1011904761904762 0.8857142857142857 0.011904761904761906 0.11428571428571428
0 0.015476190476190477 0.6 0.01666666666666667 0.08571428571428572
0 0.02142857142857143 0.16428571428571428 0.028571428571428574 0.12857142857142856
0 0.125 0.3071428571428571 0.01666666666666667 0.07142857142857142
0 0.2154761904761905 0.8857142857142857 0.01666666666666667 0.08571428571428572
0 0.3440476190476191 0.7999999999999999 0.01666666666666667 0.08571428571428572
0 0.4488095238095238 0.45714285714285713 0.02142857142857143 0.08571428571428572
0 0.2011904761904762 0.5714285714285714 0.01666666666666667 0.05714285714285714
0 0.18452380952380953 0.6071428571428571 0.02142857142857143 0.07142857142857142
0 0.3642857142857143 0.42857142857142855 0.014285714285714287 0.05714285714285714
0 0.6392857142857143 0.7928571428571428 0.01666666666666667 0.12857142857142856
0 0.5797619047619048 0.5571428571428572 0.011904761904761906 0.08571428571428572
0 0.5178571428571429 0.6714285714285714 0.02142857142857143 0.11428571428571428
0 0.775 0.7285714285714285 0.026190476190476195 0.08571428571428572
0 0.911904761904762 0.6142857142857142 0.014285714285714287 0.08571428571428572
0 0.7964285714285715 0.2357142857142857 0.011904761904761906 0.09999999999999999
0 0.8702380952380954 0.42857142857142855 0.026190476190476195 0.08571428571428572
0 0.2619047619047619 0.3214285714285714 0.01904761904761905 0.07142857142857142
0 0.5797619047619048 0.25 0.011904761904761906 0.09999999999999999
0 0.3595238095238096 0.6285714285714286 0.014285714285714287 0.08571428571428572
0 0.9261904761904762 0.37857142857142856 0.01904761904761905 0.07142857142857142
0 0.775 0.5357142857142857 0.02142857142857143 0.07142857142857142
