0 0.3261904761904762 0.3857142857142857 0.02380952380952381 0.11428571428571428
0 0.46071428571428574 0.5857142857142857 0.026190476190476195 0.08571428571428572
0 0.6595238095238096 0.41428571428571426 0.014285714285714287 0.08571428571428572
0 0.5154761904761905 0.9571428571428571 0.026190476190476195 0.05714285714285714
0 0.5690476190476191 0.24285714285714285 0.01904761904761905 0.11428571428571428
0 0.8190476190476191 0.8071428571428572 0.01904761904761905 0.09999999999999999
0 0.8702380952380954 0.8857142857142857 0.01666666666666667 0.11428571428571428
0 0.8488095238095239 0.7714285714285714 0.026190476190476195 0.11428571428571428
0 0.7547619047619049 0.5571428571428572 0.02380952380952381 0.08571428571428572
0 0.5916666666666667 0.6571428571428571 0.011904761904761906 0.08571428571428572
0 0.7595238095238096 0.10714285714285714 0.014285714285714287 0.12857142857142856
0 0.5821428571428572 0.9285714285714285 0.026190476190476195 0.08571428571428572
0 0.9285714285714286 0.37857142857142856 0.01904761904761905 0.09999999999999999
