0 0.06547619047619048 0.45714285714285713 0.01666666666666667 0.08571428571428572
0 0.22976190476190478 0.08571428571428572 0.030952380952380953 0.17142857142857143
0 0.45000000000000007 0.37857142857142856 0.014285714285714287 0.09999999999999999
0 0.5285714285714286 0.22142857142857142 0.01904761904761905 0.09999999999999999
0 0.7119047619047619 0.32857142857142857 0.014285714285714287 0.11428571428571428
0 0.7511904761904763 0.17857142857142858 0.011904761904761906 0.09999999999999999
0 0.7892857142857144 0.6785714285714286 0.02142857142857143 0.09999999999999999
0 0.5083333333333334 0.8785714285714286 0.01666666666666667 0.09999999999999999
0 0.3726190476190476 0.42857142857142855 0.01666666666666667 0.11428571428571428
0 0.3178571428571429 0.3214285714285714 0.02142857142857143 0.12857142857142856
0 0.9773809523809525 0.32857142857142857 0.011904761904761906 0.11428571428571428
0 0.9071428571428573 0.06428571428571428 0.01904761904761905 0.12857142857142856
0 0.8642857142857143 0.03571428571428571 0.01904761904761905 0.07142857142857142
0 0.8511904761904763 0.5 0.01666666666666667 0.14285714285714285
0 0.8416666666666668 0.2642857142857143 0.01666666666666667 0.09999999999999999
0 0.9535714285714286 0.5214285714285715 0.01666666666666667 0.12857142857142856
0 0.6107142857142858 0.9285714285714285 0.026190476190476195 0.11428571428571428
0 0.6095238095238096 0.2857142857142857 0.02380952380952381 0.11428571428571428
0 0.1416666666666667 0.32857142857142857 0.02142857142857143 0.2571428571428571
0 0.08928571428571429 0.8428571428571429 0.030952380952380953 0.2857142857142857
0 0.4047619047619048 0.6785714285714286 0.014285714285714287 0.12857142857142856
0 0.43214285714285716 0.2857142857142857 0.011904761904761906 0.08571428571428572
0 0.5571428571428572 0.45 0.014285714285714287 0.09999999999999999
0 0.5238095238095238 0.7571428571428571 0.014285714285714287 0.14285714285714285
0 0.7797619047619049 0.5142857142857142 0.011904761904761906 0.14285714285714285
0 0.7142857142857143 0.04285714285714286 0.014285714285714287 0.08571428571428572
0 0.14642857142857144 0.11428571428571428 0.01666666666666667 0.08571428571428572
0 0.36190476190476195 0.5928571428571429 0.014285714285714287 0.09999999999999999
