0 0.10595238095238096 0.014285714285714285 0.01666666666666667 0.02857142857142857
0 0.002380952380952381 0.32857142857142857 0.004761904761904762 0.05714285714285714
0 0.03333333333333334 0.35 0.014285714285714287 0.07142857142857142
0 0.03333333333333334 0.44285714285714284 0.009523809523809525 0.05714285714285714
0 0.05238095238095239 0.42142857142857143 0.009523809523809525 0.04285714285714286
0 0.0761904761904762 0.4928571428571428 0.014285714285714287 0.07142857142857142
0 0.1761904761904762 0.5 0.014285714285714287 0.08571428571428572
0 0.5523809523809524 0.6785714285714286 0.01904761904761905 0.07142857142857142
0 0.5928571428571429 0.3071428571428571 0.014285714285714287 0.07142857142857142
0 0.605952380952381 0.2785714285714286 0.0071428571428571435 0.04285714285714286
0 0.6190476190476191 0.47857142857142854 0.01904761904761905 0.12857142857142856
0 0.6821428571428572 0.5428571428571428 0.06904761904761905 0.3142857142857143
0 0.7416666666666667 0.3857142857142857 0.05476190476190477 0.42857142857142855
0 0.8595238095238096 0.65 0.04285714285714286 0.12857142857142856
0 0.9464285714285715 0.7357142857142857 0.05 0.18571428571428572
1 0.9654761904761906 0.42142857142857143 0.05476190476190477 0.35714285714285715
0 0.8190476190476191 0.12142857142857143 0.03333333333333334 0.07142857142857142
0 0.3583333333333334 0.42142857142857143 0.02142857142857143 0.04285714285714286
0 0.3797619047619048 0.2571428571428571 0.09761904761904763 0.5142857142857142
0 0.2904761904761905 0.6 0.009523809523809525 0.05714285714285714
0 0.42619047619047623 0.7428571428571429 0.009523809523809525 0.05714285714285714
0 0.40952380952380957 0.6642857142857143 0.009523809523809525 0.07142857142857142
0 0.12976190476190477 0.7928571428571428 0.0071428571428571435 0.04285714285714286
0 0.13333333333333336 0.5071428571428571 0.009523809523809525 0.21428571428571427
0 0.13571428571428573 0.3 0.04285714285714286 0.19999999999999998
0 0.2011904761904762 0.35714285714285715 0.01666666666666667 0.19999999999999998
0 0.2880952380952381 0.46428571428571425 0.014285714285714287 0.07142857142857142
0 0.3178571428571429 0.5214285714285715 0.011904761904761906 0.07142857142857142
0 0.6630952380952382 0.05714285714285714 0.011904761904761906 0.05714285714285714
0 0.9654761904761906 0.02142857142857143 0.0071428571428571435 0.04285714285714286
0 0.855952380952381 0.15 0.0071428571428571435 0.04285714285714286
0 0.7714285714285715 0.7285714285714285 0.014285714285714287 0.05714285714285714
0 0.8285714285714286 0.6857142857142857 0.014285714285714287 0.11428571428571428
0 0.8916666666666667 0.6642857142857143 0.0071428571428571435 0.04285714285714286
0 0.9035714285714287 0.6285714285714286 0.011904761904761906 0.05714285714285714
0 0.9130952380952382 0.8428571428571429 0.011904761904761906 0.05714285714285714
0 0.9000000000000001 0.7999999999999999 0.009523809523809525 0.02857142857142857
0 0.9285714285714286 0.7571428571428571 0.009523809523809525 0.05714285714285714
0 0.936904761904762 0.5928571428571429 0.011904761904761906 0.07142857142857142
0 0.8726190476190477 0.45 0.0071428571428571435 0.04285714285714286
0 0.9023809523809525 0.4714285714285714 0.009523809523809525 0.05714285714285714
0 0.8952380952380953 0.2571428571428571 0.004761904761904762 0.05714285714285714
0 0.9023809523809525 0.3214285714285714 0.009523809523809525 0.04285714285714286
0 0.9345238095238096 0.3 0.011904761904761906 0.05714285714285714
0 0.9535714285714286 0.15 0.0071428571428571435 0.04285714285714286
0 0.811904761904762 0.39999999999999997 0.014285714285714287 0.02857142857142857
0 0.9047619047619049 0.049999999999999996 0.009523809523809525 0.07142857142857142
0 0.8928571428571429 0.02142857142857143 0.009523809523809525 0.04285714285714286
0 0.8404761904761906 0.4714285714285714 0.009523809523809525 0.05714285714285714
0 0.8404761904761906 0.41428571428571426 0.009523809523809525 0.05714285714285714
0 0.8488095238095239 0.37857142857142856 0.011904761904761906 0.07142857142857142
0 0.7833333333333334 0.35 0.009523809523809525 0.07142857142857142
0 0.19166666666666668 0.7642857142857142 0.011904761904761906 0.04285714285714286
0 0.17500000000000002 0.7928571428571428 0.011904761904761906 0.04285714285714286
0 0.16785714285714287 0.6928571428571428 0.0071428571428571435 0.04285714285714286
0 0.14880952380952384 0.6571428571428571 0.0071428571428571435 0.08571428571428572
0 0.3440476190476191 0.6857142857142857 0.0071428571428571435 0.05714285714285714
0 0.32023809523809527 0.7357142857142857 0.01666666666666667 0.07142857142857142
0 0.275 0.6714285714285714 0.02142857142857143 0.14285714285714285
0 0.24642857142857144 0.5642857142857143 0.011904761904761906 0.07142857142857142
0 0.2404761904761905 0.4714285714285714 0.014285714285714287 0.05714285714285714
0 0.26071428571428573 0.47857142857142854 0.0071428571428571435 0.04285714285714286
0 0.15476190476190477 0.07142857142857142 0.009523809523809525 0.05714285714285714
0 0.1773809523809524 0.17857142857142858 0.011904761904761906 0.04285714285714286
0 0.1773809523809524 0.2857142857142857 0.01666666666666667 0.08571428571428572
0 0.28452380952380957 0.19285714285714284 0.02142857142857143 0.07142857142857142
0 0.3166666666666667 0.25 0.014285714285714287 0.04285714285714286
0 0.4166666666666667 0.12142857142857143 0.009523809523809525 0.07142857142857142
0 0.48690476190476195 0.44285714285714284 0.011904761904761906 0.05714285714285714
0 0.46071428571428574 0.3071428571428571 0.011904761904761906 0.04285714285714286
0 0.4785714285714286 0.3 0.009523809523809525 0.05714285714285714
0 0.5440476190476191 0.2857142857142857 0.011904761904761906 0.02857142857142857
0 0.5333333333333334 0.41428571428571426 0.009523809523809525 0.05714285714285714
0 0.6345238095238096 0.2714285714285714 0.011904761904761906 0.05714285714285714
0 0.6261904761904763 0.17857142857142858 0.009523809523809525 0.04285714285714286
0 0.6833333333333333 0.2714285714285714 0.009523809523809525 0.02857142857142857
0 0.7023809523809524 0.3214285714285714 0.009523809523809525 0.04285714285714286
0 0.6988095238095239 0.2571428571428571 0.0071428571428571435 0.05714285714285714
0 0.7190476190476192 0.2357142857142857 0.009523809523809525 0.04285714285714286
0 0.2392857142857143 0.75 0.011904761904761906 0.04285714285714286
0 0.2154761904761905 0.7714285714285714 0.011904761904761906 0.05714285714285714
0 0.22380952380952382 0.7071428571428571 0.009523809523809525 0.07142857142857142
0 0.21904761904761907 0.6142857142857142 0.009523809523809525 0.05714285714285714
0 0.2273809523809524 0.5857142857142857 0.02142857142857143 0.08571428571428572
0 0.04047619047619048 0.7928571428571428 0.004761904761904762 0.07142857142857142
0 0.053571428571428575 0.6142857142857142 0.011904761904761906 0.05714285714285714
0 0.11547619047619048 0.5928571428571429 0.011904761904761906 0.07142857142857142
0 0.08095238095238096 0.15714285714285714 0.009523809523809525 0.05714285714285714
0 0.09523809523809525 0.14285714285714285 0.009523809523809525 0.05714285714285714
0 0.2273809523809524 0.07142857142857142 0.011904761904761906 0.08571428571428572
0 0.45000000000000007 0.5857142857142857 0.009523809523809525 0.05714285714285714
0 0.6452380952380953 0.7857142857142857 0.014285714285714287 0.05714285714285714
0 0.6666666666666667 0.7571428571428571 0.004761904761904762 0.02857142857142857
0 0.686904761904762 0.7571428571428571 0.0071428571428571435 0.05714285714285714
0 0.4845238095238096 0.5428571428571428 0.011904761904761906 0.02857142857142857
0 0.4761904761904762 0.6357142857142857 0.009523809523809525 0.04285714285714286
0 0.5845238095238096 0.4357142857142857 0.011904761904761906 0.04285714285714286
0 0.8690476190476192 0.2857142857142857 0.01904761904761905 0.05714285714285714
0 0.811904761904762 0.34285714285714286 0.009523809523809525 0.02857142857142857
0 0.9833333333333334 0.09285714285714286 0.009523809523809525 0.04285714285714286
0 0.9940476190476192 0.049999999999999996 0.0071428571428571435 0.04285714285714286
0 0.8190476190476191 0.8357142857142857 0.004761904761904762 0.04285714285714286
0 0.7928571428571429 0.45714285714285713 0.009523809523809525 0.05714285714285714
0 0.8238095238095239 0.4714285714285714 0.009523809523809525 0.05714285714285714
0 0.842857142857143 0.22857142857142856 0.009523809523809525 0.05714285714285714
0 0.430952380952381 0.16428571428571428 0.009523809523809525 0.07142857142857142
0 0.45000000000000007 0.02142857142857143 0.009523809523809525 0.04285714285714286
0 0.46547619047619054 0.05714285714285714 0.0071428571428571435 0.05714285714285714
0 0.44761904761904764 0.21428571428571427 0.009523809523809525 0.05714285714285714
0 0.4357142857142858 0.3 0.004761904761904762 0.05714285714285714
0 0.48809523809523814 0.09285714285714286 0.009523809523809525 0.07142857142857142
0 0.4964285714285715 0.2714285714285714 0.0071428571428571435 0.05714285714285714
0 0.5083333333333334 0.3214285714285714 0.011904761904761906 0.04285714285714286
0 0.09404761904761906 0.36428571428571427 0.011904761904761906 0.04285714285714286
0 0.05476190476190477 0.3071428571428571 0.009523809523809525 0.07142857142857142
0 0.3642857142857143 0.03571428571428571 0.009523809523809525 0.07142857142857142
0 0.5750000000000001 0.2642857142857143 0.011904761904761906 0.04285714285714286
0 0.7809523809523811 0.14285714285714285 0.004761904761904762 0.05714285714285714
0 0.9714285714285715 0.18571428571428572 0.009523809523809525 0.05714285714285714
0 0.0035714285714285718 0.85 0.0071428571428571435 0.04285714285714286
0 0.01904761904761905 0.8642857142857142 0.014285714285714287 0.04285714285714286
0 0.10595238095238096 0.8357142857142857 0.0071428571428571435 0.04285714285714286
0 0.12142857142857144 0.75 0.009523809523809525 0.09999999999999999
0 0.09642857142857143 0.7428571428571429 0.0071428571428571435 0.05714285714285714
0 0.09880952380952382 0.65 0.011904761904761906 0.07142857142857142
0 0.19523809523809527 0.049999999999999996 0.009523809523809525 0.04285714285714286
0 0.23333333333333336 0.22857142857142856 0.009523809523809525 0.08571428571428572
0 0.2690476190476191 0.15714285714285714 0.014285714285714287 0.05714285714285714
0 0.25238095238095243 0.05714285714285714 0.009523809523809525 0.02857142857142857
0 0.5297619047619048 0.6214285714285714 0.011904761904761906 0.04285714285714286
0 0.5261904761904762 0.5071428571428571 0.009523809523809525 0.04285714285714286
0 0.5916666666666667 0.17857142857142858 0.0071428571428571435 0.07142857142857142
0 0.5392857142857144 0.21428571428571427 0.0071428571428571435 0.05714285714285714
0 0.5535714285714286 0.21428571428571427 0.011904761904761906 0.05714285714285714
0 0.5011904761904762 0.39999999999999997 0.0071428571428571435 0.05714285714285714
0 0.5202380952380953 0.37142857142857144 0.011904761904761906 0.05714285714285714
0 0.5154761904761905 0.47857142857142854 0.0071428571428571435 0.07142857142857142
0 0.4547619047619048 0.4928571428571428 0.014285714285714287 0.07142857142857142
0 0.4845238095238096 0.7785714285714286 0.0071428571428571435 0.04285714285714286
0 0.49880952380952387 0.6785714285714286 0.0071428571428571435 0.04285714285714286
0 0.4035714285714286 0.5357142857142857 0.01666666666666667 0.07142857142857142
0 0.42619047619047623 0.5214285714285715 0.04285714285714286 0.24285714285714285
0 0.5095238095238096 0.05714285714285714 0.028571428571428574 0.11428571428571428
0 0.6095238095238096 0.049999999999999996 0.02380952380952381 0.09999999999999999
0 0.7142857142857143 0.12857142857142856 0.014285714285714287 0.08571428571428572
0 0.7345238095238096 0.07142857142857142 0.01666666666666667 0.14285714285714285
0 0.8940476190476191 0.09999999999999999 0.04047619047619048 0.14285714285714285
0 0.16785714285714287 0.6 0.011904761904761906 0.08571428571428572
0 0.30952380952380953 0.36428571428571427 0.014285714285714287 0.09999999999999999
0 0.25238095238095243 0.37857142857142856 0.009523809523809525 0.04285714285714286
0 0.1273809523809524 0.11428571428571428 0.02142857142857143 0.17142857142857143
0 0.025 0.11428571428571428 0.011904761904761906 0.05714285714285714
0 0.027380952380952384 0.5642857142857143 0.0071428571428571435 0.07142857142857142
0 0.04404761904761905 0.5571428571428572 0.01666666666666667 0.02857142857142857
0 0.36904761904761907 0.7785714285714286 0.009523809523809525 0.04285714285714286
0 0.380952380952381 0.7928571428571428 0.009523809523809525 0.04285714285714286
0 0.6000000000000001 0.7285714285714285 0.009523809523809525 0.08571428571428572
0 0.5261904761904762 0.7285714285714285 0.009523809523809525 0.05714285714285714
0 0.65 0.3142857142857143 0.009523809523809525 0.05714285714285714
0 0.6761904761904762 0.12142857142857143 0.014285714285714287 0.04285714285714286
0 0.6940476190476191 0.09999999999999999 0.011904761904761906 0.05714285714285714
0 0.7083333333333334 0.4714285714285714 0.011904761904761906 0.05714285714285714
0 0.675 0.5499999999999999 0.011904761904761906 0.04285714285714286
0 0.5547619047619048 0.02142857142857143 0.009523809523809525 0.04285714285714286
0 0.7476190476190477 0.11428571428571428 0.004761904761904762 0.02857142857142857
0 0.7595238095238096 0.11428571428571428 0.009523809523809525 0.02857142857142857
0 0.6464285714285715 0.014285714285714285 0.011904761904761906 0.02857142857142857
0 0.7035714285714286 0.014285714285714285 0.011904761904761906 0.02857142857142857
0 0.5452380952380953 0.5642857142857143 0.009523809523809525 0.07142857142857142
0 0.5547619047619048 0.47857142857142854 0.009523809523809525 0.04285714285714286
0 0.3404761904761905 0.5857142857142857 0.009523809523809525 0.05714285714285714
0 0.3535714285714286 0.5428571428571428 0.0071428571428571435 0.02857142857142857
0 0.3595238095238096 0.6 0.004761904761904762 0.02857142857142857
0 0.36904761904761907 0.5642857142857143 0.009523809523809525 0.07142857142857142
0 0.3023809523809524 0.6428571428571428 0.004761904761904762 0.08571428571428572
0 0.21071428571428574 0.007142857142857143 0.0071428571428571435 0.014285714285714285
0 0.30119047619047623 0.07857142857142857 0.011904761904761906 0.04285714285714286
0 0.31309523809523815 0.14285714285714285 0.011904761904761906 0.05714285714285714
0 0.3285714285714286 0.03571428571428571 0.009523809523809525 0.07142857142857142
0 0.5976190476190477 0.3857142857142857 0.009523809523809525 0.05714285714285714
0 0.6726190476190477 0.2857142857142857 0.0071428571428571435 0.05714285714285714
0 0.6892857142857144 0.21428571428571427 0.0071428571428571435 0.05714285714285714
0 0.7916666666666667 0.1357142857142857 0.0071428571428571435 0.04285714285714286
0 0.9797619047619048 0.7642857142857142 0.011904761904761906 0.04285714285714286
0 0.3940476190476191 0.7071428571428571 0.0071428571428571435 0.04285714285714286
0 0.3392857142857143 0.7571428571428571 0.0071428571428571435 0.05714285714285714
0 0.2821428571428572 0.35 0.011904761904761906 0.014285714285714285
0 0.27142857142857146 0.4357142857142857 0.009523809523809525 0.07142857142857142
0 0.45238095238095244 0.12142857142857143 0.009523809523809525 0.04285714285714286
0 0.48571428571428577 0.21428571428571427 0.014285714285714287 0.02857142857142857
0 0.055952380952380955 0.18571428571428572 0.011904761904761906 0.05714285714285714
0 0.03333333333333334 0.19285714285714284 0.004761904761904762 0.04285714285714286
0 0.22261904761904763 0.3357142857142857 0.01666666666666667 0.07142857142857142
0 0.21309523809523812 0.5 0.011904761904761906 0.05714285714285714
0 0.5488095238095239 0.35 0.011904761904761906 0.04285714285714286
0 0.536904761904762 0.34285714285714286 0.011904761904761906 0.02857142857142857
0 0.6047619047619048 0.5785714285714285 0.009523809523809525 0.04285714285714286
0 0.6095238095238096 0.6642857142857143 0.004761904761904762 0.04285714285714286
0 0.01666666666666667 0.7142857142857143 0.009523809523809525 0.05714285714285714
0 0.01666666666666667 0.02857142857142857 0.009523809523809525 0.05714285714285714
0 0.030952380952380953 0.02857142857142857 0.009523809523809525 0.05714285714285714
0 0.07738095238095238 0.3071428571428571 0.0071428571428571435 0.04285714285714286
0 0.08690476190476192 0.2357142857142857 0.0071428571428571435 0.04285714285714286
0 0.3452380952380953 0.17142857142857143 0.009523809523809525 0.08571428571428572
0 0.5797619047619048 0.05714285714285714 0.011904761904761906 0.05714285714285714
0 0.8023809523809524 0.6142857142857142 0.009523809523809525 0.08571428571428572
0 0.7880952380952382 0.7214285714285714 0.004761904761904762 0.04285714285714286
0 0.8011904761904762 0.7214285714285714 0.011904761904761906 0.04285714285714286
0 0.7904761904761906 0.7999999999999999 0.009523809523809525 0.05714285714285714
0 0.7809523809523811 0.6357142857142857 0.009523809523809525 0.04285714285714286
0 0.7107142857142857 0.7857142857142857 0.011904761904761906 0.05714285714285714
0 0.9178571428571429 0.34285714285714286 0.0071428571428571435 0.05714285714285714
0 0.9357142857142858 0.12857142857142856 0.01904761904761905 0.17142857142857143
0 0.942857142857143 0.007142857142857143 0.014285714285714287 0.014285714285714285
0 0.8511904761904763 0.05714285714285714 0.030952380952380953 0.08571428571428572
0 0.7500000000000001 0.05714285714285714 0.009523809523809525 0.05714285714285714
0 0.761904761904762 0.02142857142857143 0.009523809523809525 0.04285714285714286
0 0.6345238095238096 0.7 0.01666666666666667 0.02857142857142857
0 0.8523809523809525 0.5214285714285715 0.009523809523809525 0.04285714285714286
0 0.861904761904762 0.22142857142857142 0.009523809523809525 0.07142857142857142
0 0.7761904761904762 0.2642857142857143 0.009523809523809525 0.07142857142857142
0 0.7726190476190476 0.07857142857142857 0.0071428571428571435 0.04285714285714286
0 0.5464285714285715 0.1357142857142857 0.026190476190476195 0.07142857142857142
0 0.530952380952381 0.03571428571428571 0.014285714285714287 0.04285714285714286
0 0.7988095238095239 0.014285714285714285 0.011904761904761906 0.02857142857142857
0 0.02023809523809524 0.4357142857142857 0.0071428571428571435 0.04285714285714286
0 0.02380952380952381 0.2785714285714286 0.014285714285714287 0.04285714285714286
0 0.07976190476190477 0.014285714285714285 0.0071428571428571435 0.02857142857142857
0 0.06904761904761905 0.07142857142857142 0.004761904761904762 0.02857142857142857
0 0.05952380952380953 0.007142857142857143 0.004761904761904762 0.014285714285714285
0 0.27976190476190477 0.04285714285714286 0.011904761904761906 0.08571428571428572
0 0.5666666666666668 0.42857142857142855 0.009523809523809525 0.02857142857142857
0 0.6285714285714287 0.07857142857142857 0.009523809523809525 0.07142857142857142
0 0.6523809523809524 0.12142857142857143 0.009523809523809525 0.07142857142857142
0 0.6630952380952382 0.21428571428571427 0.02142857142857143 0.11428571428571428
0 0.4357142857142858 0.7928571428571428 0.009523809523809525 0.04285714285714286
0 0.2511904761904762 0.15 0.0071428571428571435 0.04285714285714286
0 0.16785714285714287 0.09285714285714286 0.011904761904761906 0.04285714285714286
0 0.17261904761904764 0.02142857142857143 0.0071428571428571435 0.04285714285714286
0 0.14523809523809525 0.014285714285714285 0.009523809523809525 0.02857142857142857
0 0.15952380952380954 0.02142857142857143 0.009523809523809525 0.04285714285714286
0 0.06309523809523811 0.6785714285714286 0.0071428571428571435 0.04285714285714286
0 0.045238095238095244 0.6785714285714286 0.009523809523809525 0.04285714285714286
0 0.11190476190476191 0.5357142857142857 0.009523809523809525 0.04285714285714286
0 0.8642857142857143 0.8428571428571429 0.014285714285714287 0.05714285714285714
0 0.8773809523809525 0.7857142857142857 0.011904761904761906 0.05714285714285714
0 0.8095238095238096 0.2857142857142857 0.009523809523809525 0.05714285714285714
0 0.8285714285714286 0.24285714285714285 0.014285714285714287 0.05714285714285714
0 0.9130952380952382 0.2785714285714286 0.0071428571428571435 0.07142857142857142
0 0.505952380952381 0.75 0.011904761904761906 0.04285714285714286
0 0.5023809523809524 0.5571428571428572 0.014285714285714287 0.08571428571428572
0 0.05476190476190477 0.7714285714285714 0.009523809523809525 0.05714285714285714
0 0.06071428571428572 0.8571428571428571 0.011904761904761906 0.05714285714285714
0 0.19642857142857145 0.1357142857142857 0.0071428571428571435 0.04285714285714286
0 0.19523809523809527 0.21428571428571427 0.009523809523809525 0.02857142857142857
0 0.21309523809523812 0.1357142857142857 0.0071428571428571435 0.04285714285714286
0 0.5154761904761905 0.2714285714285714 0.0071428571428571435 0.02857142857142857
0 0.5238095238095238 0.19999999999999998 0.014285714285714287 0.05714285714285714
0 0.5690476190476191 0.18571428571428572 0.009523809523809525 0.05714285714285714
0 0.9285714285714286 0.4857142857142857 0.009523809523809525 0.11428571428571428
0 0.9738095238095239 0.41428571428571426 0.009523809523809525 0.05714285714285714
0 0.9750000000000001 0.4857142857142857 0.0071428571428571435 0.05714285714285714
0 0.9464285714285715 0.8714285714285714 0.011904761904761906 0.05714285714285714
0 0.967857142857143 0.8714285714285714 0.0071428571428571435 0.05714285714285714
0 0.5714285714285715 0.7214285714285714 0.009523809523809525 0.04285714285714286
0 0.5750000000000001 0.4928571428571428 0.0071428571428571435 0.07142857142857142
0 0.5761904761904763 0.5928571428571429 0.009523809523809525 0.04285714285714286
0 0.594047619047619 0.6214285714285714 0.0071428571428571435 0.04285714285714286
0 0.6857142857142857 0.37142857142857144 0.014285714285714287 0.05714285714285714
0 0.12142857142857144 0.44285714285714284 0.009523809523809525 0.05714285714285714
0 0.10595238095238096 0.19285714285714284 0.011904761904761906 0.04285714285714286
0 0.11071428571428572 0.12142857142857143 0.0071428571428571435 0.04285714285714286
0 0.09642857142857143 0.07142857142857142 0.0071428571428571435 0.02857142857142857
0 0.0011904761904761906 0.04285714285714286 0.002380952380952381 0.05714285714285714
0 0.013095238095238097 0.17857142857142858 0.011904761904761906 0.07142857142857142
0 0.009523809523809525 0.45 0.009523809523809525 0.07142857142857142
0 0.013095238095238097 0.5785714285714285 0.011904761904761906 0.04285714285714286
0 0.1797619047619048 0.6928571428571428 0.0071428571428571435 0.04285714285714286
0 0.20714285714285716 0.6714285714285714 0.009523809523809525 0.05714285714285714
0 0.1892857142857143 0.5642857142857143 0.0071428571428571435 0.04285714285714286
0 0.15000000000000002 0.5428571428571428 0.014285714285714287 0.05714285714285714
0 0.1619047619047619 0.47857142857142854 0.014285714285714287 0.04285714285714286
0 0.25238095238095243 0.007142857142857143 0.004761904761904762 0.014285714285714285
0 0.47261904761904766 0.44285714285714284 0.0071428571428571435 0.02857142857142857
0 0.7773809523809525 0.45714285714285713 0.0071428571428571435 0.05714285714285714
0 0.8678571428571429 0.5499999999999999 0.0071428571428571435 0.04285714285714286
0 0.8821428571428572 0.3857142857142857 0.0071428571428571435 0.05714285714285714
0 0.8630952380952381 0.36428571428571427 0.0071428571428571435 0.04285714285714286
0 0.8607142857142858 0.45 0.0071428571428571435 0.07142857142857142
0 0.830952380952381 0.39285714285714285 0.009523809523809525 0.04285714285714286
0 0.09285714285714286 0.8214285714285714 0.009523809523809525 0.04285714285714286
0 0.07380952380952381 0.7214285714285714 0.014285714285714287 0.04285714285714286
0 0.07857142857142858 0.6 0.02380952380952381 0.05714285714285714
0 0.09642857142857143 0.47857142857142854 0.0071428571428571435 0.04285714285714286
0 0.09404761904761906 0.5499999999999999 0.0071428571428571435 0.04285714285714286
0 0.05952380952380953 0.5214285714285715 0.009523809523809525 0.04285714285714286
0 0.07976190476190477 0.42142857142857143 0.0071428571428571435 0.04285714285714286
0 0.06190476190476191 0.46428571428571425 0.004761904761904762 0.04285714285714286
0 0.045238095238095244 0.25 0.009523809523809525 0.07142857142857142
0 0.04047619047619048 0.15 0.009523809523809525 0.07142857142857142
0 0.04404761904761905 0.02857142857142857 0.0071428571428571435 0.02857142857142857
0 0.045238095238095244 0.07857142857142857 0.004761904761904762 0.04285714285714286
0 0.05833333333333334 0.11428571428571428 0.0071428571428571435 0.05714285714285714
0 0.24285714285714288 0.35 0.009523809523809525 0.014285714285714285
0 0.25952380952380955 0.2714285714285714 0.02380952380952381 0.08571428571428572
0 0.31428571428571433 0.03571428571428571 0.004761904761904762 0.04285714285714286
0 0.4488095238095238 0.6785714285714286 0.0071428571428571435 0.014285714285714285
0 0.46190476190476193 0.6357142857142857 0.009523809523809525 0.07142857142857142
0 0.44523809523809527 0.3857142857142857 0.009523809523809525 0.05714285714285714
0 0.16071428571428573 0.7928571428571428 0.011904761904761906 0.04285714285714286
0 0.013095238095238097 0.5428571428571428 0.0071428571428571435 0.05714285714285714
0 0.10595238095238096 0.2785714285714286 0.011904761904761906 0.04285714285714286
0 0.6333333333333334 0.5928571428571429 0.009523809523809525 0.04285714285714286
0 0.7892857142857144 0.5499999999999999 0.0071428571428571435 0.04285714285714286
0 0.36190476190476195 0.09999999999999999 0.009523809523809525 0.05714285714285714
0 0.22142857142857145 0.39285714285714285 0.009523809523809525 0.04285714285714286
0 0.4702380952380953 0.12857142857142856 0.011904761904761906 0.05714285714285714
0 0.7988095238095239 0.32857142857142857 0.011904761904761906 0.05714285714285714
0 0.9857142857142858 0.16428571428571428 0.009523809523809525 0.04285714285714286
0 0.4761904761904762 0.6928571428571428 0.009523809523809525 0.04285714285714286
0 0.29523809523809524 0.7285714285714285 0.009523809523809525 0.05714285714285714
