0 0.6773809523809524 0.8214285714285714 0.01666666666666667 0.12857142857142856
0 0.06785714285714287 0.8285714285714285 0.02142857142857143 0.11428571428571428
0 0.3321428571428572 0.8142857142857143 0.01666666666666667 0.05714285714285714
0 0.330952380952381 0.75 0.01904761904761905 0.04285714285714286
0 0.5035714285714287 0.4928571428571428 0.02142857142857143 0.07142857142857142
0 0.7714285714285715 0.21428571428571427 0.01904761904761905 0.08571428571428572
0 0.9297619047619049 0.07142857142857142 0.01666666666666667 0.08571428571428572
0 0.961904761904762 0.5857142857142857 0.014285714285714287 0.08571428571428572
0 0.2880952380952381 0.41428571428571426 0.014285714285714287 0.08571428571428572
0 0.5773809523809524 0.2357142857142857 0.01666666666666667 0.09999999999999999
0 0.4761904761904762 0.02142857142857143 0.01904761904761905 0.04285714285714286
0 0.8547619047619048 0.3357142857142857 0.014285714285714287 0.09999999999999999
0 0.7297619047619048 0.2357142857142857 0.02142857142857143 0.09999999999999999
0 0.7690476190476191 0.6785714285714286 0.02380952380952381 0.09999999999999999
0 0.611904761904762 0.9071428571428571 0.04761904761904762 0.12857142857142856
