0 0.6547619047619048 0.39999999999999997 0.01904761904761905 0.14285714285714285
0 0.2416666666666667 0.9714285714285714 0.01666666666666667 0.02857142857142857
0 0.5785714285714286 0.2571428571428571 0.014285714285714287 0.05714285714285714
0 0.6773809523809524 0.03571428571428571 0.01666666666666667 0.07142857142857142
0 0.7571428571428572 0.41428571428571426 0.01904761904761905 0.05714285714285714
0 0.9380952380952382 0.5714285714285714 0.01904761904761905 0.08571428571428572
0 0.2773809523809524 0.12857142857142856 0.026190476190476195 0.08571428571428572
0 0.015476190476190477 0.17142857142857143 0.01666666666666667 0.05714285714285714
0 0.6404761904761905 0.5214285714285715 0.01904761904761905 0.09999999999999999
0 0.23214285714285715 0.42857142857142855 0.01666666666666667 0.11428571428571428
0 0.3916666666666667 0.47857142857142854 0.030952380952380953 0.07142857142857142
0 0.08690476190476192 0.32857142857142857 0.026190476190476195 0.08571428571428572
0 0.7988095238095239 0.3 0.01666666666666667 0.08571428571428572
