0 0.5440476190476191 0.8142857142857143 0.01666666666666667 0.14285714285714285
0 0.2416666666666667 0.3857142857142857 0.026190476190476195 0.08571428571428572
0 0.6404761904761905 0.2357142857142857 0.01904761904761905 0.12857142857142856
0 0.6392857142857143 0.40714285714285714 0.02142857142857143 0.15714285714285714
0 0.675 0.8857142857142857 0.01666666666666667 0.14285714285714285
0 0.755952380952381 0.11428571428571428 0.01666666666666667 0.14285714285714285
0 0.8642857142857143 0.5428571428571428 0.014285714285714287 0.11428571428571428
0 0.9535714285714286 0.07857142857142857 0.01666666666666667 0.12857142857142856
0 0.7904761904761906 0.7642857142857142 0.01904761904761905 0.21428571428571427
0 0.4345238095238096 0.7214285714285714 0.02142857142857143 0.12857142857142856
