0 0.5333333333333334 0.2785714285714286 0.01904761904761905 0.07142857142857142
0 0.6023809523809525 0.07857142857142857 0.014285714285714287 0.07142857142857142
0 0.6166666666666667 0.9 0.014285714285714287 0.08571428571428572
0 0.505952380952381 0.7428571428571429 0.01666666666666667 0.05714285714285714
0 0.41190476190476194 0.7714285714285714 0.014285714285714287 0.08571428571428572
0 0.31428571428571433 0.85 0.02380952380952381 0.07142857142857142
0 0.34880952380952385 0.45714285714285713 0.026190476190476195 0.05714285714285714
0 0.42261904761904767 0.25 0.01666666666666667 0.04285714285714286
0 0.4273809523809524 0.08571428571428572 0.011904761904761906 0.05714285714285714
0 0.20714285714285716 0.9357142857142857 0.014285714285714287 0.04285714285714286
0 0.15833333333333335 0.5928571428571429 0.01666666666666667 0.07142857142857142
0 0.11547619047619048 0.32857142857142857 0.01666666666666667 0.05714285714285714
0 0.10357142857142858 0.5071428571428571 0.02142857142857143 0.07142857142857142
0 0.2892857142857143 0.25 0.01666666666666667 0.04285714285714286
0 0.39047619047619053 0.1357142857142857 0.01904761904761905 0.04285714285714286
0 0.2904761904761905 0.44285714285714284 0.01904761904761905 0.05714285714285714
0 0.24285714285714288 0.41428571428571426 0.01904761904761905 0.05714285714285714
0 0.29642857142857143 0.7642857142857142 0.01666666666666667 0.07142857142857142
0 0.2785714285714286 0.6428571428571428 0.014285714285714287 0.08571428571428572
0 0.20714285714285716 0.21428571428571427 0.01904761904761905 0.05714285714285714
0 0.04285714285714286 0.049999999999999996 0.01904761904761905 0.04285714285714286
0 0.002380952380952381 0.08571428571428572 0.004761904761904762 0.08571428571428572
0 0.15714285714285717 0.37857142857142856 0.01904761904761905 0.04285714285714286
0 0.14285714285714288 0.3214285714285714 0.02380952380952381 0.04285714285714286
0 0.2392857142857143 0.5857142857142857 0.026190476190476195 0.05714285714285714
0 0.2619047619047619 0.7214285714285714 0.01904761904761905 0.04285714285714286
0 0.24285714285714288 0.5142857142857142 0.01904761904761905 0.05714285714285714
0 0.47261904761904766 0.3357142857142857 0.01666666666666667 0.04285714285714286
0 0.48809523809523814 0.5428571428571428 0.01904761904761905 0.05714285714285714
0 0.6178571428571429 0.29285714285714287 0.02142857142857143 0.09999999999999999
0 0.594047619047619 0.3214285714285714 0.011904761904761906 0.07142857142857142
0 0.6630952380952382 0.6071428571428571 0.01666666666666667 0.07142857142857142
0 0.730952380952381 0.7857142857142857 0.009523809523809525 0.05714285714285714
0 0.8476190476190477 0.5428571428571428 0.02380952380952381 0.05714285714285714
0 0.8821428571428572 0.39999999999999997 0.026190476190476195 0.05714285714285714
0 0.9130952380952382 0.46428571428571425 0.01666666666666667 0.04285714285714286
0 0.8880952380952382 0.19999999999999998 0.009523809523809525 0.11428571428571428
0 0.9023809523809525 0.7999999999999999 0.009523809523809525 0.08571428571428572
0 0.9023809523809525 0.9571428571428571 0.014285714285714287 0.05714285714285714
0 0.8345238095238096 0.9142857142857143 0.01666666666666667 0.08571428571428572
0 0.8321428571428572 0.6428571428571428 0.01666666666666667 0.08571428571428572
0 0.7297619047619048 0.5642857142857143 0.011904761904761906 0.04285714285714286
0 0.3166666666666667 0.24285714285714285 0.028571428571428574 0.05714285714285714
0 0.8607142857142858 0.6357142857142857 0.01666666666666667 0.07142857142857142
0 0.9321428571428573 0.5285714285714286 0.011904761904761906 0.05714285714285714
0 0.9547619047619048 0.6142857142857142 0.02380952380952381 0.05714285714285714
0 0.9380952380952382 0.9357142857142857 0.014285714285714287 0.04285714285714286
0 0.5083333333333334 0.37857142857142856 0.02142857142857143 0.09999999999999999
0 0.5190476190476191 0.5642857142857143 0.014285714285714287 0.12857142857142856
0 0.5035714285714287 0.6642857142857143 0.02142857142857143 0.04285714285714286
