0 0.015476190476190477 0.25 0.01666666666666667 0.12857142857142856
0 0.25238095238095243 0.8714285714285714 0.01904761904761905 0.11428571428571428
0 0.5321428571428571 0.9214285714285714 0.011904761904761906 0.07142857142857142
0 0.7880952380952382 0.34285714285714286 0.014285714285714287 0.08571428571428572
0 0.8880952380952382 0.5499999999999999 0.014285714285714287 0.07142857142857142
0 0.8571428571428572 0.24285714285714285 0.014285714285714287 0.08571428571428572
0 0.21904761904761907 0.46428571428571425 0.014285714285714287 0.07142857142857142
0 0.5642857142857144 0.6714285714285714 0.01904761904761905 0.08571428571428572
0 0.8523809523809525 0.7428571428571429 0.014285714285714287 0.14285714285714285
0 0.8892857142857143 0.35 0.02142857142857143 0.07142857142857142
0 0.8023809523809524 0.45 0.01904761904761905 0.07142857142857142
0 0.5214285714285715 0.6928571428571428 0.01904761904761905 0.09999999999999999
0 0.5321428571428571 0.3071428571428571 0.01666666666666667 0.07142857142857142
0 0.39642857142857146 0.5785714285714285 0.011904761904761906 0.15714285714285714
0 0.3726190476190476 0.46428571428571425 0.01666666666666667 0.07142857142857142
0 0.29523809523809524 0.8428571428571429 0.01904761904761905 0.05714285714285714
