0 0.7488095238095239 0.39285714285714285 0.02142857142857143 0.07142857142857142
0 0.967857142857143 0.3071428571428571 0.011904761904761906 0.12857142857142856
0 0.9630952380952382 0.5357142857142857 0.01666666666666667 0.07142857142857142
0 0.12142857142857144 0.8857142857142857 0.028571428571428574 0.11428571428571428
0 0.18214285714285716 0.42142857142857143 0.01666666666666667 0.07142857142857142
0 0.5440476190476191 0.9214285714285714 0.01666666666666667 0.12857142857142856
0 0.3547619047619048 0.20714285714285713 0.014285714285714287 0.09999999999999999
0 0.2892857142857143 0.07142857142857142 0.026190476190476195 0.05714285714285714
0 0.29285714285714287 0.5642857142857143 0.01904761904761905 0.07142857142857142
0 0.12619047619047621 0.3142857142857143 0.028571428571428574 0.08571428571428572
0 0.29285714285714287 0.7 0.01904761904761905 0.05714285714285714
0 0.325 0.03571428571428571 0.01666666666666667 0.07142857142857142
0 0.6190476190476191 0.22857142857142856 0.01904761904761905 0.11428571428571428
0 0.7047619047619048 0.4857142857142857 0.02380952380952381 0.08571428571428572
0 0.7892857142857144 0.35 0.01666666666666667 0.07142857142857142
0 0.6892857142857144 0.20714285714285713 0.02142857142857143 0.09999999999999999
0 0.8726190476190477 0.8142857142857143 0.02142857142857143 0.14285714285714285
0 0.8464285714285715 0.34285714285714286 0.02142857142857143 0.08571428571428572
0 0.5285714285714286 0.5285714285714286 0.0380952380952381 0.05714285714285714
