0 0.029761904761904764 0.6071428571428571 0.01666666666666667 0.09999999999999999
0 0.03928571428571429 0.8857142857142857 0.011904761904761906 0.05714285714285714
0 0.12023809523809526 0.42142857142857143 0.030952380952380953 0.09999999999999999
0 0.36309523809523814 0.7571428571428571 0.01666666666666667 0.08571428571428572
0 0.3535714285714286 0.8714285714285714 0.01666666666666667 0.17142857142857143
0 0.24642857142857144 0.6714285714285714 0.01666666666666667 0.14285714285714285
0 0.35595238095238096 0.5571428571428572 0.026190476190476195 0.08571428571428572
0 0.45119047619047625 0.35714285714285715 0.02142857142857143 0.08571428571428572
0 0.6690476190476191 0.9 0.02380952380952381 0.11428571428571428
0 0.5047619047619049 0.6928571428571428 0.02380952380952381 0.09999999999999999
0 0.5380952380952382 0.2357142857142857 0.01904761904761905 0.09999999999999999
0 0.5821428571428572 0.19999999999999998 0.01666666666666667 0.14285714285714285
0 0.6773809523809524 0.3857142857142857 0.02142857142857143 0.11428571428571428
0 0.8261904761904763 0.7642857142857142 0.014285714285714287 0.07142857142857142
0 0.7119047619047619 0.7357142857142857 0.014285714285714287 0.07142857142857142
0 0.911904761904762 0.5857142857142857 0.01904761904761905 0.08571428571428572
0 0.886904761904762 0.37857142857142856 0.02142857142857143 0.07142857142857142
0 0.9202380952380953 0.09285714285714286 0.011904761904761906 0.12857142857142856
0 0.9464285714285715 0.4357142857142857 0.01666666666666667 0.07142857142857142
0 0.8321428571428572 0.47857142857142854 0.02142857142857143 0.09999999999999999
0 0.6238095238095238 0.2857142857142857 0.01904761904761905 0.08571428571428572
0 0.7535714285714287 0.8714285714285714 0.01666666666666667 0.11428571428571428
