0 0.4011904761904762 0.02857142857142857 0.026190476190476195 0.05714285714285714
0 0.06904761904761905 0.17142857142857143 0.0380952380952381 0.11428571428571428
0 0.06666666666666668 0.42857142857142855 0.0380952380952381 0.17142857142857143
0 0.22380952380952382 0.19999999999999998 0.03333333333333334 0.11428571428571428
0 0.30000000000000004 0.17857142857142858 0.03333333333333334 0.12857142857142856
0 0.2916666666666667 0.44285714285714284 0.026190476190476195 0.22857142857142856
0 0.12619047619047621 0.5714285714285714 0.0380952380952381 0.22857142857142856
0 0.5142857142857143 0.5857142857142857 0.0380952380952381 0.17142857142857143
0 0.5142857142857143 0.9428571428571428 0.01904761904761905 0.08571428571428572
0 0.5666666666666668 0.8785714285714286 0.02380952380952381 0.12857142857142856
0 0.6678571428571429 0.44285714285714284 0.02142857142857143 0.17142857142857143
0 0.7880952380952382 0.8142857142857143 0.01904761904761905 0.14285714285714285
0 0.736904761904762 0.41428571428571426 0.026190476190476195 0.11428571428571428
0 0.8130952380952382 0.5214285714285715 0.026190476190476195 0.35714285714285715
0 0.9345238095238096 0.7142857142857143 0.01666666666666667 0.08571428571428572
0 0.9333333333333335 0.40714285714285714 0.02380952380952381 0.15714285714285714
0 0.8333333333333334 0.07857142857142857 0.03333333333333334 0.15714285714285714
