0 0.2011904761904762 0.9571428571428571 0.01666666666666667 0.05714285714285714
0 0.6083333333333334 0.47857142857142854 0.01666666666666667 0.07142857142857142
0 0.8750000000000001 0.9642857142857143 0.011904761904761906 0.04285714285714286
0 0.9690476190476192 0.7928571428571428 0.01904761904761905 0.09999999999999999
0 0.8940476190476191 0.6357142857142857 0.01666666666666667 0.12857142857142856
0 0.9333333333333335 0.32857142857142857 0.014285714285714287 0.08571428571428572
0 0.9380952380952382 0.6642857142857143 0.014285714285714287 0.09999999999999999
0 0.7678571428571429 0.6357142857142857 0.01666666666666667 0.07142857142857142
0 0.8821428571428572 0.8642857142857142 0.02142857142857143 0.07142857142857142
0 0.6214285714285714 0.3142857142857143 0.01904761904761905 0.08571428571428572
0 0.5380952380952382 0.8857142857142857 0.01904761904761905 0.11428571428571428
0 0.29404761904761906 0.5357142857142857 0.02142857142857143 0.07142857142857142
0 0.2380952380952381 0.42857142857142855 0.02380952380952381 0.05714285714285714
0 0.16666666666666669 0.37142857142857144 0.01904761904761905 0.08571428571428572
0 0.12261904761904763 0.22857142857142856 0.01666666666666667 0.08571428571428572
0 0.2630952380952381 0.07857142857142857 0.02142857142857143 0.07142857142857142
0 0.26071428571428573 0.6928571428571428 0.01666666666666667 0.09999999999999999
0 0.40952380952380957 0.11428571428571428 0.01904761904761905 0.08571428571428572
0 0.5750000000000001 0.6142857142857142 0.030952380952380953 0.08571428571428572
0 0.8523809523809525 0.3357142857142857 0.02380952380952381 0.12857142857142856
0 0.08690476190476192 0.7214285714285714 0.011904761904761906 0.09999999999999999
0 0.14642857142857144 0.7214285714285714 0.026190476190476195 0.07142857142857142
0 0.030952380952380953 0.42857142857142855 0.01904761904761905 0.08571428571428572
0 0.580952380952381 0.2571428571428571 0.01904761904761905 0.05714285714285714
0 0.48809523809523814 0.18571428571428572 0.01904761904761905 0.05714285714285714
0 0.9857142857142858 0.36428571428571427 0.01904761904761905 0.09999999999999999
0 0.32142857142857145 0.12142857142857143 0.01904761904761905 0.09999999999999999
