0 0.2273809523809524 0.5142857142857142 0.01666666666666667 0.08571428571428572
0 0.04761904761904762 0.4357142857142857 0.01904761904761905 0.07142857142857142
0 0.07738095238095238 0.19999999999999998 0.01666666666666667 0.05714285714285714
0 0.1511904761904762 0.7571428571428571 0.01666666666666667 0.08571428571428572
0 0.29404761904761906 0.40714285714285714 0.011904761904761906 0.07142857142857142
0 0.8761904761904763 0.8857142857142857 0.014285714285714287 0.11428571428571428
0 0.7654761904761905 0.4714285714285714 0.02142857142857143 0.11428571428571428
0 0.9892857142857143 0.22142857142857142 0.01666666666666667 0.12857142857142856
0 0.12380952380952381 0.46428571428571425 0.014285714285714287 0.07142857142857142
0 0.08333333333333334 0.7 0.01904761904761905 0.08571428571428572
0 0.10238095238095239 0.6642857142857143 0.014285714285714287 0.07142857142857142
0 0.051190476190476196 0.7571428571428571 0.01666666666666667 0.05714285714285714
0 0.6357142857142858 0.5499999999999999 0.014285714285714287 0.09999999999999999
0 0.29761904761904767 0.5857142857142857 0.014285714285714287 0.08571428571428572
0 0.5488095238095239 0.7571428571428571 0.011904761904761906 0.08571428571428572
0 0.805952380952381 0.2571428571428571 0.01666666666666667 0.08571428571428572
0 0.4916666666666667 0.45714285714285713 0.01666666666666667 0.08571428571428572
0 0.967857142857143 0.7214285714285714 0.011904761904761906 0.09999999999999999
0 0.6440476190476191 0.8928571428571428 0.01666666666666667 0.09999999999999999
0 0.7285714285714286 0.25 0.10952380952380954 0.09999999999999999
0 0.3940476190476191 0.7285714285714285 0.026190476190476195 0.11428571428571428
0 0.39642857142857146 0.8714285714285714 0.02142857142857143 0.05714285714285714
0 0.25952380952380955 0.6285714285714286 0.01904761904761905 0.08571428571428572
0 0.2678571428571429 0.37857142857142856 0.01666666666666667 0.07142857142857142
0 0.22380952380952382 0.08571428571428572 0.014285714285714287 0.08571428571428572
0 0.7904761904761906 0.9142857142857143 0.01904761904761905 0.08571428571428572
0 0.3440476190476191 0.34285714285714286 0.01666666666666667 0.08571428571428572
0 0.9261904761904762 0.2714285714285714 0.01904761904761905 0.08571428571428572
0 0.6452380952380953 0.35714285714285715 0.04285714285714286 0.17142857142857143
0 0.7214285714285715 0.8071428571428572 0.014285714285714287 0.07142857142857142
0 0.4130952380952381 0.2642857142857143 0.02142857142857143 0.07142857142857142
0 0.5845238095238096 0.2571428571428571 0.02142857142857143 0.08571428571428572
0 0.6464285714285715 0.08571428571428572 0.03571428571428572 0.17142857142857143
0 0.9488095238095239 0.6214285714285714 0.02142857142857143 0.09999999999999999
0 0.6142857142857143 0.6785714285714286 0.0380952380952381 0.12857142857142856
0 0.7464285714285714 0.6785714285714286 0.01666666666666667 0.12857142857142856
