0 0.36190476190476195 0.7785714285714286 0.014285714285714287 0.12857142857142856
0 0.8761904761904763 0.6285714285714286 0.01904761904761905 0.11428571428571428
0 0.1011904761904762 0.6 0.01666666666666667 0.08571428571428572
0 0.21904761904761907 0.37857142857142856 0.01904761904761905 0.07142857142857142
0 0.29642857142857143 0.14285714285714285 0.02142857142857143 0.08571428571428572
0 0.37738095238095243 0.32857142857142857 0.02142857142857143 0.08571428571428572
0 0.37738095238095243 0.5142857142857142 0.02142857142857143 0.05714285714285714
0 0.3154761904761905 0.5428571428571428 0.01666666666666667 0.11428571428571428
0 0.380952380952381 0.7999999999999999 0.014285714285714287 0.08571428571428572
0 0.4297619047619048 0.6571428571428571 0.026190476190476195 0.17142857142857143
0 0.6238095238095238 0.09285714285714286 0.01904761904761905 0.09999999999999999
0 0.6476190476190476 0.2714285714285714 0.014285714285714287 0.08571428571428572
0 0.7464285714285714 0.12142857142857143 0.02142857142857143 0.09999999999999999
0 0.7964285714285715 0.4357142857142857 0.01666666666666667 0.07142857142857142
0 0.7023809523809524 0.32857142857142857 0.014285714285714287 0.08571428571428572
0 0.886904761904762 0.24285714285714285 0.01666666666666667 0.05714285714285714
0 0.9511904761904763 0.4857142857142857 0.026190476190476195 0.08571428571428572
0 0.6404761904761905 0.5714285714285714 0.028571428571428574 0.14285714285714285
0 0.8380952380952382 0.8642857142857142 0.0380952380952381 0.15714285714285714
0 0.9797619047619048 0.65 0.026190476190476195 0.09999999999999999
0 0.1285714285714286 0.22857142857142856 0.028571428571428574 0.08571428571428572
