0 0.3404761904761905 0.5428571428571428 0.01904761904761905 0.08571428571428572
0 0.05 0.40714285714285714 0.01904761904761905 0.07142857142857142
0 0.011904761904761906 0.2571428571428571 0.02380952380952381 0.05714285714285714
0 0.18333333333333335 0.5285714285714286 0.014285714285714287 0.05714285714285714
0 0.2011904761904762 0.37142857142857144 0.02142857142857143 0.05714285714285714
0 0.09642857142857143 0.3071428571428571 0.02142857142857143 0.07142857142857142
0 0.3916666666666667 0.3142857142857143 0.02142857142857143 0.08571428571428572
0 0.38928571428571435 0.08571428571428572 0.01666666666666667 0.08571428571428572
0 0.636904761904762 0.3142857142857143 0.01666666666666667 0.08571428571428572
0 0.580952380952381 0.25 0.014285714285714287 0.07142857142857142
0 0.6416666666666667 0.6928571428571428 0.02142857142857143 0.09999999999999999
0 0.5035714285714287 0.1357142857142857 0.02142857142857143 0.09999999999999999
0 0.6595238095238096 0.11428571428571428 0.02380952380952381 0.08571428571428572
0 0.9273809523809524 0.2714285714285714 0.02142857142857143 0.14285714285714285
0 0.34880952380952385 0.8714285714285714 0.01666666666666667 0.08571428571428572
0 0.8690476190476192 0.39285714285714285 0.02380952380952381 0.12857142857142856
0 0.7226190476190477 0.17857142857142858 0.01666666666666667 0.07142857142857142
0 0.15000000000000002 0.5357142857142857 0.01904761904761905 0.09999999999999999
0 0.6083333333333334 0.3214285714285714 0.01666666666666667 0.07142857142857142
0 0.1904761904761905 0.18571428571428572 0.014285714285714287 0.05714285714285714
