0 0.43214285714285716 0.24285714285714285 0.02142857142857143 0.14285714285714285
0 0.3511904761904762 0.8214285714285714 0.030952380952380953 0.15714285714285714
0 0.4928571428571429 0.4714285714285714 0.01904761904761905 0.14285714285714285
0 0.46190476190476193 0.5071428571428571 0.02380952380952381 0.15714285714285714
0 0.692857142857143 0.32857142857142857 0.01904761904761905 0.14285714285714285
0 0.5916666666666667 0.8714285714285714 0.01666666666666667 0.11428571428571428
0 0.7785714285714287 0.5428571428571428 0.01904761904761905 0.14285714285714285
0 0.7357142857142858 0.10714285714285714 0.01904761904761905 0.09999999999999999
0 0.9285714285714286 0.03571428571428571 0.028571428571428574 0.07142857142857142
0 0.8928571428571429 0.7214285714285714 0.028571428571428574 0.07142857142857142
0 0.12380952380952381 0.29285714285714287 0.01904761904761905 0.15714285714285714
0 0.580952380952381 0.46428571428571425 0.01904761904761905 0.09999999999999999
0 0.9416666666666668 0.7357142857142857 0.01666666666666667 0.07142857142857142
0 0.5023809523809524 0.95 0.028571428571428574 0.07142857142857142
0 0.9023809523809525 0.5571428571428572 0.014285714285714287 0.14285714285714285
0 0.886904761904762 0.4357142857142857 0.026190476190476195 0.09999999999999999
