0 0.6285714285714287 0.45714285714285713 0.014285714285714287 0.08571428571428572
0 0.717857142857143 0.6071428571428571 0.02142857142857143 0.07142857142857142
0 0.18095238095238098 0.22142857142857142 0.014285714285714287 0.07142857142857142
0 0.07857142857142858 0.7857142857142857 0.01904761904761905 0.08571428571428572
0 0.2023809523809524 0.5357142857142857 0.028571428571428574 0.07142857142857142
0 0.1654761904761905 0.8785714285714286 0.02142857142857143 0.09999999999999999
0 0.30714285714285716 0.8357142857142857 0.01904761904761905 0.07142857142857142
0 0.41190476190476194 0.6857142857142857 0.02380952380952381 0.08571428571428572
0 0.29880952380952386 0.6142857142857142 0.026190476190476195 0.08571428571428572
0 0.08214285714285716 0.34285714285714286 0.01666666666666667 0.08571428571428572
0 0.5226190476190476 0.7357142857142857 0.026190476190476195 0.09999999999999999
0 0.5666666666666668 0.6 0.02380952380952381 0.08571428571428572
0 0.5785714285714286 0.25 0.014285714285714287 0.07142857142857142
0 0.8666666666666667 0.4714285714285714 0.014285714285714287 0.11428571428571428
0 0.8595238095238096 0.2714285714285714 0.01904761904761905 0.05714285714285714
0 0.8250000000000001 0.25 0.01666666666666667 0.09999999999999999
0 0.8297619047619048 0.09999999999999999 0.01666666666666667 0.08571428571428572
0 0.8190476190476191 0.6071428571428571 0.01904761904761905 0.09999999999999999
0 0.9797619047619048 0.7214285714285714 0.026190476190476195 0.07142857142857142
0 0.8845238095238096 0.19285714285714284 0.01666666666666667 0.09999999999999999
0 0.9511904761904763 0.17857142857142858 0.01666666666666667 0.21428571428571427
