0 0.37380952380952387 0.9071428571428571 0.02380952380952381 0.12857142857142856
0 0.4761904761904762 0.44285714285714284 0.028571428571428574 0.22857142857142856
0 0.10952380952380954 0.5642857142857143 0.014285714285714287 0.12857142857142856
0 0.4535714285714286 0.16428571428571428 0.02142857142857143 0.18571428571428572
0 0.5095238095238096 0.8714285714285714 0.02380952380952381 0.11428571428571428
0 0.5690476190476191 0.07857142857142857 0.014285714285714287 0.15714285714285714
0 0.5773809523809524 0.5071428571428571 0.05 0.18571428571428572
0 0.9035714285714287 0.2642857142857143 0.02142857142857143 0.12857142857142856
0 0.8571428571428572 0.3357142857142857 0.01904761904761905 0.09999999999999999
0 0.8261904761904763 0.12142857142857143 0.014285714285714287 0.07142857142857142
0 0.37500000000000006 0.07857142857142857 0.01666666666666667 0.09999999999999999
0 0.7630952380952382 0.11428571428571428 0.011904761904761906 0.08571428571428572
0 0.8702380952380954 0.7142857142857143 0.01666666666666667 0.11428571428571428
