0 0.05833333333333334 0.02142857142857143 0.0071428571428571435 0.04285714285714286
0 0.30714285714285716 0.6142857142857142 0.014285714285714287 0.05714285714285714
0 0.38571428571428573 0.7 0.004761904761904762 0.05714285714285714
0 0.5357142857142858 0.6142857142857142 0.02380952380952381 0.14285714285714285
0 0.8750000000000001 0.2642857142857143 0.011904761904761906 0.07142857142857142
0 0.8928571428571429 0.19999999999999998 0.009523809523809525 0.05714285714285714
0 0.11666666666666668 0.7571428571428571 0.009523809523809525 0.05714285714285714
0 0.1011904761904762 0.8214285714285714 0.0071428571428571435 0.04285714285714286
0 0.01785714285714286 0.11428571428571428 0.011904761904761906 0.05714285714285714
0 0.02142857142857143 0.19285714285714284 0.009523809523809525 0.04285714285714286
0 0.053571428571428575 0.20714285714285713 0.0071428571428571435 0.04285714285714286
0 0.15833333333333335 0.3142857142857143 0.01666666666666667 0.08571428571428572
0 0.16071428571428573 0.24285714285714285 0.011904761904761906 0.05714285714285714
0 0.16904761904761906 0.07857142857142857 0.009523809523809525 0.07142857142857142
0 0.22261904761904763 0.1357142857142857 0.011904761904761906 0.12857142857142856
0 0.22380952380952382 0.014285714285714285 0.009523809523809525 0.02857142857142857
0 0.6761904761904762 0.47857142857142854 0.009523809523809525 0.04285714285714286
0 0.6904761904761906 0.6142857142857142 0.01904761904761905 0.05714285714285714
0 0.6904761904761906 0.6928571428571428 0.014285714285714287 0.04285714285714286
0 0.8047619047619048 0.6428571428571428 0.014285714285714287 0.14285714285714285
0 0.7047619047619048 0.2642857142857143 0.009523809523809525 0.07142857142857142
0 0.9892857142857143 0.6214285714285714 0.0071428571428571435 0.07142857142857142
0 0.09642857142857143 0.29285714285714287 0.011904761904761906 0.09999999999999999
0 0.5333333333333334 0.09285714285714286 0.014285714285714287 0.04285714285714286
0 0.6011904761904763 0.04285714285714286 0.0071428571428571435 0.05714285714285714
0 0.7119047619047619 0.02857142857142857 0.014285714285714287 0.05714285714285714
0 0.44642857142857145 0.5928571428571429 0.011904761904761906 0.04285714285714286
0 0.4357142857142858 0.6285714285714286 0.009523809523809525 0.02857142857142857
0 0.5571428571428572 0.4857142857142857 0.01904761904761905 0.05714285714285714
0 0.01785714285714286 0.3071428571428571 0.0071428571428571435 0.04285714285714286
0 0.21190476190476193 0.6714285714285714 0.009523809523809525 0.05714285714285714
0 0.21309523809523812 0.5928571428571429 0.0071428571428571435 0.04285714285714286
0 0.17023809523809524 0.7999999999999999 0.0071428571428571435 0.02857142857142857
0 0.10833333333333334 0.6642857142857143 0.0071428571428571435 0.07142857142857142
0 0.06309523809523811 0.7 0.01666666666666667 0.05714285714285714
0 0.1380952380952381 0.42142857142857143 0.009523809523809525 0.07142857142857142
0 0.1654761904761905 0.45714285714285713 0.0071428571428571435 0.02857142857142857
0 0.28452380952380957 0.20714285714285713 0.0071428571428571435 0.04285714285714286
0 0.2702380952380953 0.1357142857142857 0.011904761904761906 0.04285714285714286
0 0.2702380952380953 0.05714285714285714 0.011904761904761906 0.02857142857142857
0 0.24761904761904763 0.014285714285714285 0.009523809523809525 0.02857142857142857
0 0.23333333333333336 0.5499999999999999 0.01904761904761905 0.04285714285714286
0 0.19761904761904764 0.37142857142857144 0.009523809523809525 0.05714285714285714
0 0.2023809523809524 0.45 0.009523809523809525 0.04285714285714286
0 0.21309523809523812 0.45 0.0071428571428571435 0.04285714285714286
0 0.24523809523809526 0.3357142857142857 0.009523809523809525 0.04285714285714286
0 0.430952380952381 0.3357142857142857 0.009523809523809525 0.04285714285714286
0 0.44642857142857145 0.04285714285714286 0.01666666666666667 0.05714285714285714
0 0.4904761904761905 0.7785714285714286 0.009523809523809525 0.07142857142857142
0 0.4785714285714286 0.6642857142857143 0.004761904761904762 0.07142857142857142
0 0.011904761904761906 0.5928571428571429 0.004761904761904762 0.04285714285714286
0 0.3154761904761905 0.05714285714285714 0.0071428571428571435 0.02857142857142857
0 0.3821428571428572 0.34285714285714286 0.0071428571428571435 0.05714285714285714
0 0.40952380952380957 0.20714285714285713 0.004761904761904762 0.04285714285714286
0 0.4035714285714286 0.1357142857142857 0.011904761904761906 0.04285714285714286
0 0.41785714285714287 0.07857142857142857 0.0071428571428571435 0.04285714285714286
0 0.5738095238095239 0.3357142857142857 0.009523809523809525 0.04285714285714286
2 0.5821428571428572 0.4857142857142857 0.0071428571428571435 0.2571428571428571
0 0.6452380952380953 0.7428571428571429 0.009523809523809525 0.02857142857142857
0 0.6095238095238096 0.7714285714285714 0.014285714285714287 0.02857142857142857
0 0.5666666666666668 0.6857142857142857 0.004761904761904762 0.05714285714285714
0 0.5523809523809524 0.75 0.009523809523809525 0.04285714285714286
0 0.3821428571428572 0.7714285714285714 0.011904761904761906 0.02857142857142857
0 0.4202380952380953 0.6428571428571428 0.0071428571428571435 0.05714285714285714
0 0.3511904761904762 0.5357142857142857 0.0071428571428571435 0.04285714285714286
0 0.3797619047619048 0.5357142857142857 0.0071428571428571435 0.04285714285714286
0 0.39047619047619053 0.5857142857142857 0.009523809523809525 0.05714285714285714
0 0.32142857142857145 0.3214285714285714 0.004761904761904762 0.07142857142857142
0 0.30952380952380953 0.3857142857142857 0.004761904761904762 0.05714285714285714
0 0.2690476190476191 0.5499999999999999 0.009523809523809525 0.04285714285714286
0 0.18095238095238098 0.5214285714285715 0.01904761904761905 0.12857142857142856
0 0.09523809523809525 0.6642857142857143 0.009523809523809525 0.04285714285714286
0 0.011904761904761906 0.5285714285714286 0.009523809523809525 0.02857142857142857
0 0.002380952380952381 0.3214285714285714 0.004761904761904762 0.09999999999999999
0 0.6607142857142858 0.35714285714285715 0.011904761904761906 0.05714285714285714
0 0.6035714285714286 0.7142857142857143 0.0071428571428571435 0.05714285714285714
0 0.4404761904761905 0.44285714285714284 0.004761904761904762 0.05714285714285714
0 0.4535714285714286 0.37142857142857144 0.0071428571428571435 0.02857142857142857
0 0.14285714285714288 0.049999999999999996 0.014285714285714287 0.04285714285714286
0 0.1392857142857143 0.12857142857142856 0.011904761904761906 0.02857142857142857
0 0.1511904761904762 0.17857142857142858 0.011904761904761906 0.04285714285714286
0 0.325 0.22142857142857142 0.0071428571428571435 0.04285714285714286
0 0.3261904761904762 0.07142857142857142 0.004761904761904762 0.02857142857142857
0 0.55 0.02857142857142857 0.009523809523809525 0.05714285714285714
0 0.11071428571428572 0.5642857142857143 0.0071428571428571435 0.07142857142857142
0 0.09880952380952382 0.5785714285714285 0.0071428571428571435 0.014285714285714285
0 0.18095238095238098 0.2642857142857143 0.009523809523809525 0.04285714285714286
0 0.19285714285714287 0.17857142857142858 0.009523809523809525 0.04285714285714286
0 0.3380952380952381 0.15 0.009523809523809525 0.04285714285714286
0 0.3511904761904762 0.7142857142857143 0.0071428571428571435 0.05714285714285714
0 0.2535714285714286 0.4357142857142857 0.0071428571428571435 0.04285714285714286
0 0.2678571428571429 0.42142857142857143 0.0071428571428571435 0.04285714285714286
0 0.2654761904761905 0.36428571428571427 0.0071428571428571435 0.07142857142857142
0 0.3595238095238096 0.2357142857142857 0.014285714285714287 0.04285714285714286
0 0.36071428571428577 0.3 0.0071428571428571435 0.05714285714285714
0 0.37500000000000006 0.2857142857142857 0.0071428571428571435 0.05714285714285714
0 0.39047619047619053 0.29285714285714287 0.009523809523809525 0.04285714285714286
0 0.4047619047619048 0.36428571428571427 0.009523809523809525 0.04285714285714286
0 0.33690476190476193 0.3142857142857143 0.0071428571428571435 0.05714285714285714
0 0.3416666666666667 0.22142857142857142 0.0071428571428571435 0.04285714285714286
0 0.49404761904761907 0.10714285714285714 0.0071428571428571435 0.07142857142857142
0 0.5904761904761905 0.19285714285714284 0.004761904761904762 0.04285714285714286
0 0.4642857142857143 0.5928571428571429 0.009523809523809525 0.04285714285714286
0 0.3154761904761905 0.7928571428571428 0.0071428571428571435 0.04285714285714286
0 0.30833333333333335 0.7071428571428571 0.011904761904761906 0.04285714285714286
0 0.21309523809523812 0.7571428571428571 0.0071428571428571435 0.02857142857142857
0 0.1511904761904762 0.8142857142857143 0.0071428571428571435 0.02857142857142857
0 0.14404761904761906 0.5928571428571429 0.0071428571428571435 0.04285714285714286
0 0.15000000000000002 0.6857142857142857 0.004761904761904762 0.02857142857142857
0 0.09642857142857143 0.44285714285714284 0.0071428571428571435 0.05714285714285714
0 0.13333333333333336 0.5071428571428571 0.009523809523809525 0.04285714285714286
0 0.17261904761904764 0.37857142857142856 0.0071428571428571435 0.04285714285714286
0 0.22023809523809526 0.3142857142857143 0.0071428571428571435 0.05714285714285714
0 0.4071428571428572 0.03571428571428571 0.014285714285714287 0.04285714285714286
0 0.7488095238095239 0.47857142857142854 0.01666666666666667 0.04285714285714286
0 0.7726190476190476 0.2714285714285714 0.0071428571428571435 0.02857142857142857
0 0.8488095238095239 0.16428571428571428 0.011904761904761906 0.07142857142857142
0 0.9333333333333335 0.12857142857142856 0.004761904761904762 0.05714285714285714
0 0.9380952380952382 0.05714285714285714 0.009523809523809525 0.05714285714285714
0 0.761904761904762 0.5642857142857143 0.009523809523809525 0.04285714285714286
0 0.7464285714285714 0.6 0.0071428571428571435 0.02857142857142857
0 0.7392857142857143 0.6785714285714286 0.0071428571428571435 0.04285714285714286
0 0.8500000000000001 0.5142857142857142 0.014285714285714287 0.05714285714285714
0 0.8250000000000001 0.65 0.0071428571428571435 0.04285714285714286
0 0.9380952380952382 0.5285714285714286 0.014285714285714287 0.17142857142857143
0 0.9702380952380953 0.5642857142857143 0.0071428571428571435 0.04285714285714286
0 0.005952380952380953 0.014285714285714285 0.0071428571428571435 0.02857142857142857
0 0.07380952380952381 0.04285714285714286 0.009523809523809525 0.02857142857142857
0 0.2535714285714286 0.7785714285714286 0.0071428571428571435 0.04285714285714286
0 0.26071428571428573 0.6928571428571428 0.011904761904761906 0.04285714285714286
0 0.29523809523809524 0.5142857142857142 0.009523809523809525 0.08571428571428572
0 0.30714285714285716 0.4857142857142857 0.009523809523809525 0.02857142857142857
0 0.36309523809523814 0.40714285714285714 0.0071428571428571435 0.04285714285714286
0 0.46666666666666673 0.45 0.009523809523809525 0.04285714285714286
0 0.4845238095238096 0.42142857142857143 0.01666666666666667 0.04285714285714286
0 0.5142857142857143 0.35714285714285715 0.009523809523809525 0.05714285714285714
0 0.5345238095238096 0.3857142857142857 0.0071428571428571435 0.08571428571428572
0 0.5416666666666667 0.45714285714285713 0.011904761904761906 0.02857142857142857
0 0.6452380952380953 0.37142857142857144 0.009523809523809525 0.02857142857142857
0 0.6464285714285715 0.41428571428571426 0.0071428571428571435 0.02857142857142857
0 0.6488095238095238 0.47857142857142854 0.011904761904761906 0.04285714285714286
0 0.6559523809523811 0.5571428571428572 0.011904761904761906 0.08571428571428572
0 0.5035714285714287 0.19285714285714284 0.011904761904761906 0.04285714285714286
0 0.5130952380952382 0.14285714285714285 0.0071428571428571435 0.02857142857142857
0 0.430952380952381 0.2357142857142857 0.004761904761904762 0.04285714285714286
0 0.43928571428571433 0.24285714285714285 0.0071428571428571435 0.05714285714285714
0 0.37023809523809526 0.5428571428571428 0.0071428571428571435 0.05714285714285714
0 0.37500000000000006 0.45714285714285713 0.0071428571428571435 0.02857142857142857
0 0.3940476190476191 0.39999999999999997 0.011904761904761906 0.02857142857142857
0 0.380952380952381 0.19285714285714284 0.004761904761904762 0.04285714285714286
0 0.3678571428571429 0.12142857142857143 0.0071428571428571435 0.04285714285714286
0 0.34880952380952385 0.06428571428571428 0.011904761904761906 0.04285714285714286
0 0.36904761904761907 0.007142857142857143 0.01904761904761905 0.014285714285714285
0 0.37738095238095243 0.06428571428571428 0.011904761904761906 0.04285714285714286
0 0.38928571428571435 0.15 0.011904761904761906 0.12857142857142856
0 0.4011904761904762 0.2571428571428571 0.01666666666666667 0.02857142857142857
0 0.42380952380952386 0.22857142857142856 0.004761904761904762 0.02857142857142857
0 0.4761904761904762 0.5142857142857142 0.014285714285714287 0.02857142857142857
0 0.2761904761904762 0.7999999999999999 0.004761904761904762 0.02857142857142857
0 0.2511904761904762 0.17142857142857143 0.0071428571428571435 0.02857142857142857
0 0.2511904761904762 0.21428571428571427 0.0071428571428571435 0.02857142857142857
0 0.29523809523809524 0.41428571428571426 0.004761904761904762 0.02857142857142857
0 0.2785714285714286 0.3357142857142857 0.009523809523809525 0.04285714285714286
0 0.3107142857142857 0.2785714285714286 0.0071428571428571435 0.04285714285714286
0 0.30833333333333335 0.19999999999999998 0.0071428571428571435 0.05714285714285714
0 0.004761904761904762 0.6785714285714286 0.009523809523809525 0.07142857142857142
0 0.08452380952380953 0.3071428571428571 0.0071428571428571435 0.07142857142857142
0 0.05833333333333334 0.36428571428571427 0.0071428571428571435 0.04285714285714286
0 0.06666666666666668 0.42142857142857143 0.009523809523809525 0.04285714285714286
0 0.010714285714285714 0.47857142857142854 0.0071428571428571435 0.04285714285714286
0 0.10595238095238096 0.1357142857142857 0.0071428571428571435 0.04285714285714286
0 0.09404761904761906 0.12857142857142856 0.0071428571428571435 0.05714285714285714
0 0.08095238095238096 0.5785714285714285 0.004761904761904762 0.04285714285714286
0 0.01785714285714286 0.7714285714285714 0.0071428571428571435 0.02857142857142857
0 0.1273809523809524 0.8071428571428572 0.0071428571428571435 0.07142857142857142
0 0.03928571428571429 0.85 0.0071428571428571435 0.04285714285714286
0 0.04642857142857143 0.7642857142857142 0.0071428571428571435 0.04285714285714286
0 0.04166666666666667 0.08571428571428572 0.002380952380952381 0.02857142857142857
0 0.15357142857142858 0.007142857142857143 0.0071428571428571435 0.014285714285714285
0 0.30119047619047623 0.15 0.0071428571428571435 0.04285714285714286
0 0.6190476190476191 0.19285714285714284 0.009523809523809525 0.04285714285714286
0 0.6154761904761905 0.12142857142857143 0.0071428571428571435 0.04285714285714286
0 0.6773809523809524 0.19285714285714284 0.0071428571428571435 0.04285714285714286
0 0.6595238095238096 0.2571428571428571 0.014285714285714287 0.02857142857142857
0 0.5964285714285715 0.5928571428571429 0.0071428571428571435 0.04285714285714286
0 0.6047619047619048 0.5285714285714286 0.004761904761904762 0.02857142857142857
0 0.4690476190476191 0.36428571428571427 0.004761904761904762 0.04285714285714286
0 0.47261904761904766 0.03571428571428571 0.0071428571428571435 0.04285714285714286
0 0.5488095238095239 0.19999999999999998 0.011904761904761906 0.02857142857142857
0 0.7023809523809524 0.4357142857142857 0.009523809523809525 0.04285714285714286
0 0.6297619047619049 0.6214285714285714 0.0071428571428571435 0.04285714285714286
0 0.6380952380952382 0.6071428571428571 0.004761904761904762 0.04285714285714286
0 0.630952380952381 0.7357142857142857 0.004761904761904762 0.04285714285714286
0 0.6892857142857144 0.75 0.0071428571428571435 0.04285714285714286
0 0.7130952380952381 0.7857142857142857 0.0071428571428571435 0.02857142857142857
0 0.7214285714285715 0.3142857142857143 0.009523809523809525 0.05714285714285714
0 0.3273809523809524 0.5071428571428571 0.0071428571428571435 0.04285714285714286
0 0.2404761904761905 0.6214285714285714 0.009523809523809525 0.04285714285714286
0 0.1380952380952381 0.34285714285714286 0.004761904761904762 0.02857142857142857
0 0.49880952380952387 0.5428571428571428 0.011904761904761906 0.05714285714285714
0 0.5035714285714287 0.3071428571428571 0.011904761904761906 0.04285714285714286
0 0.4964285714285715 0.02142857142857143 0.0071428571428571435 0.014285714285714285
0 0.661904761904762 0.014285714285714285 0.009523809523809525 0.02857142857142857
0 0.7214285714285715 0.25 0.009523809523809525 0.04285714285714286
0 0.16666666666666669 0.65 0.014285714285714287 0.09999999999999999
0 0.09166666666666667 0.02142857142857143 0.0071428571428571435 0.04285714285714286
0 0.10714285714285715 0.04285714285714286 0.009523809523809525 0.05714285714285714
0 0.07142857142857144 0.19999999999999998 0.009523809523809525 0.05714285714285714
0 0.06785714285714287 0.3142857142857143 0.011904761904761906 0.05714285714285714
0 0.08333333333333334 0.45714285714285713 0.004761904761904762 0.02857142857142857
0 0.11904761904761905 0.2642857142857143 0.009523809523809525 0.04285714285714286
0 0.13452380952380955 0.24285714285714285 0.011904761904761906 0.05714285714285714
0 0.13333333333333336 0.6928571428571428 0.004761904761904762 0.04285714285714286
0 0.13452380952380955 0.6357142857142857 0.0071428571428571435 0.04285714285714286
0 0.19523809523809527 0.7857142857142857 0.004761904761904762 0.05714285714285714
0 0.24642857142857144 0.5142857142857142 0.011904761904761906 0.05714285714285714
0 0.4047619047619048 0.8071428571428572 0.009523809523809525 0.04285714285714286
0 0.3797619047619048 0.6571428571428571 0.011904761904761906 0.05714285714285714
0 0.3726190476190476 0.7428571428571429 0.0071428571428571435 0.05714285714285714
0 0.34761904761904766 0.40714285714285714 0.004761904761904762 0.04285714285714286
0 0.33452380952380956 0.39999999999999997 0.0071428571428571435 0.02857142857142857
0 0.48809523809523814 0.19999999999999998 0.009523809523809525 0.05714285714285714
0 0.46547619047619054 0.2857142857142857 0.0071428571428571435 0.02857142857142857
0 0.6416666666666667 0.21428571428571427 0.0071428571428571435 0.02857142857142857
0 0.7261904761904763 0.65 0.004761904761904762 0.04285714285714286
0 0.3380952380952381 0.6928571428571428 0.004761904761904762 0.04285714285714286
0 0.3928571428571429 0.5285714285714286 0.009523809523809525 0.02857142857142857
0 0.5654761904761906 0.17142857142857143 0.0071428571428571435 0.05714285714285714
0 0.5880952380952381 0.14285714285714285 0.009523809523809525 0.05714285714285714
0 0.5976190476190477 0.10714285714285714 0.009523809523809525 0.04285714285714286
0 0.6523809523809524 0.06428571428571428 0.009523809523809525 0.04285714285714286
0 0.6916666666666668 0.06428571428571428 0.0071428571428571435 0.04285714285714286
0 0.7000000000000001 0.06428571428571428 0.004761904761904762 0.04285714285714286
0 0.5702380952380953 0.6071428571428571 0.0071428571428571435 0.07142857142857142
0 0.5833333333333334 0.6428571428571428 0.009523809523809525 0.05714285714285714
0 0.6250000000000001 0.35 0.0071428571428571435 0.04285714285714286
0 0.6952380952380953 0.36428571428571427 0.009523809523809525 0.04285714285714286
0 0.686904761904762 0.4357142857142857 0.0071428571428571435 0.04285714285714286
0 0.22500000000000003 0.6285714285714286 0.011904761904761906 0.02857142857142857
0 0.23214285714285715 0.6857142857142857 0.0071428571428571435 0.05714285714285714
0 0.026190476190476195 0.36428571428571427 0.004761904761904762 0.04285714285714286
0 0.01904761904761905 0.41428571428571426 0.004761904761904762 0.02857142857142857
0 0.02142857142857143 0.4714285714285714 0.004761904761904762 0.02857142857142857
0 0.028571428571428574 0.5142857142857142 0.004761904761904762 0.02857142857142857
0 0.03333333333333334 0.04285714285714286 0.009523809523809525 0.02857142857142857
0 0.2273809523809524 0.24285714285714285 0.0071428571428571435 0.05714285714285714
0 0.23690476190476192 0.18571428571428572 0.0071428571428571435 0.05714285714285714
0 0.17380952380952383 0.2642857142857143 0.009523809523809525 0.04285714285714286
0 0.4630952380952381 0.15714285714285714 0.0071428571428571435 0.02857142857142857
0 0.46547619047619054 0.12142857142857143 0.0071428571428571435 0.04285714285714286
0 0.41190476190476194 0.6928571428571428 0.009523809523809525 0.04285714285714286
0 0.28095238095238095 0.5928571428571429 0.009523809523809525 0.04285714285714286
0 0.27976190476190477 0.5214285714285715 0.011904761904761906 0.07142857142857142
0 0.29642857142857143 0.37142857142857144 0.0071428571428571435 0.05714285714285714
0 0.29880952380952386 0.2357142857142857 0.0071428571428571435 0.07142857142857142
0 0.2392857142857143 0.4714285714285714 0.0071428571428571435 0.02857142857142857
0 0.20714285714285716 0.10714285714285714 0.009523809523809525 0.014285714285714285
0 0.27976190476190477 0.02857142857142857 0.011904761904761906 0.05714285714285714
0 0.5226190476190476 0.29285714285714287 0.0071428571428571435 0.04285714285714286
0 0.5404761904761906 0.014285714285714285 0.009523809523809525 0.02857142857142857
0 0.03333333333333334 0.3071428571428571 0.009523809523809525 0.04285714285714286
0 0.04642857142857143 0.18571428571428572 0.0071428571428571435 0.05714285714285714
0 0.05 0.10714285714285714 0.004761904761904762 0.07142857142857142
0 0.07261904761904762 0.1357142857142857 0.01666666666666667 0.04285714285714286
0 0.07976190476190477 0.09285714285714286 0.0071428571428571435 0.04285714285714286
0 0.055952380952380955 0.47857142857142854 0.0071428571428571435 0.04285714285714286
0 0.12023809523809526 0.41428571428571426 0.0071428571428571435 0.02857142857142857
0 0.11547619047619048 0.3357142857142857 0.011904761904761906 0.04285714285714286
0 0.11071428571428572 0.18571428571428572 0.0071428571428571435 0.02857142857142857
0 0.12619047619047621 0.08571428571428572 0.014285714285714287 0.11428571428571428
0 0.23571428571428574 0.08571428571428572 0.004761904761904762 0.02857142857142857
0 0.23690476190476192 0.12857142857142856 0.0071428571428571435 0.02857142857142857
0 0.2666666666666667 0.7857142857142857 0.004761904761904762 0.02857142857142857
0 0.430952380952381 0.3857142857142857 0.014285714285714287 0.05714285714285714
0 0.2702380952380953 0.2857142857142857 0.0071428571428571435 0.02857142857142857
0 0.5166666666666667 0.5714285714285714 0.009523809523809525 0.02857142857142857
0 0.5130952380952382 0.6142857142857142 0.0071428571428571435 0.02857142857142857
0 0.4904761904761905 0.6071428571428571 0.004761904761904762 0.04285714285714286
0 0.48571428571428577 0.7071428571428571 0.004761904761904762 0.04285714285714286
0 0.5428571428571429 0.3071428571428571 0.004761904761904762 0.04285714285714286
0 0.5333333333333334 0.2571428571428571 0.014285714285714287 0.02857142857142857
0 0.536904761904762 0.20714285714285713 0.0071428571428571435 0.04285714285714286
0 0.4 0.47857142857142854 0.014285714285714287 0.04285714285714286
0 0.33333333333333337 0.8071428571428572 0.004761904761904762 0.04285714285714286
0 0.3238095238095238 0.7357142857142857 0.004761904761904762 0.04285714285714286
0 0.3642857142857143 0.6 0.004761904761904762 0.02857142857142857
0 0.5142857142857143 0.6928571428571428 0.004761904761904762 0.04285714285714286
0 0.705952380952381 0.5642857142857143 0.0071428571428571435 0.04285714285714286
0 0.7130952380952381 0.4714285714285714 0.0071428571428571435 0.05714285714285714
0 0.5821428571428572 0.7428571428571429 0.011904761904761906 0.02857142857142857
0 0.04166666666666667 0.007142857142857143 0.0071428571428571435 0.014285714285714285
0 0.18571428571428572 0.07142857142857142 0.009523809523809525 0.02857142857142857
0 0.18452380952380953 0.11428571428571428 0.0071428571428571435 0.02857142857142857
0 0.18095238095238098 0.7142857142857143 0.004761904761904762 0.05714285714285714
0 0.2392857142857143 0.41428571428571426 0.011904761904761906 0.05714285714285714
0 0.255952380952381 0.37142857142857144 0.0071428571428571435 0.05714285714285714
0 0.3035714285714286 0.03571428571428571 0.0071428571428571435 0.07142857142857142
0 0.29285714285714287 0.09285714285714286 0.004761904761904762 0.04285714285714286
0 0.28095238095238095 0.11428571428571428 0.009523809523809525 0.05714285714285714
0 0.20714285714285716 0.06428571428571428 0.009523809523809525 0.04285714285714286
0 0.5952380952380953 0.39285714285714285 0.004761904761904762 0.014285714285714285
0 0.6011904761904763 0.3 0.0071428571428571435 0.02857142857142857
0 0.6273809523809525 0.007142857142857143 0.0071428571428571435 0.014285714285714285
0 0.7773809523809525 0.11428571428571428 0.0071428571428571435 0.02857142857142857
0 0.7916666666666667 0.06428571428571428 0.0071428571428571435 0.04285714285714286
0 0.7845238095238096 0.03571428571428571 0.0071428571428571435 0.04285714285714286
0 0.8083333333333335 0.007142857142857143 0.011904761904761906 0.014285714285714285
0 0.8595238095238096 0.007142857142857143 0.009523809523809525 0.014285714285714285
0 0.8511904761904763 0.04285714285714286 0.0071428571428571435 0.05714285714285714
0 0.8261904761904763 0.2357142857142857 0.009523809523809525 0.04285714285714286
0 0.8190476190476191 0.3071428571428571 0.009523809523809525 0.04285714285714286
0 0.8107142857142858 0.2714285714285714 0.0071428571428571435 0.02857142857142857
0 0.8761904761904763 0.7999999999999999 0.004761904761904762 0.05714285714285714
0 0.9095238095238096 0.8071428571428572 0.004761904761904762 0.04285714285714286
0 0.29880952380952386 0.7571428571428571 0.0071428571428571435 0.02857142857142857
0 0.2821428571428572 0.7214285714285714 0.0071428571428571435 0.04285714285714286
0 0.47261904761904766 0.7285714285714285 0.0071428571428571435 0.02857142857142857
0 0.5178571428571429 0.42857142857142855 0.0071428571428571435 0.02857142857142857
0 0.5071428571428572 0.42857142857142855 0.009523809523809525 0.02857142857142857
0 0.5071428571428572 0.4857142857142857 0.009523809523809525 0.02857142857142857
0 0.5214285714285715 0.5071428571428571 0.009523809523809525 0.04285714285714286
0 0.49523809523809526 0.37857142857142856 0.009523809523809525 0.04285714285714286
0 0.47500000000000003 0.25 0.0071428571428571435 0.04285714285714286
0 0.6238095238095238 0.42142857142857143 0.014285714285714287 0.04285714285714286
0 0.6083333333333334 0.5785714285714285 0.002380952380952381 0.014285714285714285
0 0.6250000000000001 0.4928571428571428 0.0071428571428571435 0.04285714285714286
0 0.6404761904761905 0.5357142857142857 0.009523809523809525 0.04285714285714286
0 0.6047619047619048 0.6714285714285714 0.009523809523809525 0.05714285714285714
0 0.7464285714285714 0.3214285714285714 0.0071428571428571435 0.04285714285714286
0 0.7547619047619049 0.22142857142857142 0.004761904761904762 0.04285714285714286
0 0.7380952380952381 0.19285714285714284 0.009523809523809525 0.04285714285714286
0 0.7285714285714286 0.20714285714285713 0.004761904761904762 0.04285714285714286
0 0.7083333333333334 0.18571428571428572 0.0071428571428571435 0.02857142857142857
0 0.7357142857142858 0.10714285714285714 0.004761904761904762 0.04285714285714286
0 0.7488095238095239 0.12857142857142856 0.0071428571428571435 0.02857142857142857
0 0.7416666666666667 0.06428571428571428 0.0071428571428571435 0.04285714285714286
0 0.7523809523809525 0.03571428571428571 0.004761904761904762 0.04285714285714286
0 0.7285714285714286 0.0 0.009523809523809525 0.0
0 0.7500000000000001 0.7357142857142857 0.009523809523809525 0.04285714285714286
0 0.786904761904762 0.5357142857142857 0.011904761904761906 0.04285714285714286
0 0.7845238095238096 0.45 0.002380952380952381 0.04285714285714286
0 0.7654761904761905 0.7285714285714285 0.0071428571428571435 0.02857142857142857
0 0.7880952380952382 0.7428571428571429 0.009523809523809525 0.02857142857142857
0 0.7785714285714287 0.6857142857142857 0.009523809523809525 0.02857142857142857
0 0.7821428571428573 0.6 0.0071428571428571435 0.05714285714285714
0 0.8190476190476191 0.41428571428571426 0.004761904761904762 0.02857142857142857
0 0.8142857142857144 0.4857142857142857 0.009523809523809525 0.02857142857142857
0 0.8071428571428572 0.5214285714285715 0.004761904761904762 0.04285714285714286
0 0.8369047619047619 0.5499999999999999 0.0071428571428571435 0.07142857142857142
0 0.8345238095238096 0.7857142857142857 0.0071428571428571435 0.02857142857142857
0 0.8476190476190477 0.7928571428571428 0.004761904761904762 0.04285714285714286
0 0.8892857142857143 0.6571428571428571 0.0071428571428571435 0.02857142857142857
0 0.9059523809523811 0.5928571428571429 0.0071428571428571435 0.04285714285714286
0 0.8976190476190476 0.6571428571428571 0.004761904761904762 0.05714285714285714
0 0.8583333333333334 0.7857142857142857 0.0071428571428571435 0.02857142857142857
0 0.8607142857142858 0.6785714285714286 0.011904761904761906 0.04285714285714286
0 0.8595238095238096 0.7357142857142857 0.009523809523809525 0.04285714285714286
0 0.8750000000000001 0.5428571428571428 0.011904761904761906 0.05714285714285714
0 0.5904761904761905 0.25 0.004761904761904762 0.04285714285714286
0 0.6404761904761905 0.10714285714285714 0.004761904761904762 0.04285714285714286
0 0.7416666666666667 0.3857142857142857 0.0071428571428571435 0.02857142857142857
0 0.730952380952381 0.37857142857142856 0.009523809523809525 0.04285714285714286
0 0.7142857142857143 0.37142857142857144 0.004761904761904762 0.05714285714285714
0 0.7797619047619049 0.2357142857142857 0.0071428571428571435 0.04285714285714286
0 0.7726190476190476 0.34285714285714286 0.011904761904761906 0.05714285714285714
0 0.761904761904762 0.42142857142857143 0.004761904761904762 0.04285714285714286
0 0.7630952380952382 0.4857142857142857 0.002380952380952381 0.05714285714285714
0 0.8321428571428572 0.12857142857142856 0.0071428571428571435 0.02857142857142857
0 0.8988095238095238 0.11428571428571428 0.0071428571428571435 0.02857142857142857
0 0.8857142857142858 0.014285714285714285 0.009523809523809525 0.02857142857142857
0 0.9047619047619049 0.15714285714285714 0.009523809523809525 0.02857142857142857
0 0.9392857142857144 0.20714285714285713 0.0071428571428571435 0.04285714285714286
0 0.967857142857143 0.07142857142857142 0.0071428571428571435 0.02857142857142857
0 0.9547619047619048 0.6928571428571428 0.004761904761904762 0.04285714285714286
0 0.9285714285714286 0.7642857142857142 0.009523809523809525 0.04285714285714286
0 0.811904761904762 0.7785714285714286 0.009523809523809525 0.014285714285714285
0 0.7892857142857144 0.2785714285714286 0.0071428571428571435 0.04285714285714286
0 0.8011904761904762 0.22857142857142856 0.01666666666666667 0.02857142857142857
0 0.8142857142857144 0.1357142857142857 0.009523809523809525 0.04285714285714286
0 0.8190476190476191 0.04285714285714286 0.004761904761904762 0.02857142857142857
0 0.8357142857142857 0.02142857142857143 0.009523809523809525 0.04285714285714286
0 0.6595238095238096 0.20714285714285713 0.009523809523809525 0.04285714285714286
0 0.6571428571428573 0.12857142857142856 0.004761904761904762 0.02857142857142857
0 0.6142857142857143 0.3142857142857143 0.009523809523809525 0.02857142857142857
0 0.6297619047619049 0.22857142857142856 0.002380952380952381 0.02857142857142857
0 0.886904761904762 0.4928571428571428 0.0071428571428571435 0.04285714285714286
0 0.9761904761904763 0.8357142857142857 0.009523809523809525 0.04285714285714286
0 0.9630952380952382 0.8428571428571429 0.0071428571428571435 0.05714285714285714
0 0.9416666666666668 0.7714285714285714 0.0071428571428571435 0.02857142857142857
0 0.9440476190476191 0.7357142857142857 0.0071428571428571435 0.04285714285714286
0 0.9738095238095239 0.6857142857142857 0.004761904761904762 0.02857142857142857
0 0.9011904761904763 0.7571428571428571 0.0071428571428571435 0.02857142857142857
0 0.8845238095238096 0.7642857142857142 0.0071428571428571435 0.014285714285714285
0 0.8761904761904763 0.65 0.004761904761904762 0.04285714285714286
0 0.8511904761904763 0.5714285714285714 0.0071428571428571435 0.02857142857142857
0 0.8547619047619048 0.6071428571428571 0.009523809523809525 0.04285714285714286
0 0.8857142857142858 0.40714285714285714 0.014285714285714287 0.07142857142857142
0 0.9345238095238096 0.35714285714285715 0.0071428571428571435 0.02857142857142857
0 0.8988095238095238 0.42142857142857143 0.0071428571428571435 0.04285714285714286
0 0.9571428571428572 0.3 0.014285714285714287 0.05714285714285714
0 0.9130952380952382 0.04285714285714286 0.0071428571428571435 0.08571428571428572
0 0.9214285714285715 0.007142857142857143 0.004761904761904762 0.014285714285714285
0 0.9523809523809524 0.06428571428571428 0.009523809523809525 0.04285714285714286
0 0.9404761904761906 0.014285714285714285 0.009523809523809525 0.02857142857142857
0 0.8607142857142858 0.35 0.0071428571428571435 0.04285714285714286
0 0.8666666666666667 0.18571428571428572 0.01904761904761905 0.02857142857142857
0 0.8630952380952381 0.25 0.0071428571428571435 0.04285714285714286
0 0.7654761904761905 0.02142857142857143 0.0071428571428571435 0.04285714285714286
0 0.9845238095238096 0.4714285714285714 0.0071428571428571435 0.02857142857142857
0 0.9952380952380954 0.5571428571428572 0.004761904761904762 0.02857142857142857
0 0.980952380952381 0.5714285714285714 0.009523809523809525 0.02857142857142857
0 0.9952380952380954 0.40714285714285714 0.004761904761904762 0.04285714285714286
0 0.9547619047619048 0.75 0.004761904761904762 0.04285714285714286
0 0.4297619047619048 0.6785714285714286 0.0071428571428571435 0.014285714285714285
0 0.4404761904761905 0.7285714285714285 0.009523809523809525 0.02857142857142857
0 0.6130952380952381 0.05714285714285714 0.0071428571428571435 0.02857142857142857
0 0.6452380952380953 0.02857142857142857 0.004761904761904762 0.02857142857142857
0 0.6714285714285715 0.05714285714285714 0.009523809523809525 0.02857142857142857
0 0.6607142857142858 0.7571428571428571 0.0071428571428571435 0.02857142857142857
0 0.9833333333333334 0.40714285714285714 0.004761904761904762 0.014285714285714285
0 0.961904761904762 0.45714285714285713 0.014285714285714287 0.05714285714285714
0 0.9380952380952382 0.6571428571428571 0.004761904761904762 0.02857142857142857
0 0.9357142857142858 0.7 0.009523809523809525 0.02857142857142857
0 0.9535714285714286 0.6214285714285714 0.0071428571428571435 0.04285714285714286
0 0.8500000000000001 0.34285714285714286 0.014285714285714287 0.02857142857142857
0 0.8500000000000001 0.22142857142857142 0.004761904761904762 0.04285714285714286
0 0.8345238095238096 0.29285714285714287 0.0071428571428571435 0.04285714285714286
0 0.7761904761904762 0.46428571428571425 0.009523809523809525 0.04285714285714286
0 0.7821428571428573 0.39999999999999997 0.0071428571428571435 0.05714285714285714
0 0.7916666666666667 0.45714285714285713 0.002380952380952381 0.05714285714285714
0 0.7357142857142858 0.7714285714285714 0.009523809523809525 0.02857142857142857
0 0.717857142857143 0.6285714285714286 0.011904761904761906 0.05714285714285714
0 0.730952380952381 0.5642857142857143 0.009523809523809525 0.04285714285714286
0 0.6761904761904762 0.14285714285714285 0.009523809523809525 0.02857142857142857
0 0.9821428571428572 0.32857142857142857 0.01666666666666667 0.05714285714285714
0 0.986904761904762 0.15 0.0071428571428571435 0.04285714285714286
0 0.9690476190476192 0.15714285714285714 0.004761904761904762 0.05714285714285714
0 0.8964285714285715 0.47857142857142854 0.0071428571428571435 0.04285714285714286
0 0.9095238095238096 0.46428571428571425 0.009523809523809525 0.04285714285714286
0 0.9190476190476191 0.41428571428571426 0.009523809523809525 0.02857142857142857
0 0.842857142857143 0.7428571428571429 0.014285714285714287 0.02857142857142857
0 0.661904761904762 0.65 0.01904761904761905 0.07142857142857142
0 0.3321428571428572 0.5785714285714285 0.0071428571428571435 0.04285714285714286
0 0.33571428571428574 0.5285714285714286 0.009523809523809525 0.05714285714285714
0 0.3523809523809524 0.4714285714285714 0.014285714285714287 0.05714285714285714
0 0.32023809523809527 0.39285714285714285 0.0071428571428571435 0.04285714285714286
0 0.3190476190476191 0.16428571428571428 0.009523809523809525 0.04285714285714286
0 0.04285714285714286 0.45 0.009523809523809525 0.04285714285714286
0 0.045238095238095244 0.6428571428571428 0.014285714285714287 0.08571428571428572
0 0.04404761904761905 0.5499999999999999 0.011904761904761906 0.04285714285714286
0 0.07142857142857144 0.5285714285714286 0.009523809523809525 0.05714285714285714
0 0.05476190476190477 0.3142857142857143 0.009523809523809525 0.05714285714285714
0 0.04047619047619048 0.36428571428571427 0.009523809523809525 0.04285714285714286
0 0.0035714285714285718 0.2357142857142857 0.0071428571428571435 0.04285714285714286
0 0.405952380952381 0.6285714285714286 0.0071428571428571435 0.05714285714285714
0 0.39642857142857146 0.7071428571428571 0.0071428571428571435 0.04285714285714286
0 0.4214285714285715 0.45 0.009523809523809525 0.04285714285714286
0 0.46071428571428574 0.2357142857142857 0.011904761904761906 0.04285714285714286
0 0.4285714285714286 0.14285714285714285 0.009523809523809525 0.02857142857142857
0 0.4285714285714286 0.03571428571428571 0.004761904761904762 0.014285714285714285
0 0.5107142857142858 0.03571428571428571 0.0071428571428571435 0.04285714285714286
0 0.5880952380952381 0.0 0.004761904761904762 0.0
0 0.5750000000000001 0.09285714285714286 0.0071428571428571435 0.04285714285714286
0 0.11785714285714287 0.47857142857142854 0.011904761904761906 0.04285714285714286
0 0.10357142857142858 0.5214285714285715 0.0071428571428571435 0.04285714285714286
0 0.09166666666666667 0.5 0.0071428571428571435 0.02857142857142857
0 0.14880952380952384 0.7357142857142857 0.0071428571428571435 0.04285714285714286
0 0.255952380952381 0.6285714285714286 0.011904761904761906 0.02857142857142857
0 0.25833333333333336 0.5642857142857143 0.011904761904761906 0.04285714285714286
0 0.19285714285714287 0.5 0.009523809523809525 0.02857142857142857
0 0.09047619047619049 0.7428571428571429 0.009523809523809525 0.02857142857142857
0 0.07738095238095238 0.7285714285714285 0.0071428571428571435 0.05714285714285714
0 0.02142857142857143 0.014285714285714285 0.004761904761904762 0.02857142857142857
0 0.2904761904761905 0.6785714285714286 0.004761904761904762 0.04285714285714286
0 0.3261904761904762 0.6285714285714286 0.009523809523809525 0.02857142857142857
0 0.5952380952380953 0.4714285714285714 0.009523809523809525 0.02857142857142857
0 0.35714285714285715 0.6642857142857143 0.004761904761904762 0.04285714285714286
0 0.4297619047619048 0.5928571428571429 0.0071428571428571435 0.04285714285714286
0 0.43809523809523815 0.5214285714285715 0.009523809523809525 0.04285714285714286
0 0.45119047619047625 0.4714285714285714 0.0071428571428571435 0.02857142857142857
0 0.5333333333333334 0.15714285714285714 0.004761904761904762 0.02857142857142857
0 0.4785714285714286 0.32857142857142857 0.004761904761904762 0.02857142857142857
0 0.48690476190476195 0.05714285714285714 0.0071428571428571435 0.05714285714285714
0 0.5166666666666667 0.09285714285714286 0.004761904761904762 0.04285714285714286
0 0.9309523809523811 0.25 0.009523809523809525 0.04285714285714286
0 0.9952380952380954 0.07142857142857142 0.004761904761904762 0.05714285714285714
0 0.9702380952380953 0.014285714285714285 0.011904761904761906 0.02857142857142857
0 0.8726190476190477 0.014285714285714285 0.0071428571428571435 0.02857142857142857
0 0.8785714285714287 0.14285714285714285 0.004761904761904762 0.02857142857142857
0 0.6892857142857144 0.47857142857142854 0.0071428571428571435 0.04285714285714286
0 0.6892857142857144 0.17857142857142858 0.0071428571428571435 0.04285714285714286
0 0.6761904761904762 0.014285714285714285 0.009523809523809525 0.02857142857142857
0 0.8833333333333334 0.04285714285714286 0.009523809523809525 0.02857142857142857
0 0.7988095238095239 0.37857142857142856 0.0071428571428571435 0.04285714285714286
0 0.7928571428571429 0.1357142857142857 0.009523809523809525 0.04285714285714286
0 0.8035714285714286 0.08571428571428572 0.0071428571428571435 0.02857142857142857
0 0.6785714285714286 0.5499999999999999 0.004761904761904762 0.04285714285714286
0 0.6726190476190477 0.36428571428571427 0.0071428571428571435 0.07142857142857142
0 0.6880952380952382 0.2571428571428571 0.004761904761904762 0.05714285714285714
0 0.7035714285714286 0.12142857142857143 0.0071428571428571435 0.04285714285714286
0 0.9857142857142858 0.7785714285714286 0.009523809523809525 0.07142857142857142
0 0.8333333333333334 0.47857142857142854 0.014285714285714287 0.04285714285714286
0 0.9000000000000001 0.2857142857142857 0.014285714285714287 0.08571428571428572
0 0.5511904761904762 0.39285714285714285 0.011904761904761906 0.04285714285714286
0 0.5619047619047619 0.2785714285714286 0.004761904761904762 0.07142857142857142
0 0.5642857142857144 0.03571428571428571 0.009523809523809525 0.04285714285714286
0 0.5761904761904763 0.17857142857142858 0.009523809523809525 0.04285714285714286
0 0.9761904761904763 0.2642857142857143 0.009523809523809525 0.04285714285714286
0 0.9547619047619048 0.18571428571428572 0.009523809523809525 0.05714285714285714
0 0.7250000000000001 0.46428571428571425 0.0071428571428571435 0.04285714285714286
0 0.18452380952380953 0.3214285714285714 0.0071428571428571435 0.04285714285714286
0 0.4488095238095238 0.12857142857142856 0.0071428571428571435 0.02857142857142857
0 0.7154761904761905 0.15 0.0071428571428571435 0.04285714285714286
0 0.20833333333333334 0.22142857142857142 0.011904761904761906 0.07142857142857142
0 0.28571428571428575 0.44285714285714284 0.009523809523809525 0.05714285714285714
0 0.9226190476190477 0.12142857142857143 0.0071428571428571435 0.07142857142857142
0 0.8416666666666668 0.41428571428571426 0.011904761904761906 0.05714285714285714
0 0.7630952380952382 0.17857142857142858 0.011904761904761906 0.09999999999999999
0 0.7607142857142858 0.29285714285714287 0.011904761904761906 0.07142857142857142
