0 0.5202380952380953 0.18571428571428572 0.01666666666666667 0.11428571428571428
0 0.5654761904761906 0.6142857142857142 0.02142857142857143 0.14285714285714285
0 0.8238095238095239 0.46428571428571425 0.014285714285714287 0.07142857142857142
0 0.07500000000000001 0.95 0.011904761904761906 0.07142857142857142
0 0.21309523809523812 0.16428571428571428 0.011904761904761906 0.09999999999999999
0 0.051190476190476196 0.5285714285714286 0.01666666666666667 0.11428571428571428
0 0.01785714285714286 0.7 0.01666666666666667 0.05714285714285714
0 0.4071428571428572 0.17857142857142858 0.014285714285714287 0.12857142857142856
0 0.17500000000000002 0.9214285714285714 0.01666666666666667 0.09999999999999999
0 0.9083333333333334 0.8714285714285714 0.02142857142857143 0.14285714285714285
0 0.35595238095238096 0.5214285714285715 0.02142857142857143 0.2714285714285714
0 0.9857142857142858 0.45 0.02380952380952381 0.07142857142857142
0 0.6785714285714286 0.85 0.028571428571428574 0.09999999999999999
0 0.2035714285714286 0.5499999999999999 0.02142857142857143 0.15714285714285714
0 0.6250000000000001 0.5142857142857142 0.026190476190476195 0.2571428571428571
