0 0.7535714285714287 0.7357142857142857 0.01666666666666667 0.12857142857142856
0 0.4011904761904762 0.9714285714285714 0.02142857142857143 0.02857142857142857
0 0.8988095238095238 0.39999999999999997 0.011904761904761906 0.11428571428571428
0 0.9297619047619049 0.7714285714285714 0.011904761904761906 0.08571428571428572
0 0.9857142857142858 0.5285714285714286 0.01904761904761905 0.08571428571428572
0 0.6357142857142858 0.11428571428571428 0.014285714285714287 0.08571428571428572
0 0.8904761904761905 0.21428571428571427 0.014285714285714287 0.05714285714285714
0 0.936904761904762 0.46428571428571425 0.011904761904761906 0.07142857142857142
0 0.1619047619047619 0.8785714285714286 0.01904761904761905 0.09999999999999999
0 0.10833333333333334 0.2785714285714286 0.011904761904761906 0.09999999999999999
0 0.5333333333333334 0.6142857142857142 0.014285714285714287 0.08571428571428572
0 0.2619047619047619 0.34285714285714286 0.014285714285714287 0.08571428571428572
0 0.47380952380952385 0.9 0.014285714285714287 0.08571428571428572
0 0.21309523809523812 0.15 0.011904761904761906 0.12857142857142856
0 0.07857142857142858 0.5642857142857143 0.014285714285714287 0.07142857142857142
0 0.08095238095238096 0.22857142857142856 0.009523809523809525 0.05714285714285714
0 0.2392857142857143 0.7214285714285714 0.01666666666666667 0.09999999999999999
0 0.07142857142857144 0.9357142857142857 0.014285714285714287 0.09999999999999999
0 0.9511904761904763 0.35714285714285715 0.011904761904761906 0.08571428571428572
0 0.34761904761904766 0.6357142857142857 0.014285714285714287 0.07142857142857142
0 0.03333333333333334 0.11428571428571428 0.014285714285714287 0.08571428571428572
0 0.2904761904761905 0.9 0.01904761904761905 0.05714285714285714
0 0.7857142857142858 0.37857142857142856 0.014285714285714287 0.09999999999999999
0 0.06190476190476191 0.22142857142857142 0.009523809523809525 0.04285714285714286
0 0.7488095238095239 0.2785714285714286 0.011904761904761906 0.12857142857142856
0 0.9190476190476191 0.9 0.009523809523809525 0.05714285714285714
0 0.43333333333333335 0.41428571428571426 0.01904761904761905 0.17142857142857143
0 0.8523809523809525 0.7999999999999999 0.014285714285714287 0.11428571428571428
0 0.24523809523809526 0.5642857142857143 0.009523809523809525 0.09999999999999999
0 0.06547619047619048 0.7071428571428571 0.011904761904761906 0.09999999999999999
0 0.1904761904761905 0.8714285714285714 0.01904761904761905 0.08571428571428572
0 0.6130952380952381 0.9 0.011904761904761906 0.05714285714285714
