0 0.6071428571428572 0.5214285714285715 0.014285714285714287 0.07142857142857142
0 0.11785714285714287 0.7785714285714286 0.01666666666666667 0.07142857142857142
0 0.5511904761904762 0.9571428571428571 0.01666666666666667 0.05714285714285714
0 0.5523809523809524 0.17142857142857143 0.01904761904761905 0.08571428571428572
0 0.2416666666666667 0.8785714285714286 0.01666666666666667 0.07142857142857142
0 0.0035714285714285718 0.3 0.0071428571428571435 0.05714285714285714
0 0.12142857142857144 0.3071428571428571 0.014285714285714287 0.07142857142857142
0 0.12380952380952381 0.6142857142857142 0.01904761904761905 0.05714285714285714
0 0.2011904761904762 0.5428571428571428 0.02142857142857143 0.05714285714285714
0 0.3916666666666667 0.35 0.01666666666666667 0.07142857142857142
0 0.3583333333333334 0.4714285714285714 0.01666666666666667 0.08571428571428572
0 0.3166666666666667 0.6071428571428571 0.02380952380952381 0.07142857142857142
0 0.49404761904761907 0.65 0.01666666666666667 0.07142857142857142
0 0.567857142857143 0.4857142857142857 0.01666666666666667 0.08571428571428572
0 0.5535714285714286 0.37142857142857144 0.01666666666666667 0.08571428571428572
0 0.675 0.8071428571428572 0.01666666666666667 0.07142857142857142
0 0.786904761904762 0.8357142857142857 0.01666666666666667 0.07142857142857142
0 0.830952380952381 0.5214285714285715 0.02380952380952381 0.07142857142857142
0 0.9107142857142858 0.19999999999999998 0.01666666666666667 0.11428571428571428
0 0.3916666666666667 0.5428571428571428 0.02142857142857143 0.08571428571428572
0 0.630952380952381 0.03571428571428571 0.014285714285714287 0.07142857142857142
0 0.6404761904761905 0.46428571428571425 0.01904761904761905 0.07142857142857142
0 0.8083333333333335 0.05714285714285714 0.01666666666666667 0.05714285714285714
0 0.5785714285714286 0.25 0.014285714285714287 0.07142857142857142
0 0.5142857142857143 0.5357142857142857 0.028571428571428574 0.07142857142857142
0 0.14642857142857144 0.45714285714285713 0.02142857142857143 0.17142857142857143
