0 0.830952380952381 0.3857142857142857 0.01904761904761905 0.14285714285714285
0 0.40952380952380957 0.9214285714285714 0.01904761904761905 0.07142857142857142
0 0.18690476190476193 0.8142857142857143 0.011904761904761906 0.11428571428571428
0 0.3726190476190476 0.5714285714285714 0.01666666666666667 0.05714285714285714
0 0.37023809523809526 0.39999999999999997 0.011904761904761906 0.05714285714285714
0 0.4202380952380953 0.22142857142857142 0.011904761904761906 0.07142857142857142
0 0.06309523809523811 0.42142857142857143 0.01666666666666667 0.09999999999999999
0 0.10357142857142858 0.32857142857142857 0.01666666666666667 0.05714285714285714
0 0.04642857142857143 0.17857142857142858 0.02142857142857143 0.07142857142857142
0 0.6190476190476191 0.22857142857142856 0.014285714285714287 0.08571428571428572
0 0.5761904761904763 0.24285714285714285 0.014285714285714287 0.08571428571428572
0 0.7190476190476192 0.6642857142857143 0.02380952380952381 0.07142857142857142
0 0.805952380952381 0.7857142857142857 0.01666666666666667 0.08571428571428572
0 0.8595238095238096 0.9357142857142857 0.01904761904761905 0.07142857142857142
0 0.9130952380952382 0.6285714285714286 0.01666666666666667 0.05714285714285714
0 0.9297619047619049 0.8214285714285714 0.01666666666666667 0.09999999999999999
0 0.8047619047619048 0.6571428571428571 0.014285714285714287 0.08571428571428572
0 0.6452380952380953 0.45714285714285713 0.01904761904761905 0.08571428571428572
0 0.6988095238095239 0.049999999999999996 0.026190476190476195 0.07142857142857142
0 0.2666666666666667 0.7071428571428571 0.02380952380952381 0.07142857142857142
