0 0.32261904761904764 0.36428571428571427 0.02142857142857143 0.15714285714285714
0 0.47500000000000003 0.06428571428571428 0.01666666666666667 0.07142857142857142
0 0.028571428571428574 0.049999999999999996 0.014285714285714287 0.09999999999999999
0 0.029761904761904764 0.20714285714285713 0.02142857142857143 0.07142857142857142
0 0.03571428571428572 0.3357142857142857 0.01904761904761905 0.07142857142857142
0 0.2011904761904762 0.5642857142857143 0.01666666666666667 0.07142857142857142
0 0.2416666666666667 0.7999999999999999 0.01666666666666667 0.05714285714285714
0 0.3119047619047619 0.5928571428571429 0.01904761904761905 0.09999999999999999
0 0.480952380952381 0.4714285714285714 0.014285714285714287 0.05714285714285714
0 0.4357142857142858 0.6928571428571428 0.014285714285714287 0.09999999999999999
0 0.5773809523809524 0.25 0.02142857142857143 0.07142857142857142
0 0.705952380952381 0.12857142857142856 0.01666666666666667 0.08571428571428572
0 0.7535714285714287 0.8785714285714286 0.01666666666666667 0.07142857142857142
0 0.6166666666666667 0.6357142857142857 0.014285714285714287 0.07142857142857142
0 0.8750000000000001 0.2714285714285714 0.01666666666666667 0.08571428571428572
0 0.8928571428571429 0.6357142857142857 0.014285714285714287 0.07142857142857142
0 0.7166666666666668 0.5642857142857143 0.014285714285714287 0.07142857142857142
0 0.06071428571428572 0.6571428571428571 0.011904761904761906 0.08571428571428572
0 0.22142857142857145 0.8857142857142857 0.01904761904761905 0.08571428571428572
