0 0.4571428571428572 0.049999999999999996 0.01904761904761905 0.09999999999999999
0 0.3238095238095238 0.11428571428571428 0.028571428571428574 0.22857142857142856
0 0.37380952380952387 0.20714285714285713 0.014285714285714287 0.12857142857142856
0 0.5107142857142858 0.6714285714285714 0.01666666666666667 0.08571428571428572
0 0.22380952380952382 0.85 0.03333333333333334 0.15714285714285714
0 0.3547619047619048 0.7928571428571428 0.02380952380952381 0.15714285714285714
0 0.6130952380952381 0.9071428571428571 0.02142857142857143 0.15714285714285714
0 0.405952380952381 0.8714285714285714 0.02142857142857143 0.14285714285714285
0 0.6178571428571429 0.08571428571428572 0.026190476190476195 0.11428571428571428
0 0.7214285714285715 0.03571428571428571 0.014285714285714287 0.07142857142857142
0 0.755952380952381 0.02142857142857143 0.011904761904761906 0.04285714285714286
0 0.8571428571428572 0.32857142857142857 0.01904761904761905 0.08571428571428572
0 0.8500000000000001 0.12857142857142856 0.01904761904761905 0.14285714285714285
0 0.7928571428571429 0.5428571428571428 0.01904761904761905 0.08571428571428572
0 0.7547619047619049 0.8357142857142857 0.014285714285714287 0.12857142857142856
0 0.6547619047619048 0.4357142857142857 0.02380952380952381 0.15714285714285714
0 0.594047619047619 0.5571428571428572 0.011904761904761906 0.11428571428571428
0 0.5666666666666668 0.7357142857142857 0.014285714285714287 0.09999999999999999
0 0.4892857142857143 0.6571428571428571 0.01666666666666667 0.08571428571428572
0 0.2178571428571429 0.4357142857142857 0.026190476190476195 0.09999999999999999
0 0.18214285714285716 0.6642857142857143 0.026190476190476195 0.12857142857142856
0 0.09642857142857143 0.6357142857142857 0.030952380952380953 0.09999999999999999
0 0.07023809523809524 0.20714285714285713 0.02142857142857143 0.09999999999999999
0 0.14761904761904762 0.07142857142857142 0.01904761904761905 0.08571428571428572
0 0.13095238095238096 0.04285714285714286 0.009523809523809525 0.08571428571428572
0 0.14523809523809525 0.2357142857142857 0.01904761904761905 0.12857142857142856
0 0.1904761904761905 0.14285714285714285 0.009523809523809525 0.08571428571428572
0 0.3154761904761905 0.46428571428571425 0.01666666666666667 0.07142857142857142
0 0.36071428571428577 0.34285714285714286 0.011904761904761906 0.11428571428571428
0 0.30833333333333335 0.8071428571428572 0.011904761904761906 0.09999999999999999
0 0.22976190476190478 0.7285714285714285 0.02142857142857143 0.05714285714285714
0 0.21071428571428574 0.6214285714285714 0.011904761904761906 0.07142857142857142
0 0.9571428571428572 0.5 0.014285714285714287 0.11428571428571428
0 0.936904761904762 0.8071428571428572 0.011904761904761906 0.07142857142857142
0 0.9571428571428572 0.9071428571428571 0.014285714285714287 0.09999999999999999
0 0.9047619047619049 0.5428571428571428 0.014285714285714287 0.11428571428571428
