0 0.13571428571428573 0.03571428571428571 0.014285714285714287 0.04285714285714286
0 0.9702380952380953 0.09999999999999999 0.01666666666666667 0.05714285714285714
0 0.09642857142857143 0.46428571428571425 0.011904761904761906 0.04285714285714286
0 0.11785714285714287 0.45 0.0071428571428571435 0.07142857142857142
0 0.13333333333333336 0.5 0.009523809523809525 0.05714285714285714
0 0.19880952380952382 0.42142857142857143 0.0071428571428571435 0.04285714285714286
0 0.18333333333333335 0.6571428571428571 0.009523809523809525 0.05714285714285714
0 0.06190476190476191 0.95 0.014285714285714287 0.04285714285714286
0 0.39642857142857146 0.24285714285714285 0.0071428571428571435 0.05714285714285714
0 0.42619047619047623 0.22857142857142856 0.014285714285714287 0.05714285714285714
0 0.5821428571428572 0.44285714285714284 0.011904761904761906 0.05714285714285714
0 0.2773809523809524 0.7428571428571429 0.011904761904761906 0.02857142857142857
0 0.3404761904761905 0.7642857142857142 0.014285714285714287 0.04285714285714286
0 0.8142857142857144 0.9357142857142857 0.009523809523809525 0.09999999999999999
0 0.8369047619047619 0.6857142857142857 0.01666666666666667 0.02857142857142857
0 0.8035714285714286 0.7214285714285714 0.011904761904761906 0.07142857142857142
0 0.925 0.29285714285714287 0.01666666666666667 0.04285714285714286
0 0.8952380952380953 0.34285714285714286 0.009523809523809525 0.02857142857142857
0 0.9785714285714286 0.65 0.014285714285714287 0.04285714285714286
0 0.02023809523809524 0.21428571428571427 0.011904761904761906 0.05714285714285714
0 0.4357142857142858 0.46428571428571425 0.009523809523809525 0.07142857142857142
0 0.8369047619047619 0.8714285714285714 0.011904761904761906 0.05714285714285714
