0 0.0642857142857143 0.5714285714285714 0.02380952380952381 0.17142857142857143
0 0.13333333333333336 0.3 0.01904761904761905 0.08571428571428572
0 0.31309523809523815 0.46428571428571425 0.011904761904761906 0.18571428571428572
0 0.33571428571428574 0.46428571428571425 0.009523809523809525 0.18571428571428572
0 0.34880952380952385 0.6571428571428571 0.01666666666666667 0.08571428571428572
0 0.1273809523809524 0.8357142857142857 0.01666666666666667 0.07142857142857142
0 0.28095238095238095 0.7142857142857143 0.01904761904761905 0.14285714285714285
0 0.4297619047619048 0.39999999999999997 0.030952380952380953 0.14285714285714285
0 0.43214285714285716 0.5714285714285714 0.011904761904761906 0.11428571428571428
0 0.37619047619047624 0.39999999999999997 0.01904761904761905 0.08571428571428572
0 0.37142857142857144 0.47857142857142854 0.02380952380952381 0.09999999999999999
0 0.6428571428571429 0.2785714285714286 0.014285714285714287 0.09999999999999999
0 0.6630952380952382 0.14285714285714285 0.01666666666666667 0.08571428571428572
0 0.5023809523809524 0.05714285714285714 0.02380952380952381 0.08571428571428572
0 0.6976190476190477 0.5714285714285714 0.028571428571428574 0.11428571428571428
0 0.6726190476190477 0.35714285714285715 0.011904761904761906 0.05714285714285714
0 0.886904761904762 0.14285714285714285 0.02142857142857143 0.17142857142857143
0 0.8023809523809524 0.2357142857142857 0.01904761904761905 0.12857142857142856
0 0.936904761904762 0.03571428571428571 0.011904761904761906 0.07142857142857142
0 0.8702380952380954 0.65 0.04047619047619048 0.18571428571428572
0 0.8095238095238096 0.9357142857142857 0.02380952380952381 0.07142857142857142
0 0.9821428571428572 0.5428571428571428 0.01666666666666667 0.08571428571428572
0 0.9107142857142858 0.4714285714285714 0.011904761904761906 0.08571428571428572
0 0.9476190476190477 0.39999999999999997 0.014285714285714287 0.08571428571428572
0 0.12142857142857144 0.42857142857142855 0.009523809523809525 0.05714285714285714
0 0.015476190476190477 0.07857142857142857 0.011904761904761906 0.07142857142857142
0 0.2571428571428572 0.5142857142857142 0.01904761904761905 0.08571428571428572
0 0.19880952380952382 0.6428571428571428 0.01666666666666667 0.11428571428571428
0 0.6261904761904763 0.9428571428571428 0.028571428571428574 0.08571428571428572
0 0.5738095238095239 0.15 0.01904761904761905 0.09999999999999999
0 0.5642857142857144 0.04285714285714286 0.014285714285714287 0.08571428571428572
0 0.961904761904762 0.18571428571428572 0.014285714285714287 0.08571428571428572
0 0.9714285714285715 0.014285714285714285 0.014285714285714287 0.02857142857142857
0 0.8238095238095239 0.5928571428571429 0.009523809523809525 0.07142857142857142
0 0.8238095238095239 0.7 0.009523809523809525 0.02857142857142857
0 0.8261904761904763 0.7785714285714286 0.009523809523809525 0.04285714285714286
0 0.7821428571428573 0.09285714285714286 0.011904761904761906 0.04285714285714286
0 0.9321428571428573 0.21428571428571427 0.011904761904761906 0.05714285714285714
0 0.9773809523809525 0.75 0.011904761904761906 0.04285714285714286
0 0.7583333333333334 0.17142857142857143 0.011904761904761906 0.11428571428571428
0 0.9285714285714286 0.6428571428571428 0.009523809523809525 0.05714285714285714
0 0.06190476190476191 0.22857142857142856 0.009523809523809525 0.05714285714285714
