0 0.1273809523809524 0.25 0.011904761904761906 0.07142857142857142
0 0.24761904761904763 0.8071428571428572 0.01904761904761905 0.04285714285714286
0 0.29523809523809524 0.7999999999999999 0.009523809523809525 0.05714285714285714
0 0.5238095238095238 0.5857142857142857 0.009523809523809525 0.08571428571428572
0 0.8285714285714286 0.39285714285714285 0.014285714285714287 0.04285714285714286
0 0.594047619047619 0.7142857142857143 0.011904761904761906 0.08571428571428572
0 0.3023809523809524 0.6642857142857143 0.009523809523809525 0.07142857142857142
0 0.7916666666666667 0.9571428571428571 0.0071428571428571435 0.05714285714285714
0 0.33333333333333337 0.5 0.009523809523809525 0.05714285714285714
0 0.9166666666666667 0.7214285714285714 0.009523809523809525 0.07142857142857142
