0 0.23571428571428574 0.2642857142857143 0.01904761904761905 0.07142857142857142
0 0.9500000000000001 0.22857142857142856 0.04285714285714286 0.19999999999999998
0 0.1416666666666667 0.1357142857142857 0.02142857142857143 0.07142857142857142
0 0.09642857142857143 0.3 0.011904761904761906 0.05714285714285714
0 0.4821428571428572 0.6071428571428571 0.02142857142857143 0.07142857142857142
0 0.4214285714285715 0.8357142857142857 0.01904761904761905 0.09999999999999999
0 0.3678571428571429 0.6071428571428571 0.02142857142857143 0.09999999999999999
0 0.3869047619047619 0.24285714285714285 0.02142857142857143 0.05714285714285714
0 0.34761904761904766 0.8142857142857143 0.01904761904761905 0.11428571428571428
0 0.31309523809523815 0.9428571428571428 0.02142857142857143 0.05714285714285714
0 0.29880952380952386 0.7857142857142857 0.02142857142857143 0.08571428571428572
0 0.23214285714285715 0.02142857142857143 0.02142857142857143 0.04285714285714286
0 0.7071428571428572 0.1357142857142857 0.01904761904761905 0.09999999999999999
0 0.580952380952381 0.2571428571428571 0.014285714285714287 0.05714285714285714
0 0.7880952380952382 0.9214285714285714 0.01904761904761905 0.09999999999999999
0 0.9214285714285715 0.5928571428571429 0.014285714285714287 0.07142857142857142
0 0.8690476190476192 0.2357142857142857 0.01904761904761905 0.12857142857142856
0 0.3654761904761905 0.42142857142857143 0.011904761904761906 0.07142857142857142
0 0.967857142857143 0.7928571428571428 0.01666666666666667 0.09999999999999999
0 0.46071428571428574 0.2571428571428571 0.02142857142857143 0.22857142857142856
