0 0.29404761904761906 0.9357142857142857 0.03571428571428572 0.09999999999999999
0 0.4035714285714286 0.5214285714285715 0.01666666666666667 0.09999999999999999
0 0.04047619047619048 0.7857142857142857 0.01904761904761905 0.08571428571428572
0 0.051190476190476196 0.5 0.01666666666666667 0.05714285714285714
0 0.05 0.40714285714285714 0.01904761904761905 0.07142857142857142
0 0.06904761904761905 0.5928571428571429 0.01904761904761905 0.07142857142857142
0 0.11904761904761905 0.36428571428571427 0.014285714285714287 0.09999999999999999
0 0.2511904761904762 0.5642857142857143 0.026190476190476195 0.09999999999999999
0 0.25 0.7571428571428571 0.014285714285714287 0.05714285714285714
0 0.3916666666666667 0.8857142857142857 0.01666666666666667 0.05714285714285714
0 0.330952380952381 0.12142857142857143 0.014285714285714287 0.07142857142857142
0 0.3297619047619048 0.04285714285714286 0.011904761904761906 0.05714285714285714
0 0.4571428571428572 0.5928571428571429 0.014285714285714287 0.09999999999999999
0 0.5797619047619048 0.25 0.011904761904761906 0.07142857142857142
0 0.567857142857143 0.12857142857142856 0.01666666666666667 0.11428571428571428
0 0.5595238095238095 0.6428571428571428 0.01904761904761905 0.05714285714285714
0 0.3166666666666667 0.2714285714285714 0.01904761904761905 0.08571428571428572
0 0.6797619047619048 0.7285714285714285 0.02142857142857143 0.05714285714285714
0 0.530952380952381 0.5 0.014285714285714287 0.05714285714285714
0 0.7690476190476191 0.6714285714285714 0.014285714285714287 0.08571428571428572
0 0.1619047619047619 0.7142857142857143 0.02380952380952381 0.05714285714285714
0 0.8464285714285715 0.1357142857142857 0.01666666666666667 0.09999999999999999
0 0.9130952380952382 0.5285714285714286 0.01666666666666667 0.08571428571428572
