0 0.3869047619047619 0.12142857142857143 0.03571428571428572 0.12857142857142856
0 0.37142857142857144 0.5071428571428571 0.01904761904761905 0.07142857142857142
0 0.06904761904761905 0.42857142857142855 0.01904761904761905 0.08571428571428572
0 0.13690476190476192 0.9142857142857143 0.01666666666666667 0.08571428571428572
0 0.22380952380952382 0.6785714285714286 0.014285714285714287 0.12857142857142856
0 0.3404761904761905 0.3071428571428571 0.01904761904761905 0.07142857142857142
0 0.32142857142857145 0.049999999999999996 0.014285714285714287 0.07142857142857142
0 0.27380952380952384 0.15714285714285714 0.01904761904761905 0.05714285714285714
0 0.04285714285714286 0.8428571428571429 0.009523809523809525 0.17142857142857143
0 0.008333333333333335 0.3071428571428571 0.011904761904761906 0.18571428571428572
0 0.47380952380952385 0.75 0.014285714285714287 0.07142857142857142
0 0.45119047619047625 0.37142857142857144 0.02142857142857143 0.05714285714285714
0 0.4142857142857143 0.35714285714285715 0.01904761904761905 0.05714285714285714
0 0.5464285714285715 0.44285714285714284 0.01666666666666667 0.11428571428571428
0 0.47500000000000003 0.95 0.01666666666666667 0.07142857142857142
0 0.5785714285714286 0.2571428571428571 0.014285714285714287 0.05714285714285714
0 0.8047619047619048 0.47857142857142854 0.014285714285714287 0.07142857142857142
0 0.8904761904761905 0.6714285714285714 0.014285714285714287 0.11428571428571428
0 0.34880952380952385 0.5357142857142857 0.011904761904761906 0.07142857142857142
0 0.6297619047619049 0.6857142857142857 0.01666666666666667 0.11428571428571428
0 0.830952380952381 0.7642857142857142 0.02380952380952381 0.12857142857142856
0 0.6702380952380953 0.35714285714285715 0.011904761904761906 0.08571428571428572
0 0.6559523809523811 0.10714285714285714 0.01666666666666667 0.07142857142857142
0 0.980952380952381 0.9214285714285714 0.02380952380952381 0.09999999999999999
0 0.30833333333333335 0.3071428571428571 0.02142857142857143 0.09999999999999999
