0 0.04166666666666667 0.5142857142857142 0.02142857142857143 0.05714285714285714
0 0.0761904761904762 0.75 0.01904761904761905 0.09999999999999999
0 0.15000000000000002 0.7214285714285714 0.014285714285714287 0.07142857142857142
0 0.09166666666666667 0.5071428571428571 0.01666666666666667 0.07142857142857142
0 0.41071428571428575 0.6785714285714286 0.01666666666666667 0.07142857142857142
0 0.2833333333333334 0.35 0.014285714285714287 0.07142857142857142
0 0.7119047619047619 0.7142857142857143 0.01904761904761905 0.08571428571428572
0 0.5773809523809524 0.25 0.01666666666666667 0.07142857142857142
0 0.6000000000000001 0.09999999999999999 0.01904761904761905 0.08571428571428572
0 0.7630952380952382 0.12857142857142856 0.011904761904761906 0.11428571428571428
0 0.8297619047619048 0.10714285714285714 0.026190476190476195 0.09999999999999999
0 0.8690476190476192 0.42857142857142855 0.01904761904761905 0.11428571428571428
0 0.9607142857142859 0.5071428571428571 0.01666666666666667 0.09999999999999999
0 0.8928571428571429 0.25 0.01904761904761905 0.07142857142857142
0 0.2642857142857143 0.5857142857142857 0.01904761904761905 0.08571428571428572
0 0.5892857142857143 0.4357142857142857 0.030952380952380953 0.07142857142857142
0 0.23571428571428574 0.9071428571428571 0.01904761904761905 0.09999999999999999
