0 0.6452380952380953 0.8714285714285714 0.014285714285714287 0.08571428571428572
0 0.4821428571428572 0.46428571428571425 0.02142857142857143 0.09999999999999999
0 0.4488095238095238 0.12142857142857143 0.030952380952380953 0.15714285714285714
0 0.886904761904762 0.8142857142857143 0.01666666666666667 0.05714285714285714
0 0.5714285714285715 0.7142857142857143 0.01904761904761905 0.11428571428571428
0 0.5345238095238096 0.5428571428571428 0.01666666666666667 0.11428571428571428
0 0.09761904761904763 0.18571428571428572 0.01904761904761905 0.08571428571428572
0 0.736904761904762 0.3214285714285714 0.01666666666666667 0.07142857142857142
0 0.048809523809523817 0.8071428571428572 0.01666666666666667 0.09999999999999999
0 0.045238095238095244 0.41428571428571426 0.01904761904761905 0.08571428571428572
0 0.17500000000000002 0.8928571428571428 0.01666666666666667 0.07142857142857142
0 0.1642857142857143 0.5142857142857142 0.014285714285714287 0.11428571428571428
0 0.3416666666666667 0.19285714285714284 0.01666666666666667 0.07142857142857142
0 0.4357142857142858 0.29285714285714287 0.01904761904761905 0.12857142857142856
0 0.3178571428571429 0.47857142857142854 0.02142857142857143 0.07142857142857142
0 0.20595238095238097 0.2714285714285714 0.01666666666666667 0.11428571428571428
0 0.37023809523809526 0.9142857142857143 0.01666666666666667 0.11428571428571428
0 0.6666666666666667 0.8142857142857143 0.014285714285714287 0.08571428571428572
0 0.6071428571428572 0.45714285714285713 0.01904761904761905 0.08571428571428572
0 0.5797619047619048 0.2357142857142857 0.02142857142857143 0.07142857142857142
0 0.5238095238095238 0.19999999999999998 0.02380952380952381 0.08571428571428572
0 0.6797619047619048 0.37857142857142856 0.01666666666666667 0.09999999999999999
0 0.8345238095238096 0.15 0.01666666666666667 0.09999999999999999
0 0.9761904761904763 0.3071428571428571 0.02380952380952381 0.09999999999999999
0 0.925 0.6642857142857143 0.01666666666666667 0.09999999999999999
0 0.9285714285714286 0.8214285714285714 0.01904761904761905 0.07142857142857142
0 0.6642857142857144 0.25 0.05238095238095239 0.07142857142857142
0 0.28095238095238095 0.6857142857142857 0.01904761904761905 0.08571428571428572
0 0.12619047619047621 0.3857142857142857 0.02380952380952381 0.05714285714285714
0 0.008333333333333335 0.2357142857142857 0.01666666666666667 0.09999999999999999
