0 0.026190476190476195 0.6 0.014285714285714287 0.05714285714285714
0 0.25238095238095243 0.9642857142857143 0.01904761904761905 0.04285714285714286
0 0.23214285714285715 0.9142857142857143 0.0071428571428571435 0.02857142857142857
0 0.255952380952381 0.85 0.0071428571428571435 0.07142857142857142
0 0.29880952380952386 0.7357142857142857 0.0071428571428571435 0.04285714285714286
0 0.2833333333333334 0.65 0.009523809523809525 0.04285714285714286
0 0.2571428571428572 0.5714285714285714 0.01904761904761905 0.05714285714285714
0 0.3154761904761905 0.47857142857142854 0.011904761904761906 0.07142857142857142
0 0.39047619047619053 0.45714285714285713 0.009523809523809525 0.05714285714285714
0 0.47500000000000003 0.7214285714285714 0.01666666666666667 0.04285714285714286
0 0.44761904761904764 0.6642857142857143 0.009523809523809525 0.07142857142857142
0 0.46071428571428574 0.5785714285714285 0.0071428571428571435 0.04285714285714286
0 0.38928571428571435 0.7071428571428571 0.0071428571428571435 0.07142857142857142
0 0.40952380952380957 0.7357142857142857 0.009523809523809525 0.04285714285714286
0 0.511904761904762 0.7642857142857142 0.009523809523809525 0.07142857142857142
0 0.594047619047619 0.5785714285714285 0.0071428571428571435 0.04285714285714286
0 0.7702380952380953 0.34285714285714286 0.0071428571428571435 0.05714285714285714
0 0.7392857142857143 0.4357142857142857 0.0071428571428571435 0.04285714285714286
0 0.8583333333333334 0.21428571428571427 0.011904761904761906 0.02857142857142857
0 0.7845238095238096 0.2785714285714286 0.0071428571428571435 0.07142857142857142
0 0.7273809523809525 0.24285714285714285 0.011904761904761906 0.05714285714285714
0 0.7916666666666667 0.8857142857142857 0.01666666666666667 0.08571428571428572
