0 0.28690476190476194 0.34285714285714286 0.02142857142857143 0.14285714285714285
0 0.3464285714285715 0.12142857142857143 0.02142857142857143 0.09999999999999999
0 0.2773809523809524 0.5785714285714285 0.01666666666666667 0.09999999999999999
0 0.9154761904761906 0.25 0.01666666666666667 0.09999999999999999
0 0.048809523809523817 0.17857142857142858 0.02142857142857143 0.09999999999999999
0 0.23452380952380955 0.15714285714285714 0.01666666666666667 0.05714285714285714
0 0.4142857142857143 0.2357142857142857 0.01904761904761905 0.07142857142857142
0 0.2821428571428572 0.09285714285714286 0.01666666666666667 0.07142857142857142
0 0.4928571428571429 0.32857142857142857 0.014285714285714287 0.11428571428571428
0 0.4761904761904762 0.44285714285714284 0.014285714285714287 0.08571428571428572
0 0.5535714285714286 0.20714285714285713 0.01666666666666667 0.07142857142857142
0 0.4297619047619048 0.41428571428571426 0.01666666666666667 0.08571428571428572
0 0.5452380952380953 0.7571428571428571 0.014285714285714287 0.08571428571428572
0 0.7214285714285715 0.9357142857142857 0.014285714285714287 0.07142857142857142
0 0.5797619047619048 0.24285714285714285 0.011904761904761906 0.08571428571428572
0 0.12261904761904763 0.8214285714285714 0.01666666666666667 0.09999999999999999
