0 0.07857142857142858 0.2357142857142857 0.028571428571428574 0.15714285714285714
0 0.1273809523809524 0.5 0.02142857142857143 0.19999999999999998
0 0.07500000000000001 0.7999999999999999 0.03571428571428572 0.19999999999999998
0 0.23452380952380955 0.6928571428571428 0.030952380952380953 0.21428571428571427
0 0.33571428571428574 0.65 0.028571428571428574 0.21428571428571427
0 0.14880952380952384 0.2714285714285714 0.030952380952380953 0.17142857142857143
0 0.30119047619047623 0.9285714285714285 0.045238095238095244 0.11428571428571428
0 0.6392857142857143 0.6785714285714286 0.02142857142857143 0.21428571428571427
0 0.6952380952380953 0.8928571428571428 0.01904761904761905 0.18571428571428572
0 0.7595238095238096 0.07857142857142857 0.04761904761904762 0.15714285714285714
0 0.830952380952381 0.19999999999999998 0.02380952380952381 0.17142857142857143
0 0.8476190476190477 0.05714285714285714 0.0380952380952381 0.11428571428571428
0 0.8880952380952382 0.7714285714285714 0.01904761904761905 0.08571428571428572
0 0.8916666666666667 0.6428571428571428 0.02142857142857143 0.11428571428571428
0 0.38333333333333336 0.5142857142857142 0.01904761904761905 0.11428571428571428
0 0.380952380952381 0.8428571428571429 0.02380952380952381 0.08571428571428572
0 0.3797619047619048 0.6928571428571428 0.026190476190476195 0.12857142857142856
0 0.9107142857142858 0.35714285714285715 0.026190476190476195 0.08571428571428572
0 0.4964285714285715 0.05714285714285714 0.04047619047619048 0.11428571428571428
0 0.8095238095238096 0.6714285714285714 0.028571428571428574 0.19999999999999998
