0 0.1285714285714286 0.40714285714285714 0.01904761904761905 0.07142857142857142
0 0.692857142857143 0.7928571428571428 0.01904761904761905 0.12857142857142856
1 0.013095238095238097 0.5571428571428572 0.026190476190476195 0.2571428571428571
0 0.3166666666666667 0.22857142857142856 0.02380952380952381 0.05714285714285714
0 0.21071428571428574 0.17142857142857143 0.011904761904761906 0.11428571428571428
0 0.07500000000000001 0.95 0.011904761904761906 0.07142857142857142
0 0.18690476190476193 0.7214285714285714 0.02142857142857143 0.07142857142857142
0 0.4166666666666667 0.6071428571428571 0.009523809523809525 0.09999999999999999
0 0.6523809523809524 0.7 0.014285714285714287 0.08571428571428572
0 0.8833333333333334 0.65 0.01904761904761905 0.07142857142857142
0 0.686904761904762 0.40714285714285714 0.01666666666666667 0.15714285714285714
0 0.4083333333333334 0.17857142857142858 0.01666666666666667 0.15714285714285714
0 0.29642857142857143 0.6285714285714286 0.026190476190476195 0.11428571428571428
0 0.13571428571428573 0.6571428571428571 0.014285714285714287 0.11428571428571428
0 0.6607142857142858 0.17857142857142858 0.02142857142857143 0.09999999999999999
