0 0.4202380952380953 0.24285714285714285 0.026190476190476195 0.14285714285714285
0 0.6166666666666667 0.6285714285714286 0.028571428571428574 0.34285714285714286
0 0.7071428571428572 0.5142857142857142 0.02380952380952381 0.17142857142857143
0 0.7535714285714287 0.6214285714285714 0.02142857142857143 0.15714285714285714
0 0.8702380952380954 0.40714285714285714 0.02142857142857143 0.18571428571428572
0 0.9023809523809525 0.07857142857142857 0.01904761904761905 0.09999999999999999
0 0.6035714285714286 0.2857142857142857 0.01666666666666667 0.11428571428571428
0 0.6190476190476191 0.17857142857142858 0.014285714285714287 0.12857142857142856
0 0.3119047619047619 0.44285714285714284 0.014285714285714287 0.08571428571428572
0 0.31428571428571433 0.8071428571428572 0.02380952380952381 0.12857142857142856
0 0.34761904761904766 0.5642857142857143 0.014285714285714287 0.07142857142857142
0 0.7166666666666668 0.8285714285714285 0.01904761904761905 0.08571428571428572
0 0.6440476190476191 0.5642857142857143 0.01666666666666667 0.07142857142857142
0 0.7595238095238096 0.8071428571428572 0.014285714285714287 0.07142857142857142
0 0.861904761904762 0.9428571428571428 0.014285714285714287 0.05714285714285714
0 0.7666666666666667 0.35714285714285715 0.014285714285714287 0.05714285714285714
0 0.32023809523809527 0.17142857142857143 0.01666666666666667 0.17142857142857143
0 0.5976190476190477 0.8357142857142857 0.02380952380952381 0.07142857142857142
0 0.7690476190476191 0.2357142857142857 0.014285714285714287 0.09999999999999999
0 0.3416666666666667 0.41428571428571426 0.011904761904761906 0.08571428571428572
0 0.6261904761904763 0.8785714285714286 0.009523809523809525 0.07142857142857142
0 0.4690476190476191 0.41428571428571426 0.014285714285714287 0.08571428571428572
0 0.5202380952380953 0.6071428571428571 0.011904761904761906 0.07142857142857142
0 0.8821428571428572 0.6857142857142857 0.01666666666666667 0.08571428571428572
0 0.9630952380952382 0.4857142857142857 0.01666666666666667 0.08571428571428572
0 0.8714285714285716 0.22142857142857142 0.014285714285714287 0.09999999999999999
0 0.048809523809523817 0.6214285714285714 0.01666666666666667 0.07142857142857142
0 0.2 0.4357142857142857 0.014285714285714287 0.07142857142857142
0 0.6428571428571429 0.6857142857142857 0.01904761904761905 0.08571428571428572
1 0.8130952380952382 0.37857142857142856 0.06904761904761905 0.6714285714285714
1 0.9464285714285715 0.5785714285714285 0.10238095238095239 0.8142857142857143
1 0.6690476190476191 0.4857142857142857 0.03333333333333334 0.2857142857142857
1 0.4773809523809524 0.6285714285714286 0.21190476190476193 0.7142857142857143
1 0.3416666666666667 0.6857142857142857 0.030952380952380953 0.17142857142857143
1 0.14404761904761906 0.5428571428571428 0.2880952380952381 0.8857142857142857
0 0.32142857142857145 0.9285714285714285 0.009523809523809525 0.08571428571428572
0 0.6833333333333333 0.9428571428571428 0.014285714285714287 0.05714285714285714
