0 0.3321428571428572 0.95 0.026190476190476195 0.04285714285714286
0 0.5714285714285715 0.37857142857142856 0.028571428571428574 0.18571428571428572
0 0.636904761904762 0.20714285714285713 0.01666666666666667 0.15714285714285714
0 0.661904761904762 0.65 0.01904761904761905 0.09999999999999999
0 0.5666666666666668 0.19285714285714284 0.01904761904761905 0.09999999999999999
0 0.7547619047619049 0.8857142857142857 0.02380952380952381 0.11428571428571428
0 0.6250000000000001 0.95 0.02142857142857143 0.07142857142857142
0 0.46190476190476193 0.9071428571428571 0.02380952380952381 0.12857142857142856
0 0.8714285714285716 0.75 0.02380952380952381 0.15714285714285714
0 0.755952380952381 0.39285714285714285 0.026190476190476195 0.09999999999999999
0 0.45000000000000007 0.1357142857142857 0.028571428571428574 0.09999999999999999
