0 0.051190476190476196 0.45 0.02142857142857143 0.15714285714285714
0 0.9059523809523811 0.4714285714285714 0.01666666666666667 0.08571428571428572
0 0.8214285714285715 0.32857142857142857 0.01904761904761905 0.08571428571428572
0 0.10952380952380954 0.36428571428571427 0.01904761904761905 0.07142857142857142
0 0.20714285714285716 0.5428571428571428 0.01904761904761905 0.08571428571428572
0 0.3404761904761905 0.3357142857142857 0.014285714285714287 0.09999999999999999
0 0.32023809523809527 0.8714285714285714 0.01666666666666667 0.05714285714285714
0 0.630952380952381 0.5499999999999999 0.014285714285714287 0.09999999999999999
0 0.5773809523809524 0.2571428571428571 0.011904761904761906 0.05714285714285714
0 0.661904761904762 0.5642857142857143 0.01904761904761905 0.09999999999999999
0 0.961904761904762 0.7857142857142857 0.01904761904761905 0.08571428571428572
0 0.9130952380952382 0.6071428571428571 0.01666666666666667 0.07142857142857142
0 0.4440476190476191 0.32857142857142857 0.01666666666666667 0.08571428571428572
0 0.009523809523809525 0.3071428571428571 0.014285714285714287 0.15714285714285714
0 0.37738095238095243 0.7642857142857142 0.02142857142857143 0.07142857142857142
0 0.8035714285714286 0.7857142857142857 0.011904761904761906 0.08571428571428572
0 0.6214285714285714 0.17142857142857143 0.02380952380952381 0.05714285714285714
