0 0.961904761904762 0.6214285714285714 0.014285714285714287 0.09999999999999999
0 0.10238095238095239 0.47857142857142854 0.02380952380952381 0.07142857142857142
0 0.15595238095238095 0.3 0.026190476190476195 0.05714285714285714
0 0.1630952380952381 0.5428571428571428 0.02142857142857143 0.08571428571428572
0 0.29642857142857143 0.7285714285714285 0.02142857142857143 0.08571428571428572
0 0.4214285714285715 0.12857142857142856 0.014285714285714287 0.08571428571428572
0 0.43928571428571433 0.41428571428571426 0.01666666666666667 0.08571428571428572
0 0.44523809523809527 0.7857142857142857 0.01904761904761905 0.08571428571428572
0 0.505952380952381 0.17857142857142858 0.01666666666666667 0.09999999999999999
0 0.48571428571428577 0.19999999999999998 0.01904761904761905 0.08571428571428572
0 0.5821428571428572 0.44285714285714284 0.02142857142857143 0.08571428571428572
0 0.8 0.35714285714285715 0.01904761904761905 0.11428571428571428
0 0.675 0.95 0.01666666666666667 0.07142857142857142
0 0.6595238095238096 0.6857142857142857 0.014285714285714287 0.08571428571428572
0 0.8345238095238096 0.8428571428571429 0.026190476190476195 0.08571428571428572
0 0.08333333333333334 0.3071428571428571 0.014285714285714287 0.12857142857142856
0 0.6345238095238096 0.36428571428571427 0.04047619047619048 0.12857142857142856
0 0.6785714285714286 0.6571428571428571 0.01904761904761905 0.11428571428571428
0 0.567857142857143 0.22142857142857142 0.030952380952380953 0.12857142857142856
0 0.5130952380952382 0.6928571428571428 0.030952380952380953 0.07142857142857142
0 0.9190476190476191 0.9357142857142857 0.028571428571428574 0.09999999999999999
0 0.3154761904761905 0.44285714285714284 0.030952380952380953 0.08571428571428572
