0 0.01785714285714286 0.22857142857142856 0.011904761904761906 0.05714285714285714
0 0.011904761904761906 0.3357142857142857 0.009523809523809525 0.07142857142857142
0 0.1619047619047619 0.5714285714285714 0.004761904761904762 0.05714285714285714
0 0.1654761904761905 0.6571428571428571 0.0071428571428571435 0.05714285714285714
0 0.4571428571428572 0.5285714285714286 0.014285714285714287 0.05714285714285714
0 0.4714285714285715 0.02142857142857143 0.009523809523809525 0.04285714285714286
0 0.9059523809523811 0.39285714285714285 0.011904761904761906 0.09999999999999999
0 0.5976190476190477 0.8928571428571428 0.009523809523809525 0.04285714285714286
0 0.39761904761904765 0.5857142857142857 0.009523809523809525 0.05714285714285714
0 0.45119047619047625 0.9214285714285714 0.011904761904761906 0.07142857142857142
0 0.7047619047619048 0.5428571428571428 0.009523809523809525 0.05714285714285714
0 0.8833333333333334 0.3071428571428571 0.009523809523809525 0.07142857142857142
0 0.675 0.3357142857142857 0.011904761904761906 0.07142857142857142
0 0.28571428571428575 0.45714285714285713 0.009523809523809525 0.08571428571428572
0 0.8535714285714286 0.5785714285714285 0.011904761904761906 0.07142857142857142
0 0.8261904761904763 0.35714285714285715 0.004761904761904762 0.05714285714285714
0 0.3154761904761905 0.7 0.011904761904761906 0.05714285714285714
0 0.5452380952380953 0.4857142857142857 0.009523809523809525 0.08571428571428572
0 0.6321428571428572 0.6071428571428571 0.0071428571428571435 0.04285714285714286
0 0.7333333333333334 0.7 0.01904761904761905 0.05714285714285714
0 0.7404761904761905 0.9214285714285714 0.009523809523809525 0.04285714285714286
0 0.692857142857143 0.65 0.009523809523809525 0.07142857142857142
