0 0.37738095238095243 0.7857142857142857 0.01666666666666667 0.14285714285714285
0 0.6285714285714287 0.17142857142857143 0.01904761904761905 0.05714285714285714
0 0.2619047619047619 0.9428571428571428 0.014285714285714287 0.05714285714285714
0 0.18214285714285716 0.9142857142857143 0.01666666666666667 0.05714285714285714
0 0.13333333333333336 0.5142857142857142 0.014285714285714287 0.08571428571428572
0 0.030952380952380953 0.8857142857142857 0.02380952380952381 0.05714285714285714
0 0.2666666666666667 0.5642857142857143 0.02380952380952381 0.07142857142857142
0 0.3190476190476191 0.39999999999999997 0.01904761904761905 0.08571428571428572
0 0.06190476190476191 0.6142857142857142 0.02380952380952381 0.05714285714285714
0 0.7892857142857144 0.65 0.01666666666666667 0.09999999999999999
0 0.5904761904761905 0.3071428571428571 0.014285714285714287 0.09999999999999999
0 0.811904761904762 0.42857142857142855 0.009523809523809525 0.08571428571428572
0 0.3952380952380953 0.25 0.014285714285714287 0.09999999999999999
0 0.18333333333333335 0.7214285714285714 0.014285714285714287 0.07142857142857142
0 0.4440476190476191 0.02857142857142857 0.01666666666666667 0.05714285714285714
0 0.8345238095238096 0.6642857142857143 0.01666666666666667 0.07142857142857142
0 0.8928571428571429 0.32857142857142857 0.01904761904761905 0.11428571428571428
0 0.9261904761904762 0.42142857142857143 0.01904761904761905 0.09999999999999999
0 0.6404761904761905 0.44285714285714284 0.02380952380952381 0.08571428571428572
0 0.9261904761904762 0.6142857142857142 0.02380952380952381 0.05714285714285714
0 0.9702380952380953 0.22142857142857142 0.026190476190476195 0.09999999999999999
0 0.5785714285714286 0.5571428571428572 0.014285714285714287 0.11428571428571428
0 0.2154761904761905 0.18571428571428572 0.01666666666666667 0.08571428571428572
