0 0.8071428571428572 0.6285714285714286 0.02380952380952381 0.22857142857142856
0 0.7726190476190476 0.22857142857142856 0.01666666666666667 0.08571428571428572
0 0.255952380952381 0.32857142857142857 0.02142857142857143 0.08571428571428572
0 0.6595238095238096 0.25 0.014285714285714287 0.09999999999999999
0 0.0880952380952381 0.4928571428571428 0.02380952380952381 0.09999999999999999
0 0.12023809523809526 0.7785714285714286 0.01666666666666667 0.09999999999999999
0 0.22023809523809526 0.22857142857142856 0.01666666666666667 0.14285714285714285
0 0.2416666666666667 0.8142857142857143 0.02142857142857143 0.11428571428571428
0 0.06785714285714287 0.11428571428571428 0.01666666666666667 0.08571428571428572
0 0.29404761904761906 0.20714285714285713 0.01666666666666667 0.12857142857142856
0 0.4714285714285715 0.37142857142857144 0.028571428571428574 0.08571428571428572
0 0.5380952380952382 0.7571428571428571 0.01904761904761905 0.05714285714285714
0 0.5785714285714286 0.24285714285714285 0.014285714285714287 0.11428571428571428
0 0.6976190476190477 0.6428571428571428 0.01904761904761905 0.08571428571428572
0 0.9523809523809524 0.36428571428571427 0.028571428571428574 0.07142857142857142
0 0.2547619047619048 0.44285714285714284 0.028571428571428574 0.05714285714285714
0 0.886904761904762 0.07857142857142857 0.026190476190476195 0.07142857142857142
0 0.45952380952380956 0.6785714285714286 0.02380952380952381 0.09999999999999999
