0 0.4285714285714286 0.5357142857142857 0.01904761904761905 0.12857142857142856
0 0.35714285714285715 0.9357142857142857 0.03333333333333334 0.09999999999999999
0 0.46547619047619054 0.6285714285714286 0.01666666666666667 0.11428571428571428
0 0.4928571428571429 0.5214285714285715 0.02380952380952381 0.12857142857142856
0 0.7773809523809525 0.6785714285714286 0.01666666666666667 0.09999999999999999
0 0.692857142857143 0.46428571428571425 0.01904761904761905 0.12857142857142856
0 0.925 0.09285714285714286 0.02142857142857143 0.09999999999999999
0 0.8845238095238096 0.5357142857142857 0.02142857142857143 0.15714285714285714
0 0.8392857142857144 0.7428571428571429 0.01666666666666667 0.11428571428571428
0 0.8702380952380954 0.19285714285714284 0.02142857142857143 0.12857142857142856
0 0.6238095238095238 0.6357142857142857 0.01904761904761905 0.07142857142857142
0 0.8988095238095238 0.7928571428571428 0.02142857142857143 0.09999999999999999
