0 0.29761904761904767 0.2642857142857143 0.02380952380952381 0.09999999999999999
0 0.10357142857142858 0.12857142857142856 0.01666666666666667 0.22857142857142856
0 0.20952380952380956 0.6214285714285714 0.05714285714285715 0.15714285714285714
0 0.43809523809523815 0.2714285714285714 0.02380952380952381 0.17142857142857143
0 0.4821428571428572 0.5357142857142857 0.02142857142857143 0.09999999999999999
0 0.5285714285714286 0.37857142857142856 0.028571428571428574 0.09999999999999999
0 0.5380952380952382 0.17142857142857143 0.03333333333333334 0.14285714285714285
0 0.5857142857142857 0.04285714285714286 0.05238095238095239 0.08571428571428572
0 0.6023809523809525 0.2357142857142857 0.014285714285714287 0.09999999999999999
0 0.5928571428571429 0.1357142857142857 0.02380952380952381 0.07142857142857142
0 0.6285714285714287 0.2857142857142857 0.01904761904761905 0.08571428571428572
0 0.5297619047619048 0.6785714285714286 0.02142857142857143 0.09999999999999999
0 0.6797619047619048 0.9071428571428571 0.030952380952380953 0.15714285714285714
0 0.6630952380952382 0.7 0.02142857142857143 0.19999999999999998
0 0.5964285714285715 0.6857142857142857 0.030952380952380953 0.11428571428571428
0 0.7190476190476192 0.8357142857142857 0.02380952380952381 0.21428571428571427
0 0.7738095238095238 0.6642857142857143 0.028571428571428574 0.15714285714285714
0 0.8130952380952382 0.7214285714285714 0.011904761904761906 0.09999999999999999
0 0.8011904761904762 0.6285714285714286 0.01666666666666667 0.11428571428571428
0 0.7630952380952382 0.5 0.026190476190476195 0.11428571428571428
