0 0.6690476190476191 0.39999999999999997 0.03333333333333334 0.14285714285714285
0 0.9345238095238096 0.3071428571428571 0.02142857142857143 0.09999999999999999
0 0.9797619047619048 0.40714285714285714 0.026190476190476195 0.15714285714285714
0 0.8880952380952382 0.39999999999999997 0.028571428571428574 0.14285714285714285
0 0.7976190476190477 0.4357142857142857 0.02380952380952381 0.15714285714285714
0 0.7666666666666667 0.5142857142857142 0.01904761904761905 0.17142857142857143
0 0.5773809523809524 0.6357142857142857 0.02142857142857143 0.15714285714285714
0 0.5595238095238095 0.09285714285714286 0.0380952380952381 0.18571428571428572
0 0.5083333333333334 0.47857142857142854 0.03571428571428572 0.21428571428571427
0 0.8904761904761905 0.12857142857142856 0.02380952380952381 0.17142857142857143
0 0.8392857142857144 0.17857142857142858 0.01666666666666667 0.12857142857142856
0 0.10714285714285715 0.5428571428571428 0.01904761904761905 0.14285714285714285
0 0.32142857142857145 0.03571428571428571 0.05238095238095239 0.07142857142857142
0 0.6083333333333334 0.5428571428571428 0.045238095238095244 0.14285714285714285
0 0.8392857142857144 0.3857142857142857 0.026190476190476195 0.11428571428571428
0 0.7666666666666667 0.9214285714285714 0.06666666666666668 0.12857142857142856
0 0.5416666666666667 0.4357142857142857 0.026190476190476195 0.24285714285714285
0 0.4928571428571429 0.32857142857142857 0.028571428571428574 0.19999999999999998
