0 0.2142857142857143 0.6357142857142857 0.014285714285714287 0.04285714285714286
0 0.5773809523809524 0.8357142857142857 0.011904761904761906 0.04285714285714286
0 0.6023809523809525 0.8357142857142857 0.009523809523809525 0.04285714285714286
0 0.8166666666666668 0.6857142857142857 0.009523809523809525 0.05714285714285714
0 0.06904761904761905 0.44285714285714284 0.009523809523809525 0.05714285714285714
0 0.02023809523809524 0.2642857142857143 0.0071428571428571435 0.04285714285714286
0 0.06190476190476191 0.2785714285714286 0.014285714285714287 0.014285714285714285
0 0.4166666666666667 0.46428571428571425 0.009523809523809525 0.04285714285714286
0 0.5202380952380953 0.45714285714285713 0.0071428571428571435 0.05714285714285714
0 0.6404761904761905 0.6642857142857143 0.009523809523809525 0.07142857142857142
0 0.717857142857143 0.8285714285714285 0.0071428571428571435 0.08571428571428572
0 0.7654761904761905 0.18571428571428572 0.0071428571428571435 0.05714285714285714
0 0.855952380952381 0.25 0.0071428571428571435 0.07142857142857142
0 0.12619047619047621 0.46428571428571425 0.009523809523809525 0.04285714285714286
0 0.5726190476190477 0.6642857142857143 0.0071428571428571435 0.07142857142857142
0 0.9178571428571429 0.9 0.0071428571428571435 0.08571428571428572
