0 0.06904761904761905 0.65 0.014285714285714287 0.09999999999999999
0 0.40952380952380957 0.09285714285714286 0.014285714285714287 0.09999999999999999
0 0.9535714285714286 0.7857142857142857 0.02142857142857143 0.22857142857142856
0 0.5880952380952381 0.75 0.014285714285714287 0.07142857142857142
0 0.8488095238095239 0.5714285714285714 0.01666666666666667 0.08571428571428572
0 0.830952380952381 0.39999999999999997 0.014285714285714287 0.05714285714285714
0 0.8785714285714287 0.5 0.014285714285714287 0.08571428571428572
0 0.8904761904761905 0.2357142857142857 0.014285714285714287 0.07142857142857142
0 0.9511904761904763 0.5928571428571429 0.01666666666666667 0.09999999999999999
0 0.9666666666666668 0.21428571428571427 0.014285714285714287 0.11428571428571428
0 0.986904761904762 0.21428571428571427 0.011904761904761906 0.08571428571428572
0 0.14642857142857144 0.5642857142857143 0.02142857142857143 0.07142857142857142
0 0.8345238095238096 0.8071428571428572 0.01666666666666667 0.07142857142857142
0 0.605952380952381 0.9571428571428571 0.01666666666666667 0.05714285714285714
0 0.08928571428571429 0.42857142857142855 0.01666666666666667 0.05714285714285714
0 0.23452380952380955 0.6428571428571428 0.01666666666666667 0.05714285714285714
0 0.3916666666666667 0.7571428571428571 0.02142857142857143 0.05714285714285714
0 0.861904761904762 0.3357142857142857 0.01904761904761905 0.07142857142857142
0 0.5130952380952382 0.95 0.01666666666666667 0.07142857142857142
0 0.19642857142857145 0.2785714285714286 0.01666666666666667 0.09999999999999999
0 0.65 0.39999999999999997 0.01904761904761905 0.11428571428571428
0 0.5785714285714286 0.24285714285714285 0.014285714285714287 0.08571428571428572
0 0.46547619047619054 0.2642857142857143 0.01666666666666667 0.07142857142857142
0 0.7142857142857143 0.7 0.01904761904761905 0.11428571428571428
0 0.675 0.6357142857142857 0.02142857142857143 0.07142857142857142
0 0.4190476190476191 0.22857142857142856 0.028571428571428574 0.08571428571428572
0 0.7964285714285715 0.34285714285714286 0.01666666666666667 0.14285714285714285
0 0.9309523809523811 0.37142857142857144 0.02380952380952381 0.19999999999999998
0 0.5107142857142858 0.5714285714285714 0.01666666666666667 0.14285714285714285
