0 0.942857142857143 0.22857142857142856 0.01904761904761905 0.08571428571428572
0 0.8440476190476192 0.7285714285714285 0.01666666666666667 0.11428571428571428
0 0.8023809523809524 0.11428571428571428 0.014285714285714287 0.08571428571428572
0 0.7095238095238096 0.02857142857142857 0.014285714285714287 0.05714285714285714
0 0.6261904761904763 0.15714285714285714 0.01904761904761905 0.08571428571428572
0 0.661904761904762 0.8142857142857143 0.01904761904761905 0.08571428571428572
0 0.5785714285714286 0.8714285714285714 0.014285714285714287 0.08571428571428572
0 0.29285714285714287 0.6928571428571428 0.014285714285714287 0.07142857142857142
0 0.11309523809523811 0.02142857142857143 0.011904761904761906 0.04285714285714286
0 0.330952380952381 0.19999999999999998 0.014285714285714287 0.05714285714285714
0 0.42380952380952386 0.11428571428571428 0.009523809523809525 0.05714285714285714
0 0.3535714285714286 0.5571428571428572 0.026190476190476195 0.05714285714285714
0 0.32023809523809527 0.7785714285714286 0.01666666666666667 0.07142857142857142
0 0.18809523809523812 0.42142857142857143 0.014285714285714287 0.04285714285714286
0 0.2535714285714286 0.21428571428571427 0.011904761904761906 0.05714285714285714
0 0.17142857142857143 0.02142857142857143 0.014285714285714287 0.04285714285714286
0 0.07976190476190477 0.08571428571428572 0.011904761904761906 0.05714285714285714
0 0.05714285714285715 0.5071428571428571 0.014285714285714287 0.07142857142857142
0 0.005952380952380953 0.5214285714285715 0.011904761904761906 0.04285714285714286
0 0.14047619047619048 0.75 0.014285714285714287 0.04285714285714286
0 0.18095238095238098 0.6428571428571428 0.014285714285714287 0.08571428571428572
0 0.17142857142857143 0.5428571428571428 0.01904761904761905 0.05714285714285714
0 0.44761904761904764 0.3857142857142857 0.014285714285714287 0.08571428571428572
0 0.48690476190476195 0.7714285714285714 0.011904761904761906 0.05714285714285714
0 0.786904761904762 0.7785714285714286 0.02142857142857143 0.07142857142857142
0 0.8071428571428572 0.6142857142857142 0.014285714285714287 0.08571428571428572
0 0.9357142857142858 0.7714285714285714 0.014285714285714287 0.05714285714285714
0 0.9023809523809525 0.8642857142857142 0.014285714285714287 0.07142857142857142
0 0.9416666666666668 0.12857142857142856 0.011904761904761906 0.08571428571428572
0 0.9083333333333334 0.09285714285714286 0.011904761904761906 0.07142857142857142
0 0.8702380952380954 0.39999999999999997 0.011904761904761906 0.05714285714285714
0 0.7500000000000001 0.6071428571428571 0.01904761904761905 0.07142857142857142
0 0.39642857142857146 0.6357142857142857 0.01666666666666667 0.09999999999999999
0 0.3535714285714286 0.3214285714285714 0.01666666666666667 0.12857142857142856
0 0.2904761904761905 0.10714285714285714 0.014285714285714287 0.09999999999999999
0 0.2642857142857143 0.6214285714285714 0.02380952380952381 0.07142857142857142
0 0.31428571428571433 0.45714285714285713 0.02380952380952381 0.08571428571428572
0 0.3154761904761905 0.09285714285714286 0.02142857142857143 0.04285714285714286
0 0.5261904761904762 0.12857142857142856 0.014285714285714287 0.08571428571428572
0 0.8321428571428572 0.2857142857142857 0.030952380952380953 0.08571428571428572
0 0.925 0.37142857142857144 0.01666666666666667 0.14285714285714285
0 0.5440476190476191 0.25 0.030952380952380953 0.07142857142857142
0 0.21190476190476193 0.22857142857142856 0.01904761904761905 0.05714285714285714
0 0.030952380952380953 0.11428571428571428 0.01904761904761905 0.05714285714285714
0 0.034523809523809526 0.39285714285714285 0.02142857142857143 0.04285714285714286
0 0.3523809523809524 0.6857142857142857 0.02380952380952381 0.08571428571428572
0 0.27380952380952384 0.25 0.01904761904761905 0.07142857142857142
0 0.42500000000000004 0.18571428571428572 0.01666666666666667 0.05714285714285714
0 0.5452380952380953 0.40714285714285714 0.028571428571428574 0.07142857142857142
0 0.8714285714285716 0.5785714285714285 0.02380952380952381 0.07142857142857142
0 0.955952380952381 0.7857142857142857 0.011904761904761906 0.08571428571428572
0 0.9904761904761905 0.7 0.014285714285714287 0.14285714285714285
0 0.9607142857142859 0.46428571428571425 0.030952380952380953 0.07142857142857142
0 0.7202380952380953 0.12142857142857143 0.01666666666666667 0.09999999999999999
0 0.4166666666666667 0.8071428571428572 0.01904761904761905 0.09999999999999999
0 0.4297619047619048 0.65 0.011904761904761906 0.09999999999999999
0 0.6583333333333334 0.7071428571428571 0.01666666666666667 0.09999999999999999
0 0.7261904761904763 0.36428571428571427 0.02380952380952381 0.07142857142857142
0 0.48690476190476195 0.07142857142857142 0.02142857142857143 0.05714285714285714
