0 0.5452380952380953 0.5428571428571428 0.01904761904761905 0.14285714285714285
0 0.330952380952381 0.8928571428571428 0.014285714285714287 0.09999999999999999
0 0.07380952380952381 0.65 0.02380952380952381 0.15714285714285714
0 0.47261904761904766 0.24285714285714285 0.02142857142857143 0.05714285714285714
0 0.6440476190476191 0.06428571428571428 0.01666666666666667 0.12857142857142856
0 0.8607142857142858 0.4928571428571428 0.01666666666666667 0.07142857142857142
0 0.7666666666666667 0.7642857142857142 0.01904761904761905 0.15714285714285714
0 0.8940476190476191 0.9642857142857143 0.026190476190476195 0.04285714285714286
0 0.7238095238095239 0.6357142857142857 0.02380952380952381 0.09999999999999999
0 0.6095238095238096 0.6928571428571428 0.02380952380952381 0.12857142857142856
0 0.45000000000000007 0.1357142857142857 0.01904761904761905 0.09999999999999999
0 0.1511904761904762 0.20714285714285713 0.03571428571428572 0.09999999999999999
0 0.3154761904761905 0.04285714285714286 0.026190476190476195 0.08571428571428572
0 0.4892857142857143 0.6285714285714286 0.01666666666666667 0.11428571428571428
