0 0.29880952380952386 0.12857142857142856 0.01666666666666667 0.08571428571428572
0 0.030952380952380953 0.5499999999999999 0.028571428571428574 0.18571428571428572
0 0.4 0.8642857142857142 0.02380952380952381 0.09999999999999999
0 0.9738095238095239 0.9214285714285714 0.01904761904761905 0.07142857142857142
0 0.08571428571428572 0.22857142857142856 0.01904761904761905 0.14285714285714285
0 0.18214285714285716 0.36428571428571427 0.01666666666666667 0.09999999999999999
0 0.5428571428571429 0.8142857142857143 0.02380952380952381 0.05714285714285714
0 0.48690476190476195 0.5071428571428571 0.02142857142857143 0.09999999999999999
0 0.5083333333333334 0.37857142857142856 0.02142857142857143 0.07142857142857142
0 0.7416666666666667 0.7214285714285714 0.02142857142857143 0.09999999999999999
0 0.7202380952380953 0.8285714285714285 0.01666666666666667 0.08571428571428572
0 0.6630952380952382 0.6857142857142857 0.01666666666666667 0.08571428571428572
0 0.5904761904761905 0.3071428571428571 0.014285714285714287 0.09999999999999999
0 0.44761904761904764 0.07857142857142857 0.02380952380952381 0.07142857142857142
0 0.661904761904762 0.19285714285714284 0.01904761904761905 0.15714285714285714
0 0.8345238095238096 0.39285714285714285 0.01666666666666667 0.09999999999999999
0 0.8892857142857143 0.6285714285714286 0.01666666666666667 0.11428571428571428
0 0.8642857142857143 0.6214285714285714 0.01904761904761905 0.07142857142857142
0 0.9595238095238096 0.8214285714285714 0.014285714285714287 0.07142857142857142
0 0.8833333333333334 0.1357142857142857 0.01904761904761905 0.07142857142857142
0 0.29761904761904767 0.4857142857142857 0.01904761904761905 0.08571428571428572
0 0.10238095238095239 0.014285714285714285 0.014285714285714287 0.02857142857142857
0 0.5619047619047619 0.3071428571428571 0.01904761904761905 0.07142857142857142
0 0.6666666666666667 0.4928571428571428 0.014285714285714287 0.09999999999999999
0 0.7226190476190477 0.5499999999999999 0.01666666666666667 0.09999999999999999
0 0.4297619047619048 0.7714285714285714 0.01666666666666667 0.08571428571428572
