0 0.15595238095238095 0.07857142857142857 0.02142857142857143 0.15714285714285714
0 0.3392857142857143 0.32857142857142857 0.04047619047619048 0.17142857142857143
0 0.525 0.9214285714285714 0.026190476190476195 0.12857142857142856
0 0.4833333333333334 0.2357142857142857 0.028571428571428574 0.15714285714285714
0 0.7202380952380953 0.42142857142857143 0.02142857142857143 0.12857142857142856
0 0.8630952380952381 0.5142857142857142 0.045238095238095244 0.14285714285714285
0 0.5380952380952382 0.35 0.014285714285714287 0.07142857142857142
0 0.9023809523809525 0.3357142857142857 0.014285714285714287 0.09999999999999999
0 0.6392857142857143 0.8214285714285714 0.01666666666666667 0.12857142857142856
0 0.6702380952380953 0.14285714285714285 0.01666666666666667 0.14285714285714285
0 0.8261904761904763 0.9285714285714285 0.03333333333333334 0.08571428571428572
0 0.49523809523809526 0.6714285714285714 0.01904761904761905 0.14285714285714285
