0 0.22976190476190478 0.41428571428571426 0.02142857142857143 0.22857142857142856
0 0.05833333333333334 0.5857142857142857 0.01666666666666667 0.08571428571428572
0 0.17261904761904764 0.7642857142857142 0.04047619047619048 0.09999999999999999
0 0.01785714285714286 0.6785714285714286 0.02142857142857143 0.07142857142857142
0 0.18571428571428572 0.6357142857142857 0.01904761904761905 0.07142857142857142
0 0.3119047619047619 0.7357142857142857 0.01904761904761905 0.07142857142857142
0 0.3535714285714286 0.44285714285714284 0.02142857142857143 0.11428571428571428
0 0.29404761904761906 0.5785714285714285 0.02142857142857143 0.09999999999999999
0 0.5440476190476191 0.37142857142857144 0.01666666666666667 0.08571428571428572
0 0.5773809523809524 0.25 0.011904761904761906 0.07142857142857142
0 0.5488095238095239 0.8357142857142857 0.01666666666666667 0.07142857142857142
0 0.511904761904762 0.45 0.01904761904761905 0.07142857142857142
0 0.7714285714285715 0.9071428571428571 0.01904761904761905 0.09999999999999999
0 0.7678571428571429 0.42857142857142855 0.01666666666666667 0.08571428571428572
0 0.35595238095238096 0.6071428571428571 0.02142857142857143 0.09999999999999999
0 0.5952380952380953 0.9 0.02380952380952381 0.08571428571428572
