0 0.12023809523809526 0.3214285714285714 0.01666666666666667 0.07142857142857142
0 0.29404761904761906 0.02857142857142857 0.01666666666666667 0.05714285714285714
0 0.6452380952380953 0.16428571428571428 0.02380952380952381 0.09999999999999999
0 0.7666666666666667 0.8857142857142857 0.014285714285714287 0.08571428571428572
0 0.08690476190476192 0.10714285714285714 0.01666666666666667 0.09999999999999999
0 0.06190476190476191 0.4357142857142857 0.014285714285714287 0.07142857142857142
0 0.04642857142857143 0.4928571428571428 0.01666666666666667 0.07142857142857142
0 0.045238095238095244 0.9071428571428571 0.014285714285714287 0.07142857142857142
0 0.19523809523809527 0.3071428571428571 0.014285714285714287 0.07142857142857142
0 0.2023809523809524 0.07857142857142857 0.014285714285714287 0.07142857142857142
0 0.20595238095238097 0.8428571428571429 0.01666666666666667 0.05714285714285714
0 0.14523809523809525 0.37857142857142856 0.014285714285714287 0.04285714285714286
0 0.27261904761904765 0.25 0.026190476190476195 0.07142857142857142
0 0.46190476190476193 0.7357142857142857 0.014285714285714287 0.07142857142857142
0 0.6690476190476191 0.9285714285714285 0.01904761904761905 0.08571428571428572
0 0.717857142857143 0.9214285714285714 0.011904761904761906 0.07142857142857142
0 0.5976190476190477 0.6857142857142857 0.014285714285714287 0.05714285714285714
0 0.5833333333333334 0.07857142857142857 0.01904761904761905 0.04285714285714286
0 0.5642857142857144 0.04285714285714286 0.01904761904761905 0.05714285714285714
0 0.8785714285714287 0.47857142857142854 0.014285714285714287 0.07142857142857142
0 0.8630952380952381 0.6857142857142857 0.01666666666666667 0.08571428571428572
0 0.8333333333333334 0.47857142857142854 0.01904761904761905 0.07142857142857142
0 0.8369047619047619 0.3 0.02142857142857143 0.05714285714285714
0 0.886904761904762 0.2785714285714286 0.02142857142857143 0.12857142857142856
0 0.9607142857142859 0.19999999999999998 0.030952380952380953 0.08571428571428572
0 0.6595238095238096 0.6357142857142857 0.014285714285714287 0.09999999999999999
0 0.6202380952380953 0.8928571428571428 0.026190476190476195 0.07142857142857142
0 0.5785714285714286 0.24285714285714285 0.014285714285714287 0.08571428571428572
0 0.25833333333333336 0.10714285714285714 0.02142857142857143 0.07142857142857142
0 0.5619047619047619 0.7928571428571428 0.02380952380952381 0.07142857142857142
0 0.8452380952380953 0.15714285714285714 0.01904761904761905 0.05714285714285714
0 0.5107142857142858 0.6357142857142857 0.01666666666666667 0.09999999999999999
