0 0.23095238095238096 0.2785714285714286 0.03333333333333334 0.18571428571428572
0 0.8916666666666667 0.6357142857142857 0.030952380952380953 0.18571428571428572
0 0.5238095238095238 0.8857142857142857 0.014285714285714287 0.11428571428571428
0 0.4714285714285715 0.8214285714285714 0.02380952380952381 0.15714285714285714
0 0.33690476190476193 0.8714285714285714 0.02142857142857143 0.14285714285714285
0 0.34761904761904766 0.07857142857142857 0.01904761904761905 0.09999999999999999
0 0.5190476190476191 0.06428571428571428 0.0380952380952381 0.12857142857142856
0 0.5821428571428572 0.8357142857142857 0.01666666666666667 0.15714285714285714
0 0.7297619047619048 0.7714285714285714 0.011904761904761906 0.14285714285714285
0 0.7476190476190477 0.6714285714285714 0.014285714285714287 0.08571428571428572
0 0.6988095238095239 0.7214285714285714 0.02142857142857143 0.15714285714285714
0 0.7892857142857144 0.12142857142857143 0.02142857142857143 0.12857142857142856
0 0.9845238095238096 0.8714285714285714 0.02142857142857143 0.14285714285714285
0 0.6095238095238096 0.47857142857142854 0.014285714285714287 0.15714285714285714
0 0.8285714285714286 0.7785714285714286 0.01904761904761905 0.18571428571428572
0 0.7238095238095239 0.39285714285714285 0.02380952380952381 0.15714285714285714
