0 0.16904761904761906 0.07857142857142857 0.028571428571428574 0.07142857142857142
0 0.5726190476190477 0.44285714285714284 0.02142857142857143 0.19999999999999998
0 0.6345238095238096 0.44285714285714284 0.02142857142857143 0.11428571428571428
0 0.675 0.22142857142857142 0.01666666666666667 0.15714285714285714
0 0.8678571428571429 0.17857142857142858 0.02142857142857143 0.09999999999999999
0 0.7630952380952382 0.5428571428571428 0.01666666666666667 0.11428571428571428
0 0.45000000000000007 0.6 0.02380952380952381 0.19999999999999998
0 0.8630952380952381 0.6285714285714286 0.011904761904761906 0.08571428571428572
0 0.5964285714285715 0.24285714285714285 0.011904761904761906 0.05714285714285714
0 0.8273809523809524 0.35714285714285715 0.030952380952380953 0.08571428571428572
