0 0.37023809523809526 0.3357142857142857 0.02142857142857143 0.15714285714285714
0 0.06547619047619048 0.5142857142857142 0.01666666666666667 0.08571428571428572
0 0.37738095238095243 0.6571428571428571 0.01666666666666667 0.14285714285714285
1 0.6190476190476191 0.15714285714285714 0.03333333333333334 0.3142857142857143
0 0.15000000000000002 0.8142857142857143 0.014285714285714287 0.08571428571428572
0 0.1523809523809524 0.5 0.014285714285714287 0.08571428571428572
0 0.05833333333333334 0.32857142857142857 0.01666666666666667 0.08571428571428572
0 0.2380952380952381 0.2571428571428571 0.01904761904761905 0.08571428571428572
0 0.18809523809523812 0.2714285714285714 0.01904761904761905 0.05714285714285714
0 0.1773809523809524 0.05714285714285714 0.01666666666666667 0.05714285714285714
0 0.3297619047619048 0.7857142857142857 0.011904761904761906 0.08571428571428572
0 0.18214285714285716 0.45 0.011904761904761906 0.07142857142857142
0 0.33571428571428574 0.11428571428571428 0.01904761904761905 0.08571428571428572
0 0.4964285714285715 0.9428571428571428 0.011904761904761906 0.08571428571428572
0 0.4035714285714286 0.7785714285714286 0.02142857142857143 0.07142857142857142
0 0.5785714285714286 0.25 0.014285714285714287 0.07142857142857142
0 0.5488095238095239 0.7999999999999999 0.011904761904761906 0.11428571428571428
0 0.6535714285714286 0.1357142857142857 0.011904761904761906 0.07142857142857142
0 0.7916666666666667 0.3071428571428571 0.02142857142857143 0.07142857142857142
0 0.9773809523809525 0.2714285714285714 0.01666666666666667 0.11428571428571428
0 0.9261904761904762 0.17142857142857143 0.02380952380952381 0.05714285714285714
0 0.6523809523809524 0.3071428571428571 0.01904761904761905 0.07142857142857142
0 0.44642857142857145 0.6857142857142857 0.01666666666666667 0.08571428571428572
0 0.5392857142857144 0.5428571428571428 0.03571428571428572 0.08571428571428572
0 0.7916666666666667 0.7785714285714286 0.011904761904761906 0.07142857142857142
0 0.7714285714285715 0.05714285714285714 0.028571428571428574 0.08571428571428572
