0 0.7845238095238096 0.6928571428571428 0.02142857142857143 0.12857142857142856
0 0.7630952380952382 0.8571428571428571 0.011904761904761906 0.11428571428571428
0 0.7202380952380953 0.22857142857142856 0.01666666666666667 0.08571428571428572
0 0.3928571428571429 0.6642857142857143 0.01904761904761905 0.09999999999999999
0 0.03333333333333334 0.5357142857142857 0.02380952380952381 0.12857142857142856
0 0.275 0.3071428571428571 0.04047619047619048 0.18571428571428572
0 0.3583333333333334 0.2714285714285714 0.02142857142857143 0.11428571428571428
0 0.2690476190476191 0.9142857142857143 0.01904761904761905 0.14285714285714285
0 0.5321428571428571 0.34285714285714286 0.02142857142857143 0.14285714285714285
0 0.5107142857142858 0.5285714285714286 0.01666666666666667 0.08571428571428572
0 0.44761904761904764 0.3142857142857143 0.03333333333333334 0.08571428571428572
0 0.24285714285714288 0.24285714285714285 0.03333333333333334 0.19999999999999998
