0 0.2154761904761905 0.09999999999999999 0.05476190476190477 0.19999999999999998
0 0.009523809523809525 0.42142857142857143 0.01904761904761905 0.21428571428571427
0 0.611904761904762 0.12142857142857143 0.0380952380952381 0.24285714285714285
0 0.5988095238095239 0.6642857142857143 0.04047619047619048 0.15714285714285714
0 0.5595238095238095 0.6785714285714286 0.028571428571428574 0.15714285714285714
0 0.5571428571428572 0.3142857142857143 0.028571428571428574 0.14285714285714285
0 0.05 0.6142857142857142 0.028571428571428574 0.17142857142857143
0 0.7321428571428572 0.07857142857142857 0.026190476190476195 0.15714285714285714
0 0.761904761904762 0.08571428571428572 0.02380952380952381 0.17142857142857143
0 0.8130952380952382 0.10714285714285714 0.03571428571428572 0.21428571428571427
0 0.7773809523809525 0.39999999999999997 0.030952380952380953 0.2571428571428571
0 0.7666666666666667 0.7357142857142857 0.01904761904761905 0.18571428571428572
0 0.8 0.7142857142857143 0.01904761904761905 0.17142857142857143
0 0.6773809523809524 0.8142857142857143 0.026190476190476195 0.17142857142857143
0 0.6130952380952381 0.9071428571428571 0.05 0.15714285714285714
0 0.8166666666666668 0.9214285714285714 0.02380952380952381 0.09999999999999999
0 0.9547619047619048 0.8857142857142857 0.028571428571428574 0.17142857142857143
0 0.8726190476190477 0.8928571428571428 0.011904761904761906 0.18571428571428572
0 0.9583333333333334 0.46428571428571425 0.04047619047619048 0.15714285714285714
