0 0.6416666666666667 0.5214285714285715 0.01666666666666667 0.07142857142857142
0 0.8011904761904762 0.6071428571428571 0.01666666666666667 0.15714285714285714
0 0.3404761904761905 0.7571428571428571 0.02380952380952381 0.11428571428571428
0 0.09761904761904763 0.9571428571428571 0.01904761904761905 0.05714285714285714
0 0.8595238095238096 0.20714285714285713 0.014285714285714287 0.09999999999999999
0 0.01904761904761905 0.65 0.014285714285714287 0.07142857142857142
0 0.15952380952380954 0.34285714285714286 0.014285714285714287 0.08571428571428572
0 0.12142857142857144 0.5571428571428572 0.014285714285714287 0.11428571428571428
0 0.4 0.1357142857142857 0.01904761904761905 0.07142857142857142
0 0.008333333333333335 0.34285714285714286 0.01666666666666667 0.14285714285714285
0 0.6071428571428572 0.5642857142857143 0.028571428571428574 0.09999999999999999
0 0.6559523809523811 0.20714285714285713 0.02142857142857143 0.09999999999999999
0 0.480952380952381 0.8714285714285714 0.01904761904761905 0.08571428571428572
0 0.9047619047619049 0.6142857142857142 0.02380952380952381 0.08571428571428572
0 0.9595238095238096 0.3071428571428571 0.014285714285714287 0.07142857142857142
0 0.8583333333333334 0.44285714285714284 0.01666666666666667 0.11428571428571428
0 0.594047619047619 0.2357142857142857 0.04047619047619048 0.09999999999999999
0 0.6654761904761906 0.8214285714285714 0.011904761904761906 0.07142857142857142
0 0.07380952380952381 0.5714285714285714 0.01904761904761905 0.11428571428571428
0 0.8892857142857143 0.7857142857142857 0.02142857142857143 0.14285714285714285
0 0.7416666666666667 0.7714285714285714 0.02142857142857143 0.08571428571428572
0 0.04761904761904762 0.8928571428571428 0.01904761904761905 0.12857142857142856
0 0.051190476190476196 0.15714285714285714 0.01666666666666667 0.11428571428571428
0 0.1619047619047619 0.04285714285714286 0.014285714285714287 0.08571428571428572
