0 0.811904761904762 0.8571428571428571 0.02380952380952381 0.08571428571428572
0 0.7535714285714287 0.9571428571428571 0.01666666666666667 0.05714285714285714
0 0.8595238095238096 0.7642857142857142 0.014285714285714287 0.07142857142857142
1 0.9726190476190477 0.36428571428571427 0.030952380952380953 0.3
0 0.10952380952380954 0.35 0.01904761904761905 0.09999999999999999
0 0.09047619047619049 0.8285714285714285 0.01904761904761905 0.05714285714285714
0 0.3595238095238096 0.8071428571428572 0.014285714285714287 0.07142857142857142
0 0.4202380952380953 0.7714285714285714 0.01666666666666667 0.08571428571428572
0 0.35000000000000003 0.39999999999999997 0.01904761904761905 0.08571428571428572
0 0.5166666666666667 0.5499999999999999 0.014285714285714287 0.07142857142857142
0 0.5297619047619048 0.32857142857142857 0.01666666666666667 0.08571428571428572
0 0.5785714285714286 0.2571428571428571 0.014285714285714287 0.05714285714285714
0 0.6345238095238096 0.14285714285714285 0.01666666666666667 0.08571428571428572
0 0.6773809523809524 0.07142857142857142 0.02142857142857143 0.08571428571428572
0 0.775 0.5 0.01666666666666667 0.05714285714285714
0 0.7666666666666667 0.65 0.014285714285714287 0.07142857142857142
0 0.8821428571428572 0.18571428571428572 0.011904761904761906 0.05714285714285714
0 0.9476190476190477 0.5357142857142857 0.01904761904761905 0.09999999999999999
0 0.7452380952380953 0.19999999999999998 0.014285714285714287 0.08571428571428572
0 0.7928571428571429 0.6428571428571428 0.01904761904761905 0.05714285714285714
0 0.15000000000000002 0.4928571428571428 0.014285714285714287 0.07142857142857142
0 0.7107142857142857 0.8428571428571429 0.02142857142857143 0.08571428571428572
0 0.41190476190476194 0.2642857142857143 0.01904761904761905 0.07142857142857142
