0 0.09404761904761906 0.7 0.02142857142857143 0.08571428571428572
0 0.022619047619047622 0.22857142857142856 0.01666666666666667 0.11428571428571428
0 0.7107142857142857 0.22142857142857142 0.026190476190476195 0.07142857142857142
0 0.6821428571428572 0.12142857142857143 0.01666666666666667 0.07142857142857142
0 0.8452380952380953 0.07857142857142857 0.01904761904761905 0.07142857142857142
0 0.08690476190476192 0.5714285714285714 0.01666666666666667 0.11428571428571428
0 0.21904761904761907 0.8285714285714285 0.01904761904761905 0.08571428571428572
0 0.06666666666666668 0.8714285714285714 0.014285714285714287 0.05714285714285714
0 0.1619047619047619 0.65 0.014285714285714287 0.07142857142857142
0 0.37738095238095243 0.7357142857142857 0.01666666666666667 0.07142857142857142
0 0.48690476190476195 0.8142857142857143 0.01666666666666667 0.05714285714285714
0 0.5023809523809524 0.9357142857142857 0.01904761904761905 0.04285714285714286
0 0.5619047619047619 0.8857142857142857 0.01904761904761905 0.08571428571428572
0 0.3797619047619048 0.22857142857142856 0.011904761904761906 0.08571428571428572
0 0.7333333333333334 0.42857142857142855 0.02380952380952381 0.08571428571428572
0 0.736904761904762 0.5714285714285714 0.01666666666666667 0.08571428571428572
0 0.5785714285714286 0.25 0.009523809523809525 0.07142857142857142
0 0.12142857142857144 0.9642857142857143 0.02380952380952381 0.04285714285714286
0 0.3726190476190476 0.37142857142857144 0.026190476190476195 0.08571428571428572
0 0.9059523809523811 0.5642857142857143 0.02142857142857143 0.18571428571428572
0 0.961904761904762 0.42857142857142855 0.028571428571428574 0.11428571428571428
0 0.10714285714285715 0.14285714285714285 0.028571428571428574 0.05714285714285714
0 0.6785714285714286 0.32857142857142857 0.01904761904761905 0.08571428571428572
0 0.8130952380952382 0.6785714285714286 0.01666666666666667 0.12857142857142856
0 0.4428571428571429 0.2571428571428571 0.028571428571428574 0.08571428571428572
