0 0.7273809523809525 0.7214285714285714 0.02142857142857143 0.12857142857142856
0 0.18333333333333335 0.25 0.01904761904761905 0.07142857142857142
0 0.13571428571428573 0.7428571428571429 0.01904761904761905 0.08571428571428572
0 0.43333333333333335 0.6071428571428571 0.014285714285714287 0.07142857142857142
0 0.9095238095238096 0.06428571428571428 0.01904761904761905 0.07142857142857142
0 0.8226190476190477 0.8928571428571428 0.011904761904761906 0.07142857142857142
0 0.8833333333333334 0.42142857142857143 0.01904761904761905 0.07142857142857142
0 0.9345238095238096 0.21428571428571427 0.01666666666666667 0.08571428571428572
0 0.5785714285714286 0.25 0.014285714285714287 0.09999999999999999
0 0.6428571428571429 0.7857142857142857 0.02380952380952381 0.08571428571428572
0 0.3166666666666667 0.7428571428571429 0.02380952380952381 0.05714285714285714
0 0.8071428571428572 0.6642857142857143 0.01904761904761905 0.07142857142857142
