0 0.1285714285714286 0.7285714285714285 0.009523809523809525 0.05714285714285714
0 0.24404761904761907 0.5 0.011904761904761906 0.05714285714285714
0 0.27380952380952384 0.5 0.009523809523809525 0.05714285714285714
0 0.36071428571428577 0.6428571428571428 0.011904761904761906 0.05714285714285714
0 0.29285714285714287 0.9 0.009523809523809525 0.05714285714285714
0 0.4761904761904762 0.5357142857142857 0.004761904761904762 0.04285714285714286
0 0.525 0.5214285714285715 0.0071428571428571435 0.04285714285714286
0 0.9178571428571429 0.07142857142857142 0.0071428571428571435 0.05714285714285714
0 0.8988095238095238 0.049999999999999996 0.0071428571428571435 0.04285714285714286
0 0.9011904761904763 0.6428571428571428 0.0071428571428571435 0.02857142857142857
0 0.9011904761904763 0.7214285714285714 0.0071428571428571435 0.04285714285714286
0 0.0380952380952381 0.19285714285714284 0.009523809523809525 0.07142857142857142
0 0.08095238095238096 0.20714285714285713 0.009523809523809525 0.04285714285714286
0 0.2392857142857143 0.7142857142857143 0.0071428571428571435 0.05714285714285714
0 0.3178571428571429 0.32857142857142857 0.011904761904761906 0.02857142857142857
0 0.28571428571428575 0.42857142857142855 0.009523809523809525 0.05714285714285714
0 0.7702380952380953 0.17142857142857143 0.0071428571428571435 0.05714285714285714
0 0.9297619047619049 0.2357142857142857 0.0071428571428571435 0.07142857142857142
0 0.9880952380952381 0.5357142857142857 0.009523809523809525 0.07142857142857142
0 0.9940476190476192 0.7214285714285714 0.0071428571428571435 0.07142857142857142
0 0.6654761904761906 0.4928571428571428 0.011904761904761906 0.04285714285714286
0 0.6333333333333334 0.18571428571428572 0.014285714285714287 0.05714285714285714
0 0.7214285714285715 0.3214285714285714 0.009523809523809525 0.07142857142857142
0 0.7952380952380953 0.6071428571428571 0.009523809523809525 0.09999999999999999
0 0.12142857142857144 0.8357142857142857 0.009523809523809525 0.04285714285714286
0 0.15952380952380954 0.6571428571428571 0.009523809523809525 0.05714285714285714
0 0.2178571428571429 0.5785714285714285 0.011904761904761906 0.04285714285714286
