0 0.05 0.9071428571428571 0.028571428571428574 0.15714285714285714
0 0.14285714285714288 0.04285714285714286 0.01904761904761905 0.08571428571428572
0 0.22142857142857145 0.6571428571428571 0.02380952380952381 0.14285714285714285
0 0.3440476190476191 0.5357142857142857 0.030952380952380953 0.12857142857142856
0 0.33690476190476193 0.39285714285714285 0.011904761904761906 0.07142857142857142
0 0.36071428571428577 0.09999999999999999 0.01666666666666667 0.08571428571428572
0 0.37500000000000006 0.049999999999999996 0.01666666666666667 0.09999999999999999
0 0.4130952380952381 0.20714285714285713 0.02142857142857143 0.09999999999999999
0 0.40952380952380957 0.6642857142857143 0.02380952380952381 0.09999999999999999
0 0.26071428571428573 0.2642857142857143 0.01666666666666667 0.09999999999999999
0 0.05476190476190477 0.3214285714285714 0.01904761904761905 0.09999999999999999
0 0.3869047619047619 0.4857142857142857 0.01666666666666667 0.11428571428571428
0 0.4821428571428572 0.7285714285714285 0.011904761904761906 0.08571428571428572
0 0.18571428571428572 0.6785714285714286 0.01904761904761905 0.12857142857142856
0 0.7000000000000001 0.9571428571428571 0.014285714285714287 0.05714285714285714
0 0.7488095238095239 0.95 0.011904761904761906 0.07142857142857142
0 0.8285714285714286 0.9428571428571428 0.01904761904761905 0.08571428571428572
0 0.8928571428571429 0.95 0.028571428571428574 0.07142857142857142
0 0.9035714285714287 0.8428571428571429 0.01666666666666667 0.08571428571428572
0 0.7892857142857144 0.37857142857142856 0.026190476190476195 0.12857142857142856
0 0.8607142857142858 0.15 0.01666666666666667 0.07142857142857142
0 0.8500000000000001 0.04285714285714286 0.014285714285714287 0.08571428571428572
0 0.5107142857142858 0.45714285714285713 0.011904761904761906 0.14285714285714285
0 0.525 0.37142857142857144 0.026190476190476195 0.11428571428571428
0 0.5607142857142857 0.6071428571428571 0.02142857142857143 0.09999999999999999
0 0.46190476190476193 0.5714285714285714 0.014285714285714287 0.08571428571428572
0 0.6154761904761905 0.7214285714285714 0.01666666666666667 0.07142857142857142
0 0.755952380952381 0.7 0.01666666666666667 0.11428571428571428
0 0.4761904761904762 0.9428571428571428 0.028571428571428574 0.08571428571428572
0 0.6404761904761905 0.42857142857142855 0.02380952380952381 0.08571428571428572
0 0.7261904761904763 0.8357142857142857 0.02380952380952381 0.12857142857142856
