0 0.3285714285714286 0.2357142857142857 0.014285714285714287 0.09999999999999999
0 0.2404761904761905 0.6571428571428571 0.009523809523809525 0.05714285714285714
0 0.8273809523809524 0.22142857142857142 0.011904761904761906 0.07142857142857142
0 0.7571428571428572 0.12857142857142856 0.009523809523809525 0.05714285714285714
0 0.8738095238095239 0.6642857142857143 0.009523809523809525 0.07142857142857142
0 0.8964285714285715 0.5642857142857143 0.011904761904761906 0.04285714285714286
0 0.3035714285714286 0.9 0.0071428571428571435 0.08571428571428572
0 0.2785714285714286 0.45714285714285713 0.014285714285714287 0.05714285714285714
0 0.04761904761904762 0.39999999999999997 0.009523809523809525 0.05714285714285714
0 0.886904761904762 0.19999999999999998 0.0071428571428571435 0.08571428571428572
0 0.7321428571428572 0.44285714285714284 0.0071428571428571435 0.08571428571428572
0 0.6797619047619048 0.7428571428571429 0.011904761904761906 0.08571428571428572
0 0.7107142857142857 0.7071428571428571 0.011904761904761906 0.07142857142857142
0 0.2892857142857143 0.7285714285714285 0.0071428571428571435 0.05714285714285714
0 0.32142857142857145 0.6642857142857143 0.009523809523809525 0.07142857142857142
0 0.2547619047619048 0.40714285714285714 0.009523809523809525 0.04285714285714286
0 0.3654761904761905 0.3857142857142857 0.011904761904761906 0.02857142857142857
0 0.9690476190476192 0.5785714285714285 0.009523809523809525 0.04285714285714286
0 0.43690476190476196 0.85 0.0071428571428571435 0.04285714285714286
0 0.7761904761904762 0.7357142857142857 0.014285714285714287 0.04285714285714286
0 0.009523809523809525 0.8142857142857143 0.009523809523809525 0.05714285714285714
