0 0.6738095238095239 0.5571428571428572 0.03333333333333334 0.11428571428571428
0 0.3821428571428572 0.8142857142857143 0.01666666666666667 0.11428571428571428
0 0.14404761904761906 0.9357142857142857 0.02142857142857143 0.07142857142857142
0 0.045238095238095244 0.4928571428571428 0.01904761904761905 0.09999999999999999
0 0.07857142857142858 0.2714285714285714 0.01904761904761905 0.08571428571428572
0 0.10595238095238096 0.65 0.03571428571428572 0.07142857142857142
0 0.26071428571428573 0.32857142857142857 0.02142857142857143 0.11428571428571428
0 0.1511904761904762 0.5642857142857143 0.01666666666666667 0.09999999999999999
0 0.29880952380952386 0.7785714285714286 0.02142857142857143 0.07142857142857142
0 0.5523809523809524 0.35 0.01904761904761905 0.09999999999999999
0 0.5797619047619048 0.24285714285714285 0.011904761904761906 0.08571428571428572
0 0.6261904761904763 0.5214285714285715 0.01904761904761905 0.15714285714285714
0 0.6440476190476191 0.45714285714285713 0.02142857142857143 0.08571428571428572
0 0.4702380952380953 0.3 0.02142857142857143 0.05714285714285714
0 0.18452380952380953 0.7571428571428571 0.02142857142857143 0.05714285714285714
0 0.29761904761904767 0.39999999999999997 0.01904761904761905 0.05714285714285714
0 0.29642857142857143 0.5214285714285715 0.02142857142857143 0.07142857142857142
0 0.29642857142857143 0.65 0.026190476190476195 0.09999999999999999
1 0.9892857142857143 0.37142857142857144 0.01666666666666667 0.2857142857142857
0 0.5857142857142857 0.014285714285714285 0.02380952380952381 0.02857142857142857
0 0.009523809523809525 0.2357142857142857 0.01904761904761905 0.07142857142857142
0 0.5988095238095239 0.7571428571428571 0.030952380952380953 0.08571428571428572
