0 0.9011904761904763 0.6642857142857143 0.02142857142857143 0.09999999999999999
0 0.9500000000000001 0.5714285714285714 0.02380952380952381 0.08571428571428572
0 0.8547619047619048 0.19999999999999998 0.014285714285714287 0.08571428571428572
0 0.8238095238095239 0.37857142857142856 0.01904761904761905 0.07142857142857142
0 0.9321428571428573 0.2571428571428571 0.01666666666666667 0.05714285714285714
0 0.5619047619047619 0.65 0.014285714285714287 0.07142857142857142
0 0.9607142857142859 0.3071428571428571 0.02142857142857143 0.07142857142857142
0 0.7511904761904763 0.6785714285714286 0.01666666666666667 0.09999999999999999
0 0.7154761904761905 0.8357142857142857 0.011904761904761906 0.09999999999999999
0 0.6464285714285715 0.8071428571428572 0.01666666666666667 0.07142857142857142
0 0.536904761904762 0.8142857142857143 0.01666666666666667 0.05714285714285714
0 0.3178571428571429 0.6071428571428571 0.02142857142857143 0.07142857142857142
0 0.2761904761904762 0.65 0.014285714285714287 0.07142857142857142
0 0.5321428571428571 0.46428571428571425 0.02142857142857143 0.07142857142857142
0 0.14642857142857144 0.4928571428571428 0.01666666666666667 0.07142857142857142
0 0.525 0.6714285714285714 0.01666666666666667 0.08571428571428572
0 0.05714285714285715 0.5785714285714285 0.014285714285714287 0.07142857142857142
0 0.125 0.9571428571428571 0.02142857142857143 0.05714285714285714
