0 0.3642857142857143 0.29285714285714287 0.02380952380952381 0.09999999999999999
0 0.14047619047619048 0.09999999999999999 0.014285714285714287 0.08571428571428572
0 0.19761904761904764 0.5928571428571429 0.028571428571428574 0.07142857142857142
0 0.06785714285714287 0.21428571428571427 0.01666666666666667 0.08571428571428572
0 0.3047619047619048 0.6571428571428571 0.03333333333333334 0.08571428571428572
0 0.6952380952380953 0.32857142857142857 0.01904761904761905 0.08571428571428572
0 0.5773809523809524 0.25 0.011904761904761906 0.07142857142857142
0 0.7773809523809525 0.7642857142857142 0.01666666666666667 0.09999999999999999
0 0.580952380952381 0.5214285714285715 0.02380952380952381 0.07142857142857142
0 0.11547619047619048 0.34285714285714286 0.01666666666666667 0.08571428571428572
0 0.8952380952380953 0.5 0.02380952380952381 0.05714285714285714
0 0.28095238095238095 0.16428571428571428 0.01904761904761905 0.07142857142857142
0 0.5107142857142858 0.85 0.026190476190476195 0.07142857142857142
0 0.04761904761904762 0.39285714285714285 0.01904761904761905 0.09999999999999999
0 0.9630952380952382 0.19285714285714284 0.01666666666666667 0.09999999999999999
0 0.5630952380952381 0.9642857142857143 0.030952380952380953 0.04285714285714286
