0 0.14880952380952384 0.6071428571428571 0.04047619047619048 0.21428571428571427
0 0.9297619047619049 0.4714285714285714 0.026190476190476195 0.11428571428571428
0 0.9345238095238096 0.6642857142857143 0.026190476190476195 0.18571428571428572
0 0.830952380952381 0.6642857142857143 0.028571428571428574 0.18571428571428572
0 0.6380952380952382 0.9142857142857143 0.03333333333333334 0.14285714285714285
0 0.717857142857143 0.6714285714285714 0.02142857142857143 0.17142857142857143
0 0.45833333333333337 0.9142857142857143 0.03571428571428572 0.14285714285714285
0 0.42261904761904767 0.4857142857142857 0.026190476190476195 0.14285714285714285
0 0.42261904761904767 0.7357142857142857 0.030952380952380953 0.12857142857142856
0 0.8928571428571429 0.3071428571428571 0.028571428571428574 0.18571428571428572
0 0.805952380952381 0.2357142857142857 0.026190476190476195 0.12857142857142856
0 0.4928571428571429 0.6142857142857142 0.0380952380952381 0.19999999999999998
0 0.6047619047619048 0.24285714285714285 0.01904761904761905 0.19999999999999998
