0 0.06666666666666668 0.36428571428571427 0.028571428571428574 0.21428571428571427
0 0.17857142857142858 0.08571428571428572 0.03333333333333334 0.17142857142857143
0 0.35000000000000003 0.24285714285714285 0.02380952380952381 0.17142857142857143
0 0.5166666666666667 0.15 0.02380952380952381 0.18571428571428572
0 0.5952380952380953 0.02857142857142857 0.0380952380952381 0.05714285714285714
0 0.6226190476190476 0.19285714285714284 0.026190476190476195 0.15714285714285714
0 0.6607142857142858 0.22857142857142856 0.02142857142857143 0.08571428571428572
0 0.6095238095238096 0.5 0.028571428571428574 0.14285714285714285
0 0.7285714285714286 0.5571428571428572 0.014285714285714287 0.14285714285714285
0 0.8142857142857144 0.5142857142857142 0.01904761904761905 0.11428571428571428
0 0.6738095238095239 0.75 0.02380952380952381 0.18571428571428572
0 0.6011904761904763 0.8357142857142857 0.026190476190476195 0.3
0 0.7773809523809525 0.9357142857142857 0.02142857142857143 0.09999999999999999
