0 0.8654761904761905 0.9357142857142857 0.026190476190476195 0.09999999999999999
0 0.8202380952380953 0.8285714285714285 0.01666666666666667 0.08571428571428572
0 0.7738095238095238 0.7357142857142857 0.0380952380952381 0.24285714285714285
0 0.736904761904762 0.5499999999999999 0.026190476190476195 0.18571428571428572
0 0.7642857142857143 0.39285714285714285 0.02380952380952381 0.18571428571428572
0 0.4023809523809524 0.8857142857142857 0.02380952380952381 0.14285714285714285
0 0.6702380952380953 0.2357142857142857 0.04047619047619048 0.18571428571428572
0 0.5750000000000001 0.42142857142857143 0.026190476190476195 0.15714285714285714
0 0.9857142857142858 0.7071428571428571 0.02380952380952381 0.15714285714285714
0 0.10238095238095239 0.14285714285714285 0.02380952380952381 0.11428571428571428
0 0.9833333333333334 0.2785714285714286 0.01904761904761905 0.15714285714285714
