0 0.7892857142857144 0.02857142857142857 0.026190476190476195 0.05714285714285714
0 0.6666666666666667 0.02857142857142857 0.0380952380952381 0.05714285714285714
0 0.6428571428571429 0.8357142857142857 0.03333333333333334 0.15714285714285714
0 0.5904761904761905 0.7714285714285714 0.01904761904761905 0.11428571428571428
0 0.4785714285714286 0.7428571428571429 0.03333333333333334 0.17142857142857143
0 0.4440476190476191 0.06428571428571428 0.030952380952380953 0.12857142857142856
0 0.37380952380952387 0.22857142857142856 0.02380952380952381 0.14285714285714285
0 0.37619047619047624 0.04285714285714286 0.014285714285714287 0.08571428571428572
0 0.10952380952380954 0.9071428571428571 0.028571428571428574 0.15714285714285714
0 0.5440476190476191 0.07142857142857142 0.030952380952380953 0.11428571428571428
0 0.8404761904761906 0.8785714285714286 0.03333333333333334 0.21428571428571427
0 0.3321428571428572 0.8642857142857142 0.04047619047619048 0.24285714285714285
