0 0.13690476190476192 0.36428571428571427 0.026190476190476195 0.09999999999999999
0 0.5071428571428572 0.3214285714285714 0.01904761904761905 0.15714285714285714
0 0.5404761904761906 0.04285714285714286 0.014285714285714287 0.08571428571428572
0 0.4535714285714286 0.07857142857142857 0.011904761904761906 0.15714285714285714
0 0.5571428571428572 0.8928571428571428 0.01904761904761905 0.15714285714285714
0 0.5785714285714286 0.8071428571428572 0.014285714285714287 0.12857142857142856
0 0.6642857142857144 0.41428571428571426 0.02380952380952381 0.11428571428571428
0 0.6892857142857144 0.5 0.02142857142857143 0.14285714285714285
0 0.7892857142857144 0.6642857142857143 0.026190476190476195 0.12857142857142856
0 0.9273809523809524 0.7285714285714285 0.02142857142857143 0.14285714285714285
0 0.6321428571428572 0.5571428571428572 0.011904761904761906 0.19999999999999998
0 0.775 0.42857142857142855 0.011904761904761906 0.17142857142857143
