0 0.10833333333333334 0.6714285714285714 0.011904761904761906 0.05714285714285714
0 0.20714285714285716 0.42142857142857143 0.009523809523809525 0.07142857142857142
0 0.1654761904761905 0.5428571428571428 0.0071428571428571435 0.05714285714285714
1 0.05476190476190477 0.42857142857142855 0.04761904761904762 0.45714285714285713
0 0.4130952380952381 0.8857142857142857 0.011904761904761906 0.05714285714285714
0 0.6666666666666667 0.07142857142857142 0.009523809523809525 0.05714285714285714
0 0.8797619047619049 0.6285714285714286 0.0071428571428571435 0.05714285714285714
0 0.7380952380952381 0.6928571428571428 0.009523809523809525 0.07142857142857142
0 0.39880952380952384 0.36428571428571427 0.011904761904761906 0.04285714285714286
0 0.11309523809523811 0.9142857142857143 0.0071428571428571435 0.05714285714285714
0 0.3595238095238096 0.6214285714285714 0.009523809523809525 0.04285714285714286
0 0.37023809523809526 0.17142857142857143 0.0071428571428571435 0.08571428571428572
0 0.48690476190476195 0.7571428571428571 0.0071428571428571435 0.08571428571428572
0 0.5702380952380953 0.8214285714285714 0.0071428571428571435 0.04285714285714286
0 0.09047619047619049 0.3357142857142857 0.009523809523809525 0.04285714285714286
