0 0.9892857142857143 0.6642857142857143 0.01666666666666667 0.15714285714285714
0 0.6488095238095238 0.36428571428571427 0.026190476190476195 0.15714285714285714
0 0.8952380952380953 0.65 0.02380952380952381 0.15714285714285714
0 0.2630952380952381 0.7642857142857142 0.026190476190476195 0.18571428571428572
0 0.31309523809523815 0.32857142857142857 0.02142857142857143 0.11428571428571428
0 0.2154761904761905 0.16428571428571428 0.02142857142857143 0.09999999999999999
0 0.12023809523809526 0.2714285714285714 0.02142857142857143 0.11428571428571428
0 0.15833333333333335 0.5928571428571429 0.026190476190476195 0.09999999999999999
0 0.55 0.75 0.014285714285714287 0.09999999999999999
0 0.5380952380952382 0.6428571428571428 0.02380952380952381 0.14285714285714285
0 0.8321428571428572 0.95 0.01666666666666667 0.07142857142857142
0 0.980952380952381 0.3142857142857143 0.028571428571428574 0.17142857142857143
0 0.967857142857143 0.07857142857142857 0.01666666666666667 0.12857142857142856
0 0.9464285714285715 0.02857142857142857 0.01666666666666667 0.05714285714285714
0 0.8380952380952382 0.12142857142857143 0.014285714285714287 0.07142857142857142
0 0.6988095238095239 0.9214285714285714 0.030952380952380953 0.12857142857142856
0 0.7261904761904763 0.5357142857142857 0.01904761904761905 0.12857142857142856
0 0.6178571428571429 0.14285714285714285 0.02142857142857143 0.11428571428571428
0 0.5523809523809524 0.35714285714285715 0.01904761904761905 0.11428571428571428
0 0.6238095238095238 0.8928571428571428 0.0380952380952381 0.18571428571428572
0 0.7321428571428572 0.09285714285714286 0.02142857142857143 0.18571428571428572
0 0.6547619047619048 0.19999999999999998 0.02380952380952381 0.14285714285714285
0 0.4035714285714286 0.049999999999999996 0.02142857142857143 0.09999999999999999
0 0.4928571428571429 0.10714285714285714 0.01904761904761905 0.09999999999999999
0 0.3047619047619048 0.9285714285714285 0.03333333333333334 0.11428571428571428
0 0.9595238095238096 0.9071428571428571 0.01904761904761905 0.09999999999999999
0 0.4821428571428572 0.5285714285714286 0.02142857142857143 0.11428571428571428
0 0.5440476190476191 0.08571428571428572 0.02142857142857143 0.11428571428571428
0 0.5785714285714286 0.5785714285714285 0.01904761904761905 0.09999999999999999
0 0.46190476190476193 0.8785714285714286 0.02380952380952381 0.12857142857142856
