0 0.03928571428571429 0.5928571428571429 0.02142857142857143 0.07142857142857142
0 0.3785714285714286 0.2571428571428571 0.03333333333333334 0.17142857142857143
0 0.45952380952380956 0.6428571428571428 0.02380952380952381 0.11428571428571428
0 0.4773809523809524 0.2571428571428571 0.01666666666666667 0.05714285714285714
0 0.7107142857142857 0.14285714285714285 0.01666666666666667 0.17142857142857143
0 0.6452380952380953 0.7428571428571429 0.01904761904761905 0.19999999999999998
0 0.861904761904762 0.9285714285714285 0.01904761904761905 0.11428571428571428
0 0.8107142857142858 0.5785714285714285 0.02142857142857143 0.12857142857142856
0 0.18452380952380953 0.5642857142857143 0.01666666666666667 0.09999999999999999
0 0.1904761904761905 0.22857142857142856 0.014285714285714287 0.05714285714285714
0 0.15952380952380954 0.07142857142857142 0.01904761904761905 0.05714285714285714
0 0.04285714285714286 0.07142857142857142 0.014285714285714287 0.08571428571428572
0 0.07500000000000001 0.02857142857142857 0.01666666666666667 0.05714285714285714
0 0.06785714285714287 0.9428571428571428 0.02142857142857143 0.08571428571428572
0 0.1142857142857143 0.95 0.014285714285714287 0.07142857142857142
0 0.11904761904761905 0.7357142857142857 0.009523809523809525 0.07142857142857142
0 0.13333333333333336 0.7642857142857142 0.014285714285714287 0.07142857142857142
0 0.23571428571428574 0.5214285714285715 0.014285714285714287 0.07142857142857142
0 0.41190476190476194 0.8142857142857143 0.014285714285714287 0.08571428571428572
0 0.8845238095238096 0.4928571428571428 0.02142857142857143 0.18571428571428572
0 0.6988095238095239 0.9214285714285714 0.03571428571428572 0.09999999999999999
0 0.5797619047619048 0.18571428571428572 0.011904761904761906 0.08571428571428572
0 0.992857142857143 0.4714285714285714 0.009523809523809525 0.08571428571428572
0 0.9404761904761906 0.25 0.014285714285714287 0.04285714285714286
0 0.7726190476190476 0.95 0.01666666666666667 0.07142857142857142
0 0.7488095238095239 0.32857142857142857 0.01666666666666667 0.08571428571428572
0 0.3797619047619048 0.65 0.02142857142857143 0.09999999999999999
0 0.2702380952380953 0.1357142857142857 0.011904761904761906 0.07142857142857142
0 0.9000000000000001 0.7714285714285714 0.014285714285714287 0.08571428571428572
0 0.9642857142857144 0.4714285714285714 0.014285714285714287 0.11428571428571428
0 0.7690476190476191 0.44285714285714284 0.014285714285714287 0.08571428571428572
0 0.8452380952380953 0.07142857142857142 0.014285714285714287 0.11428571428571428
0 0.3785714285714286 0.9071428571428571 0.014285714285714287 0.07142857142857142
0 0.31428571428571433 0.7714285714285714 0.014285714285714287 0.08571428571428572
0 0.06904761904761905 0.36428571428571427 0.01904761904761905 0.12857142857142856
0 0.6761904761904762 0.5714285714285714 0.014285714285714287 0.05714285714285714
0 0.4976190476190477 0.4714285714285714 0.014285714285714287 0.08571428571428572
0 0.46666666666666673 0.02857142857142857 0.014285714285714287 0.05714285714285714
0 0.6654761904761906 0.44285714285714284 0.011904761904761906 0.08571428571428572
0 0.6202380952380953 0.47857142857142854 0.011904761904761906 0.07142857142857142
0 0.9785714285714286 0.9071428571428571 0.014285714285714287 0.07142857142857142
0 0.9892857142857143 0.75 0.01666666666666667 0.07142857142857142
0 0.6154761904761905 0.6642857142857143 0.011904761904761906 0.12857142857142856
