0 0.06547619047619048 0.25 0.011904761904761906 0.04285714285714286
0 0.18214285714285716 0.6071428571428571 0.011904761904761906 0.09999999999999999
0 0.3547619047619048 0.09285714285714286 0.014285714285714287 0.07142857142857142
0 0.511904761904762 0.5714285714285714 0.009523809523809525 0.05714285714285714
0 0.4630952380952381 0.8357142857142857 0.0071428571428571435 0.04285714285714286
0 0.8464285714285715 0.5142857142857142 0.011904761904761906 0.0
0 0.8369047619047619 0.4857142857142857 0.011904761904761906 0.08571428571428572
0 0.6976190476190477 0.5785714285714285 0.009523809523809525 0.04285714285714286
0 0.5583333333333333 0.8428571428571429 0.0071428571428571435 0.05714285714285714
0 0.5952380952380953 0.6571428571428571 0.014285714285714287 0.05714285714285714
0 0.11666666666666668 0.7714285714285714 0.009523809523809525 0.05714285714285714
0 0.06190476190476191 0.5357142857142857 0.009523809523809525 0.04285714285714286
0 0.7904761904761906 0.4857142857142857 0.009523809523809525 0.08571428571428572
0 0.8892857142857143 0.3 0.0071428571428571435 0.05714285714285714
0 0.37500000000000006 0.47857142857142854 0.0071428571428571435 0.04285714285714286
0 0.26071428571428573 0.65 0.011904761904761906 0.04285714285714286
0 0.8678571428571429 0.7071428571428571 0.02142857142857143 0.04285714285714286
0 0.015476190476190477 0.5357142857142857 0.0071428571428571435 0.04285714285714286
