0 0.17380952380952383 0.5714285714285714 0.014285714285714287 0.08571428571428572
0 0.15476190476190477 0.21428571428571427 0.009523809523809525 0.05714285714285714
0 0.33690476190476193 0.8071428571428572 0.011904761904761906 0.07142857142857142
0 0.6333333333333334 0.7071428571428571 0.009523809523809525 0.04285714285714286
0 0.5619047619047619 0.5285714285714286 0.009523809523809525 0.05714285714285714
0 0.4928571428571429 0.41428571428571426 0.009523809523809525 0.05714285714285714
0 0.5464285714285715 0.7071428571428571 0.011904761904761906 0.04285714285714286
0 0.6964285714285715 0.7642857142857142 0.0071428571428571435 0.07142857142857142
0 0.12619047619047621 0.6 0.009523809523809525 0.05714285714285714
0 0.3869047619047619 0.4857142857142857 0.011904761904761906 0.08571428571428572
0 0.8273809523809524 0.3214285714285714 0.0071428571428571435 0.07142857142857142
0 0.8083333333333335 0.5785714285714285 0.0071428571428571435 0.04285714285714286
0 0.925 0.3357142857142857 0.011904761904761906 0.07142857142857142
0 0.8940476190476191 0.22857142857142856 0.011904761904761906 0.05714285714285714
0 0.04404761904761905 0.45 0.011904761904761906 0.07142857142857142
0 0.38928571428571435 0.6785714285714286 0.011904761904761906 0.04285714285714286
0 0.5714285714285715 0.9 0.004761904761904762 0.05714285714285714
0 0.8166666666666668 0.6928571428571428 0.014285714285714287 0.04285714285714286
0 0.255952380952381 0.2714285714285714 0.01666666666666667 0.05714285714285714
0 0.3583333333333334 0.18571428571428572 0.011904761904761906 0.05714285714285714
0 0.6095238095238096 0.07142857142857142 0.009523809523809525 0.05714285714285714
0 0.08333333333333334 0.20714285714285713 0.014285714285714287 0.04285714285714286
0 0.6761904761904762 0.7785714285714286 0.014285714285714287 0.07142857142857142
0 0.19404761904761905 0.5142857142857142 0.011904761904761906 0.05714285714285714
0 0.15714285714285717 0.4714285714285714 0.009523809523809525 0.05714285714285714
