0 0.7202380952380953 0.5214285714285715 0.026190476190476195 0.12857142857142856
0 0.5083333333333334 0.39999999999999997 0.01666666666666667 0.05714285714285714
0 0.02023809523809524 0.24285714285714285 0.01666666666666667 0.08571428571428572
0 0.07261904761904762 0.8785714285714286 0.01666666666666667 0.07142857142857142
0 0.2023809523809524 0.5357142857142857 0.01904761904761905 0.07142857142857142
0 0.31309523809523815 0.44285714285714284 0.01666666666666667 0.05714285714285714
0 0.3154761904761905 0.2357142857142857 0.011904761904761906 0.07142857142857142
0 0.3190476190476191 0.8785714285714286 0.01904761904761905 0.07142857142857142
0 0.36190476190476195 0.17857142857142858 0.009523809523809525 0.07142857142857142
0 0.3464285714285715 0.19999999999999998 0.011904761904761906 0.05714285714285714
0 0.4488095238095238 0.47857142857142854 0.01666666666666667 0.09999999999999999
0 0.5785714285714286 0.2571428571428571 0.014285714285714287 0.08571428571428572
0 0.7666666666666667 0.95 0.014285714285714287 0.07142857142857142
0 0.6880952380952382 0.3142857142857143 0.009523809523809525 0.08571428571428572
0 0.55 0.95 0.01904761904761905 0.07142857142857142
0 0.9488095238095239 0.7785714285714286 0.01666666666666667 0.07142857142857142
0 0.7988095238095239 0.19999999999999998 0.01666666666666667 0.08571428571428572
0 0.8357142857142857 0.6142857142857142 0.01904761904761905 0.08571428571428572
0 0.22619047619047622 0.29285714285714287 0.014285714285714287 0.15714285714285714
0 0.1011904761904762 0.7642857142857142 0.02142857142857143 0.07142857142857142
0 0.7214285714285715 0.3214285714285714 0.02380952380952381 0.09999999999999999
0 0.5880952380952381 0.12857142857142856 0.02380952380952381 0.05714285714285714
0 0.9000000000000001 0.5357142857142857 0.02380952380952381 0.07142857142857142
0 0.2630952380952381 0.7571428571428571 0.026190476190476195 0.08571428571428572
