0 0.5869047619047619 0.3 0.01666666666666667 0.11428571428571428
0 0.7964285714285715 0.2785714285714286 0.02142857142857143 0.07142857142857142
0 0.125 0.6571428571428571 0.01666666666666667 0.08571428571428572
0 0.14047619047619048 0.7642857142857142 0.014285714285714287 0.07142857142857142
0 0.048809523809523817 0.8428571428571429 0.02142857142857143 0.08571428571428572
0 0.08452380952380953 0.7142857142857143 0.01666666666666667 0.14285714285714285
0 0.05 0.4714285714285714 0.03333333333333334 0.05714285714285714
0 0.12261904761904763 0.04285714285714286 0.01666666666666667 0.08571428571428572
0 0.2654761904761905 0.34285714285714286 0.02142857142857143 0.05714285714285714
0 0.2630952380952381 0.7999999999999999 0.01666666666666667 0.11428571428571428
0 0.1416666666666667 0.25 0.02142857142857143 0.07142857142857142
0 0.21190476190476193 0.3 0.014285714285714287 0.05714285714285714
0 0.5297619047619048 0.20714285714285713 0.01666666666666667 0.09999999999999999
0 0.661904761904762 0.6 0.01904761904761905 0.08571428571428572
0 0.7738095238095238 0.17142857142857143 0.014285714285714287 0.08571428571428572
0 0.9226190476190477 0.5857142857142857 0.011904761904761906 0.05714285714285714
0 0.8095238095238096 0.5285714285714286 0.02380952380952381 0.08571428571428572
0 0.8833333333333334 0.6 0.01904761904761905 0.08571428571428572
0 0.6166666666666667 0.8357142857142857 0.02380952380952381 0.07142857142857142
0 0.09166666666666667 0.39285714285714285 0.02142857142857143 0.07142857142857142
0 0.30833333333333335 0.5714285714285714 0.04047619047619048 0.14285714285714285
0 0.7630952380952382 0.6714285714285714 0.030952380952380953 0.11428571428571428
