0 0.05238095238095239 0.09285714285714286 0.004761904761904762 0.04285714285714286
0 0.17500000000000002 0.75 0.011904761904761906 0.04285714285714286
0 0.14642857142857144 0.8928571428571428 0.0071428571428571435 0.07142857142857142
0 0.5547619047619048 0.36428571428571427 0.02380952380952381 0.09999999999999999
0 0.6071428571428572 0.6 0.014285714285714287 0.08571428571428572
0 0.8333333333333334 0.9357142857142857 0.014285714285714287 0.07142857142857142
0 0.7476190476190477 0.8357142857142857 0.009523809523809525 0.04285714285714286
0 0.4892857142857143 0.34285714285714286 0.011904761904761906 0.05714285714285714
0 0.49404761904761907 0.5785714285714285 0.011904761904761906 0.04285714285714286
0 0.33571428571428574 0.9142857142857143 0.009523809523809525 0.05714285714285714
0 0.6607142857142858 0.6571428571428571 0.011904761904761906 0.05714285714285714
0 0.775 0.5785714285714285 0.0071428571428571435 0.04285714285714286
0 0.29761904761904767 0.5 0.009523809523809525 0.05714285714285714
0 0.9059523809523811 0.7785714285714286 0.011904761904761906 0.04285714285714286
0 0.7964285714285715 0.4357142857142857 0.011904761904761906 0.04285714285714286
0 0.8357142857142857 0.45714285714285713 0.009523809523809525 0.05714285714285714
0 0.7976190476190477 0.6214285714285714 0.009523809523809525 0.07142857142857142
0 0.21904761904761907 0.09999999999999999 0.009523809523809525 0.08571428571428572
0 0.9773809523809525 0.3357142857142857 0.0071428571428571435 0.04285714285714286
0 0.9226190476190477 0.35714285714285715 0.0071428571428571435 0.05714285714285714
0 0.21904761904761907 0.9642857142857143 0.009523809523809525 0.04285714285714286
0 0.33452380952380956 0.7 0.0071428571428571435 0.05714285714285714
0 0.4416666666666667 0.6071428571428571 0.011904761904761906 0.07142857142857142
0 0.8357142857142857 0.2642857142857143 0.009523809523809525 0.04285714285714286
0 0.955952380952381 0.6142857142857142 0.011904761904761906 0.08571428571428572
0 0.9630952380952382 0.8571428571428571 0.0071428571428571435 0.05714285714285714
0 0.24285714285714288 0.5428571428571428 0.009523809523809525 0.05714285714285714
0 0.9285714285714286 0.18571428571428572 0.009523809523809525 0.05714285714285714
0 0.9642857142857144 0.24285714285714285 0.009523809523809525 0.05714285714285714
0 0.08690476190476192 0.45714285714285713 0.011904761904761906 0.08571428571428572
0 0.11309523809523811 0.2571428571428571 0.0071428571428571435 0.05714285714285714
