0 0.8464285714285715 0.9142857142857143 0.026190476190476195 0.14285714285714285
0 0.9773809523809525 0.2785714285714286 0.02142857142857143 0.12857142857142856
0 0.9845238095238096 0.14285714285714285 0.026190476190476195 0.11428571428571428
0 0.9547619047619048 0.5428571428571428 0.02380952380952381 0.11428571428571428
0 0.7440476190476191 0.2642857142857143 0.030952380952380953 0.18571428571428572
0 0.8202380952380953 0.15 0.02142857142857143 0.12857142857142856
0 0.775 0.5357142857142857 0.02142857142857143 0.15714285714285714
0 0.7833333333333334 0.6785714285714286 0.01904761904761905 0.09999999999999999
0 0.7952380952380953 0.7642857142857142 0.014285714285714287 0.07142857142857142
0 0.4714285714285715 0.7571428571428571 0.01904761904761905 0.11428571428571428
0 0.3321428571428572 0.18571428571428572 0.02142857142857143 0.11428571428571428
0 0.37619047619047624 0.06428571428571428 0.02380952380952381 0.12857142857142856
0 0.10595238095238096 0.8142857142857143 0.02142857142857143 0.14285714285714285
0 0.5273809523809524 0.06428571428571428 0.02142857142857143 0.12857142857142856
0 0.6880952380952382 0.34285714285714286 0.01904761904761905 0.11428571428571428
0 0.9440476190476191 0.3142857142857143 0.02142857142857143 0.19999999999999998
0 0.9297619047619049 0.45714285714285713 0.02142857142857143 0.11428571428571428
0 0.8321428571428572 0.5857142857142857 0.02142857142857143 0.11428571428571428
0 0.6916666666666668 0.8571428571428571 0.030952380952380953 0.14285714285714285
0 0.6476190476190476 0.34285714285714286 0.028571428571428574 0.19999999999999998
0 0.6821428571428572 0.5714285714285714 0.01666666666666667 0.11428571428571428
0 0.6238095238095238 0.5857142857142857 0.01904761904761905 0.11428571428571428
0 0.09047619047619049 0.2785714285714286 0.01904761904761905 0.09999999999999999
0 0.5380952380952382 0.6785714285714286 0.01904761904761905 0.12857142857142856
0 0.5226190476190476 0.4928571428571428 0.01666666666666667 0.09999999999999999
0 0.1904761904761905 0.3071428571428571 0.01904761904761905 0.09999999999999999
0 0.03333333333333334 0.07857142857142857 0.01904761904761905 0.09999999999999999
0 0.2904761904761905 0.85 0.028571428571428574 0.12857142857142856
