0 0.786904761904762 0.85 0.01666666666666667 0.09999999999999999
0 0.5095238095238096 0.4714285714285714 0.014285714285714287 0.14285714285714285
0 0.008333333333333335 0.32857142857142857 0.01666666666666667 0.11428571428571428
0 0.13214285714285715 0.5928571428571429 0.02142857142857143 0.12857142857142856
0 0.5821428571428572 0.9142857142857143 0.02142857142857143 0.14285714285714285
0 0.7428571428571429 0.7 0.014285714285714287 0.08571428571428572
0 0.45000000000000007 0.2642857142857143 0.02380952380952381 0.21428571428571427
0 0.5440476190476191 0.15714285714285714 0.02142857142857143 0.17142857142857143
0 0.6297619047619049 0.7785714285714286 0.011904761904761906 0.09999999999999999
0 0.6857142857142857 0.6571428571428571 0.01904761904761905 0.14285714285714285
0 0.5928571428571429 0.7 0.014285714285714287 0.11428571428571428
0 0.16071428571428573 0.04285714285714286 0.02142857142857143 0.08571428571428572
0 0.25238095238095243 0.02857142857142857 0.01904761904761905 0.05714285714285714
0 0.775 0.5571428571428572 0.011904761904761906 0.11428571428571428
