0 0.530952380952381 0.34285714285714286 0.01904761904761905 0.08571428571428572
0 0.7488095238095239 0.8214285714285714 0.03571428571428572 0.07142857142857142
0 0.0035714285714285718 0.8642857142857142 0.0071428571428571435 0.07142857142857142
0 0.004761904761904762 0.4714285714285714 0.009523809523809525 0.08571428571428572
0 0.29761904761904767 0.19999999999999998 0.014285714285714287 0.08571428571428572
0 0.2785714285714286 0.3 0.014285714285714287 0.11428571428571428
0 0.19761904761904764 0.6785714285714286 0.014285714285714287 0.12857142857142856
0 0.6535714285714286 0.5857142857142857 0.01666666666666667 0.08571428571428572
0 0.580952380952381 0.25 0.014285714285714287 0.07142857142857142
0 0.8261904761904763 0.9214285714285714 0.014285714285714287 0.07142857142857142
0 0.6523809523809524 0.9285714285714285 0.014285714285714287 0.05714285714285714
0 0.5321428571428571 0.7642857142857142 0.01666666666666667 0.04285714285714286
0 0.4202380952380953 0.22857142857142856 0.01666666666666667 0.08571428571428572
0 0.1642857142857143 0.7571428571428571 0.02380952380952381 0.05714285714285714
0 0.11666666666666668 0.6071428571428571 0.01904761904761905 0.07142857142857142
0 0.4833333333333334 0.7999999999999999 0.014285714285714287 0.08571428571428572
0 0.3285714285714286 0.7571428571428571 0.014285714285714287 0.05714285714285714
0 0.8904761904761905 0.8357142857142857 0.01904761904761905 0.07142857142857142
0 0.6595238095238096 0.2357142857142857 0.028571428571428574 0.09999999999999999
