0 0.967857142857143 0.9357142857142857 0.030952380952380953 0.09999999999999999
0 0.9059523809523811 0.12857142857142856 0.01666666666666667 0.14285714285714285
0 0.9464285714285715 0.049999999999999996 0.026190476190476195 0.09999999999999999
0 0.8750000000000001 0.42142857142857143 0.01666666666666667 0.12857142857142856
0 0.8678571428571429 0.5785714285714285 0.01666666666666667 0.09999999999999999
0 0.830952380952381 0.7142857142857143 0.01904761904761905 0.17142857142857143
0 0.8190476190476191 0.5499999999999999 0.02380952380952381 0.12857142857142856
0 0.7761904761904762 0.8785714285714286 0.028571428571428574 0.15714285714285714
0 0.7714285714285715 0.35 0.02380952380952381 0.12857142857142856
0 0.4678571428571429 0.6357142857142857 0.02142857142857143 0.09999999999999999
0 0.6226190476190476 0.8785714285714286 0.026190476190476195 0.18571428571428572
0 0.6547619047619048 0.8928571428571428 0.02380952380952381 0.18571428571428572
0 0.5166666666666667 0.8857142857142857 0.028571428571428574 0.14285714285714285
0 0.5357142857142858 0.3142857142857143 0.01904761904761905 0.17142857142857143
0 0.42380952380952386 0.2642857142857143 0.02380952380952381 0.12857142857142856
0 0.3928571428571429 0.5642857142857143 0.02380952380952381 0.15714285714285714
0 0.2035714285714286 0.40714285714285714 0.02142857142857143 0.09999999999999999
0 0.48571428571428577 0.5285714285714286 0.028571428571428574 0.11428571428571428
0 0.4976190476190477 0.17857142857142858 0.01904761904761905 0.12857142857142856
0 0.47500000000000003 0.7785714285714286 0.02142857142857143 0.09999999999999999
0 0.5750000000000001 0.9428571428571428 0.02142857142857143 0.08571428571428572
0 0.19761904761904764 0.6714285714285714 0.01904761904761905 0.08571428571428572
0 0.29642857142857143 0.8714285714285714 0.026190476190476195 0.17142857142857143
0 0.23571428571428574 0.75 0.01904761904761905 0.09999999999999999
0 0.3654761904761905 0.05714285714285714 0.02142857142857143 0.11428571428571428
0 0.06071428571428572 0.39999999999999997 0.01666666666666667 0.11428571428571428
0 0.15714285714285717 0.9142857142857143 0.02380952380952381 0.14285714285714285
0 0.12142857142857144 0.3071428571428571 0.0380952380952381 0.12857142857142856
0 0.7261904761904763 0.11428571428571428 0.028571428571428574 0.17142857142857143
