0 0.24404761904761907 0.8428571428571429 0.011904761904761906 0.08571428571428572
0 0.30000000000000004 0.2714285714285714 0.01904761904761905 0.11428571428571428
0 0.1273809523809524 0.9285714285714285 0.01666666666666667 0.05714285714285714
0 0.04166666666666667 0.22857142857142856 0.02142857142857143 0.11428571428571428
0 0.2702380952380953 0.6714285714285714 0.01666666666666667 0.08571428571428572
0 0.3154761904761905 0.35714285714285715 0.026190476190476195 0.08571428571428572
0 0.36309523809523814 0.1357142857142857 0.026190476190476195 0.09999999999999999
0 0.42261904761904767 0.39285714285714285 0.011904761904761906 0.09999999999999999
0 0.511904761904762 0.3857142857142857 0.014285714285714287 0.14285714285714285
0 0.4535714285714286 0.10714285714285714 0.01666666666666667 0.07142857142857142
0 0.38333333333333336 0.37142857142857144 0.01904761904761905 0.08571428571428572
0 0.3190476190476191 0.02142857142857143 0.01904761904761905 0.04285714285714286
0 0.3511904761904762 0.02142857142857143 0.01666666666666667 0.04285714285714286
0 0.5845238095238096 0.3071428571428571 0.02142857142857143 0.15714285714285714
0 0.6678571428571429 0.35 0.02142857142857143 0.12857142857142856
0 0.5321428571428571 0.6785714285714286 0.01666666666666667 0.12857142857142856
0 0.8083333333333335 0.6357142857142857 0.02142857142857143 0.09999999999999999
0 0.8345238095238096 0.8142857142857143 0.01666666666666667 0.11428571428571428
0 0.7000000000000001 0.7642857142857142 0.01904761904761905 0.07142857142857142
0 0.530952380952381 0.5285714285714286 0.014285714285714287 0.05714285714285714
0 0.7845238095238096 0.6428571428571428 0.01666666666666667 0.08571428571428572
0 0.5785714285714286 0.6571428571428571 0.02380952380952381 0.08571428571428572
0 0.8380952380952382 0.36428571428571427 0.014285714285714287 0.07142857142857142
0 0.7976190476190477 0.22857142857142856 0.014285714285714287 0.14285714285714285
0 0.8928571428571429 0.39285714285714285 0.01904761904761905 0.07142857142857142
