0 0.1511904761904762 0.6785714285714286 0.02142857142857143 0.09999999999999999
0 0.5845238095238096 0.6642857142857143 0.01666666666666667 0.09999999999999999
0 0.2690476190476191 0.9214285714285714 0.01904761904761905 0.07142857142857142
0 0.23095238095238096 0.6071428571428571 0.01904761904761905 0.07142857142857142
0 0.06904761904761905 0.5357142857142857 0.02380952380952381 0.07142857142857142
0 0.002380952380952381 0.18571428571428572 0.004761904761904762 0.08571428571428572
0 0.34761904761904766 0.37857142857142856 0.02380952380952381 0.07142857142857142
0 0.6607142857142858 0.5857142857142857 0.026190476190476195 0.05714285714285714
0 0.5797619047619048 0.25 0.011904761904761906 0.07142857142857142
0 0.3404761904761905 0.07857142857142857 0.014285714285714287 0.07142857142857142
0 0.8083333333333335 0.5785714285714285 0.01666666666666667 0.09999999999999999
0 0.525 0.08571428571428572 0.02142857142857143 0.05714285714285714
0 0.17142857142857143 0.4357142857142857 0.009523809523809525 0.07142857142857142
0 0.305952380952381 0.37857142857142856 0.01666666666666667 0.09999999999999999
0 0.43928571428571433 0.09999999999999999 0.01666666666666667 0.11428571428571428
0 0.6583333333333334 0.8285714285714285 0.01666666666666667 0.08571428571428572
