0 0.6511904761904762 0.3357142857142857 0.030952380952380953 0.12857142857142856
0 0.5071428571428572 0.36428571428571427 0.01904761904761905 0.07142857142857142
0 0.28571428571428575 0.7428571428571429 0.02380952380952381 0.2857142857142857
0 0.28690476190476194 0.5499999999999999 0.01666666666666667 0.07142857142857142
0 0.19642857142857145 0.02142857142857143 0.011904761904761906 0.04285714285714286
0 0.2273809523809524 0.15 0.011904761904761906 0.07142857142857142
0 0.009523809523809525 0.3357142857142857 0.014285714285714287 0.15714285714285714
0 0.10833333333333334 0.6642857142857143 0.026190476190476195 0.04285714285714286
0 0.12619047619047621 0.5857142857142857 0.014285714285714287 0.08571428571428572
0 0.3404761904761905 0.37142857142857144 0.02380952380952381 0.08571428571428572
0 0.2285714285714286 0.35714285714285715 0.01904761904761905 0.11428571428571428
0 0.21666666666666667 0.5857142857142857 0.014285714285714287 0.08571428571428572
0 0.4428571428571429 0.5357142857142857 0.014285714285714287 0.07142857142857142
0 0.636904761904762 0.8285714285714285 0.01666666666666667 0.08571428571428572
0 0.5797619047619048 0.25 0.011904761904761906 0.07142857142857142
0 0.8285714285714286 0.8785714285714286 0.01904761904761905 0.09999999999999999
0 0.24404761904761907 0.7214285714285714 0.011904761904761906 0.07142857142857142
0 0.22261904761904763 0.7 0.02142857142857143 0.05714285714285714
0 0.6821428571428572 0.2357142857142857 0.01666666666666667 0.12857142857142856
0 0.7928571428571429 0.5714285714285714 0.02380952380952381 0.11428571428571428
0 0.7904761904761906 0.8285714285714285 0.02380952380952381 0.05714285714285714
0 0.9404761904761906 0.6428571428571428 0.01904761904761905 0.08571428571428572
0 0.9059523809523811 0.3214285714285714 0.01666666666666667 0.12857142857142856
0 0.580952380952381 0.09285714285714286 0.028571428571428574 0.07142857142857142
