0 0.9511904761904763 0.7428571428571429 0.026190476190476195 0.17142857142857143
0 0.29880952380952386 0.8714285714285714 0.01666666666666667 0.05714285714285714
0 0.3035714285714286 0.6642857142857143 0.011904761904761906 0.07142857142857142
0 0.20595238095238097 0.08571428571428572 0.01666666666666667 0.08571428571428572
0 0.2273809523809524 0.6857142857142857 0.02142857142857143 0.05714285714285714
0 0.4916666666666667 0.8071428571428572 0.02142857142857143 0.07142857142857142
0 0.5845238095238096 0.7 0.01666666666666667 0.08571428571428572
0 0.5785714285714286 0.2571428571428571 0.014285714285714287 0.08571428571428572
0 0.6702380952380953 0.21428571428571427 0.01666666666666667 0.05714285714285714
0 0.10476190476190478 0.47857142857142854 0.01904761904761905 0.09999999999999999
0 0.7988095238095239 0.29285714285714287 0.011904761904761906 0.09999999999999999
0 0.4976190476190477 0.36428571428571427 0.01904761904761905 0.07142857142857142
0 0.967857142857143 0.9285714285714285 0.02142857142857143 0.05714285714285714
0 0.3404761904761905 0.14285714285714285 0.014285714285714287 0.08571428571428572
0 0.009523809523809525 0.32857142857142857 0.01904761904761905 0.08571428571428572
0 0.11190476190476191 0.09999999999999999 0.014285714285714287 0.08571428571428572
0 0.9500000000000001 0.24285714285714285 0.014285714285714287 0.11428571428571428
