0 0.3940476190476191 0.05714285714285714 0.026190476190476195 0.11428571428571428
0 0.5750000000000001 0.5857142857142857 0.030952380952380953 0.19999999999999998
0 0.19285714285714287 0.22857142857142856 0.01904761904761905 0.11428571428571428
0 0.0380952380952381 0.12142857142857143 0.01904761904761905 0.18571428571428572
0 0.1630952380952381 0.5499999999999999 0.030952380952380953 0.15714285714285714
0 0.6345238095238096 0.8142857142857143 0.02142857142857143 0.14285714285714285
0 0.6547619047619048 0.9428571428571428 0.01904761904761905 0.08571428571428572
0 0.6773809523809524 0.37142857142857144 0.02142857142857143 0.08571428571428572
0 0.8535714285714286 0.3214285714285714 0.045238095238095244 0.24285714285714285
0 0.09047619047619049 0.4714285714285714 0.02380952380952381 0.17142857142857143
