0 0.0642857142857143 0.14285714285714285 0.009523809523809525 0.05714285714285714
0 0.08333333333333334 0.22857142857142856 0.009523809523809525 0.05714285714285714
0 0.06904761904761905 0.5214285714285715 0.009523809523809525 0.04285714285714286
0 0.0642857142857143 0.6214285714285714 0.009523809523809525 0.014285714285714285
0 0.0380952380952381 0.8357142857142857 0.014285714285714287 0.04285714285714286
1 0.15000000000000002 0.8142857142857143 0.06666666666666668 0.3142857142857143
1 0.20714285714285716 0.7714285714285714 0.0380952380952381 0.3142857142857143
0 0.23571428571428574 0.9142857142857143 0.009523809523809525 0.05714285714285714
0 0.2690476190476191 0.8928571428571428 0.01904761904761905 0.07142857142857142
0 0.24285714285714288 0.7071428571428571 0.014285714285714287 0.07142857142857142
0 0.24761904761904763 0.8357142857142857 0.009523809523809525 0.04285714285714286
0 0.2833333333333334 0.2857142857142857 0.014285714285714287 0.05714285714285714
0 0.23690476190476192 0.5499999999999999 0.01666666666666667 0.04285714285714286
0 0.65 0.8071428571428572 0.009523809523809525 0.07142857142857142
0 0.8154761904761906 0.39285714285714285 0.011904761904761906 0.04285714285714286
0 0.9690476190476192 0.8357142857142857 0.009523809523809525 0.09999999999999999
0 0.6440476190476191 0.18571428571428572 0.01666666666666667 0.05714285714285714
0 0.755952380952381 0.46428571428571425 0.01666666666666667 0.04285714285714286
0 0.4964285714285715 0.25 0.0071428571428571435 0.07142857142857142
0 0.5130952380952382 0.2642857142857143 0.002380952380952381 0.04285714285714286
0 0.5904761904761905 0.8214285714285714 0.014285714285714287 0.04285714285714286
0 0.5964285714285715 0.6785714285714286 0.0071428571428571435 0.04285714285714286
0 0.5285714285714286 0.6285714285714286 0.009523809523809525 0.05714285714285714
0 0.5107142857142858 0.8714285714285714 0.0071428571428571435 0.05714285714285714
0 0.49880952380952387 0.6 0.011904761904761906 0.05714285714285714
0 0.21904761904761907 0.34285714285714286 0.009523809523809525 0.05714285714285714
0 0.1511904761904762 0.45 0.011904761904761906 0.04285714285714286
