0 0.011904761904761906 0.5499999999999999 0.01904761904761905 0.09999999999999999
0 0.1761904761904762 0.04285714285714286 0.014285714285714287 0.08571428571428572
0 0.7107142857142857 0.8214285714285714 0.05 0.09999999999999999
0 0.7166666666666668 0.5928571428571429 0.014285714285714287 0.07142857142857142
0 0.8726190476190477 0.8571428571428571 0.011904761904761906 0.11428571428571428
0 0.37142857142857144 0.19999999999999998 0.014285714285714287 0.05714285714285714
0 0.29642857142857143 0.6571428571428571 0.02142857142857143 0.08571428571428572
0 0.2035714285714286 0.7999999999999999 0.011904761904761906 0.08571428571428572
0 0.045238095238095244 0.8642857142857142 0.014285714285714287 0.09999999999999999
0 0.6416666666666667 0.6428571428571428 0.01666666666666667 0.08571428571428572
0 0.8773809523809525 0.6571428571428571 0.03571428571428572 0.08571428571428572
0 0.605952380952381 0.5642857142857143 0.02142857142857143 0.12857142857142856
0 0.5690476190476191 0.6285714285714286 0.014285714285714287 0.08571428571428572
0 0.611904761904762 0.18571428571428572 0.01904761904761905 0.11428571428571428
0 0.06785714285714287 0.6714285714285714 0.02142857142857143 0.14285714285714285
0 0.12380952380952381 0.39999999999999997 0.01904761904761905 0.05714285714285714
0 0.0071428571428571435 0.9 0.014285714285714287 0.14285714285714285
0 0.4142857142857143 0.8428571428571429 0.01904761904761905 0.05714285714285714
0 0.48690476190476195 0.5642857142857143 0.02142857142857143 0.07142857142857142
0 0.6273809523809525 0.8785714285714286 0.011904761904761906 0.07142857142857142
0 0.5821428571428572 0.9357142857142857 0.02142857142857143 0.07142857142857142
0 0.9238095238095239 0.8285714285714285 0.01904761904761905 0.05714285714285714
0 0.9178571428571429 0.7214285714285714 0.02142857142857143 0.07142857142857142
0 0.992857142857143 0.7285714285714285 0.009523809523809525 0.08571428571428572
0 0.41190476190476194 0.20714285714285713 0.02380952380952381 0.07142857142857142
0 0.2511904761904762 0.6428571428571428 0.02142857142857143 0.05714285714285714
0 0.8797619047619049 0.4357142857142857 0.04047619047619048 0.09999999999999999
0 0.7916666666666667 0.36428571428571427 0.01666666666666667 0.07142857142857142
0 0.9285714285714286 0.3071428571428571 0.028571428571428574 0.07142857142857142
0 0.680952380952381 0.4714285714285714 0.01904761904761905 0.11428571428571428
0 0.5797619047619048 0.25 0.011904761904761906 0.04285714285714286
0 0.008333333333333335 0.22142857142857142 0.01666666666666667 0.09999999999999999
0 0.6190476190476191 0.6714285714285714 0.01904761904761905 0.08571428571428572
0 0.7500000000000001 0.22142857142857142 0.03333333333333334 0.09999999999999999
0 0.8107142857142858 0.4928571428571428 0.026190476190476195 0.07142857142857142
