0 0.07142857142857144 0.65 0.04285714285714286 0.21428571428571427
0 0.13095238095238096 0.8428571428571429 0.028571428571428574 0.14285714285714285
0 0.12380952380952381 0.6071428571428571 0.03333333333333334 0.3
0 0.14642857142857144 0.22857142857142856 0.04047619047619048 0.17142857142857143
0 0.2273809523809524 0.47857142857142854 0.03571428571428572 0.21428571428571427
0 0.19761904761904764 0.3071428571428571 0.01904761904761905 0.12857142857142856
0 0.2654761904761905 0.12142857142857143 0.026190476190476195 0.12857142857142856
0 0.20476190476190478 0.09285714285714286 0.02380952380952381 0.12857142857142856
0 0.3285714285714286 0.14285714285714285 0.028571428571428574 0.19999999999999998
0 0.4023809523809524 0.7357142857142857 0.028571428571428574 0.18571428571428572
0 0.5 0.07857142857142857 0.03333333333333334 0.15714285714285714
0 0.5273809523809524 0.34285714285714286 0.026190476190476195 0.14285714285714285
0 0.5607142857142857 0.44285714285714284 0.01666666666666667 0.22857142857142856
0 0.6916666666666668 0.8857142857142857 0.01666666666666667 0.14285714285714285
0 0.6702380952380953 0.95 0.026190476190476195 0.07142857142857142
0 0.6261904761904763 0.95 0.014285714285714287 0.07142857142857142
0 0.9380952380952382 0.8571428571428571 0.03333333333333334 0.14285714285714285
0 0.817857142857143 0.9428571428571428 0.03571428571428572 0.08571428571428572
0 0.8107142857142858 0.6142857142857142 0.026190476190476195 0.2571428571428571
0 0.830952380952381 0.07857142857142857 0.04761904761904762 0.15714285714285714
0 0.8916666666666667 0.29285714285714287 0.02142857142857143 0.15714285714285714
0 0.9095238095238096 0.19285714285714284 0.01904761904761905 0.15714285714285714
0 0.6630952380952382 0.35 0.026190476190476195 0.12857142857142856
0 0.6892857142857144 0.6357142857142857 0.02142857142857143 0.21428571428571427
