0 0.611904761904762 0.7428571428571429 0.03333333333333334 0.08571428571428572
0 0.8690476190476192 0.75 0.02380952380952381 0.09999999999999999
0 0.986904761904762 0.2642857142857143 0.02142857142857143 0.18571428571428572
0 0.24642857142857144 0.15714285714285714 0.01666666666666667 0.08571428571428572
0 0.028571428571428574 0.03571428571428571 0.01904761904761905 0.07142857142857142
0 0.08333333333333334 0.5642857142857143 0.01904761904761905 0.07142857142857142
0 0.02023809523809524 0.3214285714285714 0.011904761904761906 0.09999999999999999
0 0.255952380952381 0.9571428571428571 0.01666666666666667 0.05714285714285714
0 0.33690476190476193 0.17142857142857143 0.01666666666666667 0.08571428571428572
0 0.5607142857142857 0.5714285714285714 0.01666666666666667 0.05714285714285714
0 0.6214285714285714 0.9142857142857143 0.014285714285714287 0.08571428571428572
0 0.8392857142857144 0.9571428571428571 0.026190476190476195 0.05714285714285714
0 0.5797619047619048 0.25 0.011904761904761906 0.09999999999999999
0 0.7333333333333334 0.19285714285714284 0.014285714285714287 0.09999999999999999
0 0.9202380952380953 0.3357142857142857 0.011904761904761906 0.09999999999999999
0 0.9476190476190477 0.5928571428571429 0.028571428571428574 0.09999999999999999
0 0.8785714285714287 0.3142857142857143 0.028571428571428574 0.11428571428571428
0 0.9440476190476191 0.2571428571428571 0.01666666666666667 0.08571428571428572
0 0.8690476190476192 0.03571428571428571 0.03333333333333334 0.07142857142857142
0 0.8369047619047619 0.8714285714285714 0.030952380952380953 0.08571428571428572
0 0.8071428571428572 0.3214285714285714 0.02380952380952381 0.12857142857142856
0 0.1642857142857143 0.7428571428571429 0.01904761904761905 0.11428571428571428
