0 0.6654761904761906 0.7642857142857142 0.011904761904761906 0.07142857142857142
0 0.7154761904761905 0.39999999999999997 0.01666666666666667 0.05714285714285714
0 0.7404761904761905 0.37142857142857144 0.014285714285714287 0.05714285714285714
0 0.2142857142857143 0.15 0.009523809523809525 0.09999999999999999
0 0.07500000000000001 0.95 0.011904761904761906 0.07142857142857142
0 0.013095238095238097 0.15714285714285714 0.011904761904761906 0.08571428571428572
0 0.2678571428571429 0.65 0.011904761904761906 0.07142857142857142
0 0.3166666666666667 0.21428571428571427 0.009523809523809525 0.08571428571428572
0 0.830952380952381 0.2857142857142857 0.014285714285714287 0.08571428571428572
0 0.7952380952380953 0.16428571428571428 0.014285714285714287 0.07142857142857142
0 0.6047619047619048 0.5285714285714286 0.01904761904761905 0.14285714285714285
0 0.3666666666666667 0.7857142857142857 0.009523809523809525 0.08571428571428572
0 0.048809523809523817 0.6571428571428571 0.02142857142857143 0.11428571428571428
0 0.011904761904761906 0.6642857142857143 0.02380952380952381 0.07142857142857142
0 0.32023809523809527 0.75 0.01666666666666667 0.07142857142857142
0 0.4130952380952381 0.6857142857142857 0.02142857142857143 0.08571428571428572
0 0.7523809523809525 0.14285714285714285 0.01904761904761905 0.05714285714285714
0 0.39047619047619053 0.42857142857142855 0.01904761904761905 0.11428571428571428
0 0.4071428571428572 0.19285714285714284 0.014285714285714287 0.12857142857142856
0 0.22380952380952382 0.45 0.01904761904761905 0.07142857142857142
0 0.26071428571428573 0.37857142857142856 0.01666666666666667 0.07142857142857142
