0 0.9011904761904763 0.049999999999999996 0.01666666666666667 0.09999999999999999
0 0.830952380952381 0.5214285714285715 0.01904761904761905 0.18571428571428572
0 0.636904761904762 0.6214285714285714 0.01666666666666667 0.12857142857142856
0 0.5833333333333334 0.4928571428571428 0.01904761904761905 0.18571428571428572
0 0.10238095238095239 0.5071428571428571 0.01904761904761905 0.12857142857142856
0 0.24523809523809526 0.35 0.02380952380952381 0.15714285714285714
0 0.4714285714285715 0.5214285714285715 0.02380952380952381 0.18571428571428572
0 0.961904761904762 0.29285714285714287 0.01904761904761905 0.15714285714285714
0 0.5261904761904762 0.2857142857142857 0.01904761904761905 0.14285714285714285
0 0.7583333333333334 0.1357142857142857 0.02142857142857143 0.21428571428571427
