0 0.9261904761904762 0.02857142857142857 0.009523809523809525 0.05714285714285714
0 0.955952380952381 0.5 0.01666666666666667 0.05714285714285714
0 0.8654761904761905 0.6 0.011904761904761906 0.05714285714285714
0 0.1773809523809524 0.39285714285714285 0.011904761904761906 0.04285714285714286
0 0.5619047619047619 0.09285714285714286 0.009523809523809525 0.09999999999999999
0 0.6202380952380953 0.7571428571428571 0.011904761904761906 0.05714285714285714
0 0.5988095238095239 0.75 0.0071428571428571435 0.09999999999999999
0 0.7107142857142857 0.5499999999999999 0.011904761904761906 0.04285714285714286
0 0.27142857142857146 0.7928571428571428 0.009523809523809525 0.12857142857142856
0 0.32261904761904764 0.6571428571428571 0.0071428571428571435 0.05714285714285714
0 0.45000000000000007 0.8428571428571429 0.009523809523809525 0.05714285714285714
0 0.24523809523809526 0.4928571428571428 0.009523809523809525 0.04285714285714286
0 0.24761904761904763 0.42142857142857143 0.009523809523809525 0.04285714285714286
0 0.2035714285714286 0.21428571428571427 0.011904761904761906 0.05714285714285714
0 0.6964285714285715 0.6428571428571428 0.0071428571428571435 0.05714285714285714
0 0.7726190476190476 0.7999999999999999 0.011904761904761906 0.05714285714285714
0 0.911904761904762 0.4928571428571428 0.004761904761904762 0.07142857142857142
