0 0.7154761904761905 0.4857142857142857 0.03571428571428572 0.17142857142857143
0 0.6797619047619048 0.5571428571428572 0.01666666666666667 0.11428571428571428
0 0.8821428571428572 0.6785714285714286 0.030952380952380953 0.18571428571428572
0 0.8083333333333335 0.6571428571428571 0.02142857142857143 0.14285714285714285
0 0.37142857142857144 0.8785714285714286 0.028571428571428574 0.18571428571428572
0 0.8952380952380953 0.35714285714285715 0.03333333333333334 0.2571428571428571
0 0.8190476190476191 0.34285714285714286 0.01904761904761905 0.17142857142857143
0 0.8750000000000001 0.08571428571428572 0.030952380952380953 0.17142857142857143
0 0.9261904761904762 0.08571428571428572 0.04761904761904762 0.14285714285714285
0 0.3119047619047619 0.5428571428571428 0.03333333333333334 0.14285714285714285
