0 0.6071428571428572 0.8142857142857143 0.02380952380952381 0.19999999999999998
0 0.6083333333333334 0.6 0.04047619047619048 0.14285714285714285
0 0.6738095238095239 0.7571428571428571 0.0380952380952381 0.19999999999999998
0 0.5142857142857143 0.4357142857142857 0.03333333333333334 0.15714285714285714
0 0.7964285714285715 0.36428571428571427 0.030952380952380953 0.15714285714285714
0 0.6190476190476191 0.17142857142857143 0.02380952380952381 0.14285714285714285
0 0.6595238095238096 0.5214285714285715 0.028571428571428574 0.12857142857142856
0 0.06190476190476191 0.4857142857142857 0.01904761904761905 0.14285714285714285
0 0.44761904761904764 0.3 0.014285714285714287 0.11428571428571428
0 0.886904761904762 0.45714285714285713 0.026190476190476195 0.17142857142857143
