0 0.3523809523809524 0.6928571428571428 0.014285714285714287 0.07142857142857142
0 0.44523809523809527 0.1357142857142857 0.014285714285714287 0.07142857142857142
0 0.011904761904761906 0.8571428571428571 0.02380952380952381 0.05714285714285714
0 0.06785714285714287 0.37857142857142856 0.02142857142857143 0.07142857142857142
0 0.1285714285714286 0.06428571428571428 0.01904761904761905 0.07142857142857142
0 0.325 0.40714285714285714 0.02142857142857143 0.07142857142857142
0 0.31309523809523815 0.10714285714285714 0.02142857142857143 0.09999999999999999
0 0.3535714285714286 0.9071428571428571 0.01666666666666667 0.07142857142857142
0 0.525 0.6642857142857143 0.01666666666666667 0.09999999999999999
0 0.19642857142857145 0.7571428571428571 0.01666666666666667 0.08571428571428572
0 0.55 0.35714285714285715 0.01904761904761905 0.08571428571428572
0 0.5404761904761906 0.7785714285714286 0.01904761904761905 0.07142857142857142
0 0.6214285714285714 0.4928571428571428 0.014285714285714287 0.07142857142857142
0 0.580952380952381 0.25 0.014285714285714287 0.07142857142857142
0 0.7726190476190476 0.5214285714285715 0.01666666666666667 0.07142857142857142
0 0.811904761904762 0.8357142857142857 0.014285714285714287 0.07142857142857142
0 0.9095238095238096 0.75 0.01904761904761905 0.07142857142857142
0 0.9261904761904762 0.3857142857142857 0.014285714285714287 0.08571428571428572
0 0.9773809523809525 0.6 0.011904761904761906 0.08571428571428572
0 0.9607142857142859 0.6 0.011904761904761906 0.08571428571428572
0 0.1416666666666667 0.7857142857142857 0.011904761904761906 0.11428571428571428
0 0.0071428571428571435 0.35 0.014285714285714287 0.09999999999999999
0 0.10357142857142858 0.07142857142857142 0.02142857142857143 0.05714285714285714
0 0.5071428571428572 0.7571428571428571 0.01904761904761905 0.05714285714285714
0 0.29642857142857143 0.3357142857142857 0.01666666666666667 0.12857142857142856
