0 0.6190476190476191 0.8928571428571428 0.028571428571428574 0.18571428571428572
0 0.6440476190476191 0.5642857142857143 0.030952380952380953 0.21428571428571427
0 0.6702380952380953 0.34285714285714286 0.026190476190476195 0.14285714285714285
0 0.6880952380952382 0.07857142857142857 0.02380952380952381 0.12857142857142856
0 0.6238095238095238 0.049999999999999996 0.02380952380952381 0.09999999999999999
0 0.5321428571428571 0.7714285714285714 0.02142857142857143 0.17142857142857143
0 0.22261904761904763 0.41428571428571426 0.026190476190476195 0.11428571428571428
0 0.3154761904761905 0.7642857142857142 0.01666666666666667 0.12857142857142856
0 0.7261904761904763 0.41428571428571426 0.02380952380952381 0.14285714285714285
0 0.7285714285714286 0.5499999999999999 0.01904761904761905 0.09999999999999999
0 0.7345238095238096 0.22857142857142856 0.01666666666666667 0.11428571428571428
0 0.786904761904762 0.21428571428571427 0.02142857142857143 0.14285714285714285
0 0.5214285714285715 0.36428571428571427 0.02380952380952381 0.09999999999999999
0 0.25833333333333336 0.3071428571428571 0.02142857142857143 0.09999999999999999
0 0.2761904761904762 0.2357142857142857 0.014285714285714287 0.07142857142857142
0 0.36190476190476195 0.6357142857142857 0.014285714285714287 0.09999999999999999
0 0.3880952380952381 0.5357142857142857 0.01904761904761905 0.09999999999999999
0 0.405952380952381 0.4357142857142857 0.01666666666666667 0.09999999999999999
0 0.38452380952380955 0.39999999999999997 0.01666666666666667 0.08571428571428572
0 0.967857142857143 0.37857142857142856 0.01666666666666667 0.09999999999999999
0 0.5583333333333333 0.7214285714285714 0.026190476190476195 0.15714285714285714
0 0.9821428571428572 0.6357142857142857 0.02142857142857143 0.12857142857142856
0 0.9607142857142859 0.5785714285714285 0.02142857142857143 0.12857142857142856
0 0.10952380952380954 0.9071428571428571 0.02380952380952381 0.12857142857142856
0 0.505952380952381 0.6142857142857142 0.01666666666666667 0.11428571428571428
0 0.8916666666666667 0.6214285714285714 0.02142857142857143 0.12857142857142856
0 0.5083333333333334 0.7285714285714285 0.01666666666666667 0.08571428571428572
0 0.24285714285714288 0.17142857142857143 0.028571428571428574 0.11428571428571428
