0 0.9035714285714287 0.4928571428571428 0.01666666666666667 0.09999999999999999
0 0.45238095238095244 0.6928571428571428 0.02380952380952381 0.12857142857142856
1 0.4 0.45 0.04285714285714286 0.35714285714285715
0 0.03214285714285715 0.5785714285714285 0.02142857142857143 0.07142857142857142
0 0.14404761904761906 0.3071428571428571 0.02142857142857143 0.07142857142857142
0 0.16904761904761906 0.8714285714285714 0.014285714285714287 0.08571428571428572
0 0.25833333333333336 0.39999999999999997 0.01666666666666667 0.08571428571428572
0 0.35714285714285715 0.24285714285714285 0.01904761904761905 0.08571428571428572
0 0.30000000000000004 0.42857142857142855 0.014285714285714287 0.05714285714285714
0 0.4821428571428572 0.42857142857142855 0.02142857142857143 0.11428571428571428
0 0.5785714285714286 0.25 0.01904761904761905 0.07142857142857142
0 0.41071428571428575 0.8285714285714285 0.02142857142857143 0.08571428571428572
0 0.7154761904761905 0.45714285714285713 0.026190476190476195 0.11428571428571428
0 0.7583333333333334 0.37142857142857144 0.01666666666666667 0.08571428571428572
0 0.7166666666666668 0.3071428571428571 0.01904761904761905 0.07142857142857142
0 0.8488095238095239 0.15714285714285714 0.026190476190476195 0.05714285714285714
0 0.9297619047619049 0.8428571428571429 0.02142857142857143 0.08571428571428572
0 0.9214285714285715 0.1357142857142857 0.01904761904761905 0.12857142857142856
0 0.505952380952381 0.9214285714285714 0.02142857142857143 0.07142857142857142
