0 0.11309523809523811 0.15714285714285714 0.026190476190476195 0.08571428571428572
0 0.010714285714285714 0.35 0.02142857142857143 0.18571428571428572
0 0.22142857142857145 0.21428571428571427 0.014285714285714287 0.11428571428571428
0 0.525 0.5357142857142857 0.030952380952380953 0.09999999999999999
0 0.6095238095238096 0.9571428571428571 0.028571428571428574 0.05714285714285714
0 0.6892857142857144 0.8357142857142857 0.026190476190476195 0.07142857142857142
0 0.7404761904761905 0.6571428571428571 0.028571428571428574 0.14285714285714285
0 0.7785714285714287 0.9142857142857143 0.02380952380952381 0.14285714285714285
0 0.8226190476190477 0.42857142857142855 0.02142857142857143 0.14285714285714285
0 0.880952380952381 0.39999999999999997 0.028571428571428574 0.14285714285714285
0 0.9690476190476192 0.7214285714285714 0.028571428571428574 0.12857142857142856
0 0.992857142857143 0.47857142857142854 0.009523809523809525 0.18571428571428572
0 0.37380952380952387 0.5499999999999999 0.01904761904761905 0.04285714285714286
0 0.33333333333333337 0.9428571428571428 0.02380952380952381 0.08571428571428572
