0 0.25238095238095243 0.12857142857142856 0.014285714285714287 0.08571428571428572
0 0.2404761904761905 0.7571428571428571 0.014285714285714287 0.11428571428571428
0 0.1 0.4857142857142857 0.01904761904761905 0.11428571428571428
0 0.21904761904761907 0.19999999999999998 0.02380952380952381 0.08571428571428572
0 0.07500000000000001 0.35 0.01666666666666667 0.07142857142857142
0 0.4785714285714286 0.19999999999999998 0.01904761904761905 0.08571428571428572
0 0.4833333333333334 0.32857142857142857 0.01904761904761905 0.05714285714285714
0 0.5750000000000001 0.45714285714285713 0.030952380952380953 0.08571428571428572
0 0.6190476190476191 0.7785714285714286 0.01904761904761905 0.07142857142857142
0 0.9523809523809524 0.6285714285714286 0.009523809523809525 0.05714285714285714
0 0.8464285714285715 0.19285714285714284 0.02142857142857143 0.07142857142857142
0 0.9333333333333335 0.3214285714285714 0.01904761904761905 0.09999999999999999
0 0.7761904761904762 0.8071428571428572 0.01904761904761905 0.07142857142857142
0 0.7428571428571429 0.8285714285714285 0.01904761904761905 0.11428571428571428
0 0.4142857142857143 0.21428571428571427 0.014285714285714287 0.11428571428571428
0 0.5880952380952381 0.7 0.028571428571428574 0.11428571428571428
0 0.5797619047619048 0.25 0.01666666666666667 0.09999999999999999
0 0.7154761904761905 0.7785714285714286 0.011904761904761906 0.07142857142857142
