0 0.1619047619047619 0.7571428571428571 0.02380952380952381 0.17142857142857143
0 0.10833333333333334 0.19285714285714284 0.02142857142857143 0.12857142857142856
0 0.06785714285714287 0.41428571428571426 0.02142857142857143 0.05714285714285714
0 0.06785714285714287 0.7071428571428571 0.01666666666666667 0.09999999999999999
0 0.12023809523809526 0.36428571428571427 0.01666666666666667 0.07142857142857142
0 0.17142857142857143 0.41428571428571426 0.014285714285714287 0.08571428571428572
0 0.14047619047619048 0.7071428571428571 0.014285714285714287 0.07142857142857142
0 0.32142857142857145 0.5071428571428571 0.014285714285714287 0.04285714285714286
0 0.30119047619047623 0.3071428571428571 0.011904761904761906 0.07142857142857142
0 0.27976190476190477 0.19999999999999998 0.02142857142857143 0.08571428571428572
0 0.48571428571428577 0.8357142857142857 0.01904761904761905 0.07142857142857142
0 0.29880952380952386 0.6214285714285714 0.02142857142857143 0.07142857142857142
0 0.4357142857142858 0.02857142857142857 0.014285714285714287 0.05714285714285714
0 0.3940476190476191 0.21428571428571427 0.02142857142857143 0.05714285714285714
0 0.5190476190476191 0.15 0.01904761904761905 0.07142857142857142
0 0.6226190476190476 0.2642857142857143 0.01666666666666667 0.07142857142857142
0 0.5797619047619048 0.2357142857142857 0.01666666666666667 0.09999999999999999
0 0.9630952380952382 0.6571428571428571 0.02142857142857143 0.08571428571428572
0 0.8642857142857143 0.5285714285714286 0.01904761904761905 0.08571428571428572
0 0.6023809523809525 0.5857142857142857 0.028571428571428574 0.08571428571428572
0 0.7202380952380953 0.95 0.02142857142857143 0.07142857142857142
0 0.886904761904762 0.8928571428571428 0.026190476190476195 0.07142857142857142
0 0.7761904761904762 0.6714285714285714 0.02380952380952381 0.05714285714285714
