0 0.08095238095238096 0.75 0.01904761904761905 0.15714285714285714
0 0.8321428571428572 0.7642857142857142 0.01666666666666667 0.07142857142857142
0 0.18452380952380953 0.7642857142857142 0.01666666666666667 0.07142857142857142
1 0.010714285714285714 0.3142857142857143 0.02142857142857143 0.39999999999999997
0 0.3523809523809524 0.65 0.01904761904761905 0.07142857142857142
0 0.26071428571428573 0.4714285714285714 0.01666666666666667 0.05714285714285714
0 0.22261904761904763 0.35 0.01666666666666667 0.07142857142857142
0 0.511904761904762 0.6571428571428571 0.01904761904761905 0.11428571428571428
0 0.5285714285714286 0.12857142857142856 0.01904761904761905 0.08571428571428572
0 0.7916666666666667 0.6142857142857142 0.026190476190476195 0.11428571428571428
0 0.7511904761904763 0.9428571428571428 0.01666666666666667 0.05714285714285714
0 0.5690476190476191 0.09285714285714286 0.014285714285714287 0.09999999999999999
0 0.5797619047619048 0.24285714285714285 0.011904761904761906 0.08571428571428572
0 0.4142857142857143 0.25 0.02380952380952381 0.09999999999999999
0 0.3595238095238096 0.8428571428571429 0.014285714285714287 0.11428571428571428
0 0.9083333333333334 0.8714285714285714 0.02142857142857143 0.08571428571428572
0 0.730952380952381 0.35 0.02380952380952381 0.09999999999999999
0 0.46547619047619054 0.5714285714285714 0.02142857142857143 0.08571428571428572
