0 0.2654761904761905 0.7428571428571429 0.01666666666666667 0.11428571428571428
0 0.12619047619047621 0.5642857142857143 0.01904761904761905 0.07142857142857142
0 0.6976190476190477 0.9214285714285714 0.014285714285714287 0.07142857142857142
0 0.7964285714285715 0.42857142857142855 0.01666666666666667 0.08571428571428572
0 0.4535714285714286 0.7571428571428571 0.01666666666666667 0.08571428571428572
1 0.5321428571428571 0.35 0.026190476190476195 0.21428571428571427
1 0.9738095238095239 0.8571428571428571 0.01904761904761905 0.14285714285714285
0 0.07500000000000001 0.85 0.01666666666666667 0.12857142857142856
0 0.04761904761904762 0.6857142857142857 0.01904761904761905 0.11428571428571428
0 0.0880952380952381 0.3142857142857143 0.01904761904761905 0.05714285714285714
0 0.12619047619047621 0.08571428571428572 0.02380952380952381 0.08571428571428572
0 0.2785714285714286 0.6 0.01904761904761905 0.05714285714285714
0 0.2630952380952381 0.46428571428571425 0.01666666666666667 0.07142857142857142
0 0.31309523809523815 0.9428571428571428 0.01666666666666667 0.05714285714285714
0 0.20714285714285716 0.6 0.014285714285714287 0.08571428571428572
0 0.2023809523809524 0.5 0.02380952380952381 0.05714285714285714
0 0.2761904761904762 0.08571428571428572 0.01904761904761905 0.05714285714285714
0 0.38928571428571435 0.15 0.01666666666666667 0.07142857142857142
0 0.3119047619047619 0.5857142857142857 0.014285714285714287 0.08571428571428572
0 0.5452380952380953 0.7285714285714285 0.02380952380952381 0.05714285714285714
0 0.3523809523809524 0.7 0.01904761904761905 0.14285714285714285
0 0.43928571428571433 0.8357142857142857 0.01666666666666667 0.09999999999999999
0 0.5821428571428572 0.2571428571428571 0.01666666666666667 0.05714285714285714
0 0.7119047619047619 0.1357142857142857 0.01904761904761905 0.12857142857142856
0 0.8678571428571429 0.9285714285714285 0.026190476190476195 0.08571428571428572
0 0.717857142857143 0.8785714285714286 0.01666666666666667 0.07142857142857142
0 0.8523809523809525 0.42142857142857143 0.02380952380952381 0.09999999999999999
0 0.7535714285714287 0.9357142857142857 0.01666666666666667 0.07142857142857142
0 0.8238095238095239 0.19999999999999998 0.014285714285714287 0.08571428571428572
