0 0.24761904761904763 0.16428571428571428 0.01904761904761905 0.18571428571428572
0 0.01666666666666667 0.2642857142857143 0.014285714285714287 0.07142857142857142
0 0.06666666666666668 0.75 0.01904761904761905 0.07142857142857142
0 0.14523809523809525 0.7714285714285714 0.014285714285714287 0.08571428571428572
0 0.1642857142857143 0.7714285714285714 0.014285714285714287 0.05714285714285714
0 0.33333333333333337 0.03571428571428571 0.014285714285714287 0.07142857142857142
0 0.2666666666666667 0.32857142857142857 0.014285714285714287 0.08571428571428572
0 0.15952380952380954 0.3142857142857143 0.01904761904761905 0.05714285714285714
0 0.6047619047619048 0.22857142857142856 0.014285714285714287 0.08571428571428572
0 0.580952380952381 0.2571428571428571 0.009523809523809525 0.05714285714285714
0 0.4773809523809524 0.15 0.011904761904761906 0.07142857142857142
0 0.6892857142857144 0.6 0.01666666666666667 0.08571428571428572
0 0.6797619047619048 0.7928571428571428 0.05952380952380953 0.09999999999999999
0 0.7416666666666667 0.22857142857142856 0.01666666666666667 0.08571428571428572
0 0.8250000000000001 0.3357142857142857 0.011904761904761906 0.09999999999999999
0 0.8833333333333334 0.3357142857142857 0.01904761904761905 0.09999999999999999
0 0.9011904761904763 0.8214285714285714 0.01666666666666667 0.07142857142857142
0 0.9035714285714287 0.75 0.02142857142857143 0.04285714285714286
0 0.8476190476190477 0.6571428571428571 0.02380952380952381 0.05714285714285714
0 0.5869047619047619 0.7428571428571429 0.02142857142857143 0.05714285714285714
0 0.4166666666666667 0.2357142857142857 0.014285714285714287 0.12857142857142856
0 0.21666666666666667 0.12142857142857143 0.014285714285714287 0.12857142857142856
