0 0.5630952380952381 0.35 0.03571428571428572 0.09999999999999999
0 0.3166666666666667 0.5285714285714286 0.02380952380952381 0.08571428571428572
0 0.5273809523809524 0.2642857142857143 0.02142857142857143 0.09999999999999999
0 0.21190476190476193 0.16428571428571428 0.009523809523809525 0.09999999999999999
0 0.07500000000000001 0.9428571428571428 0.011904761904761906 0.08571428571428572
0 0.4083333333333334 0.19285714285714284 0.011904761904761906 0.12857142857142856
0 0.2773809523809524 0.37857142857142856 0.01666666666666667 0.07142857142857142
0 0.08690476190476192 0.5285714285714286 0.011904761904761906 0.11428571428571428
0 0.055952380952380955 0.41428571428571426 0.01666666666666667 0.08571428571428572
0 0.9130952380952382 0.7714285714285714 0.01666666666666667 0.08571428571428572
0 0.736904761904762 0.5071428571428571 0.02142857142857143 0.09999999999999999
0 0.3178571428571429 0.22142857142857142 0.02142857142857143 0.07142857142857142
0 0.9630952380952382 0.06428571428571428 0.030952380952380953 0.07142857142857142
0 0.4714285714285715 0.6428571428571428 0.02380952380952381 0.11428571428571428
