0 0.11547619047619048 0.6428571428571428 0.030952380952380953 0.17142857142857143
0 0.22380952380952382 0.2857142857142857 0.03333333333333334 0.14285714285714285
0 0.3535714285714286 0.4928571428571428 0.026190476190476195 0.12857142857142856
0 0.3535714285714286 0.2714285714285714 0.026190476190476195 0.11428571428571428
0 0.5297619047619048 0.9285714285714285 0.026190476190476195 0.11428571428571428
0 0.5440476190476191 0.5142857142857142 0.011904761904761906 0.11428571428571428
0 0.605952380952381 0.14285714285714285 0.030952380952380953 0.17142857142857143
0 0.761904761904762 0.07142857142857142 0.01904761904761905 0.14285714285714285
0 0.7988095238095239 0.049999999999999996 0.01666666666666667 0.09999999999999999
0 0.8797619047619049 0.7357142857142857 0.02142857142857143 0.15714285714285714
0 0.8250000000000001 0.6642857142857143 0.02142857142857143 0.12857142857142856
0 0.7440476190476191 0.9285714285714285 0.030952380952380953 0.11428571428571428
