0 0.005952380952380953 0.3071428571428571 0.011904761904761906 0.07142857142857142
0 0.9238095238095239 0.85 0.01904761904761905 0.07142857142857142
0 0.9690476190476192 0.8428571428571429 0.009523809523809525 0.08571428571428572
0 0.880952380952381 0.8214285714285714 0.014285714285714287 0.07142857142857142
0 0.7595238095238096 0.7642857142857142 0.009523809523809525 0.07142857142857142
0 0.5869047619047619 0.39285714285714285 0.011904761904761906 0.07142857142857142
0 0.8690476190476192 0.46428571428571425 0.014285714285714287 0.09999999999999999
0 0.4797619047619048 0.15714285714285714 0.011904761904761906 0.11428571428571428
0 0.09166666666666667 0.5 0.01666666666666667 0.05714285714285714
0 0.30952380952380953 0.47857142857142854 0.009523809523809525 0.09999999999999999
0 0.32142857142857145 0.8357142857142857 0.009523809523809525 0.07142857142857142
0 0.30714285714285716 0.06428571428571428 0.01904761904761905 0.09999999999999999
0 0.3452380952380953 0.15714285714285714 0.014285714285714287 0.08571428571428572
