0 0.33690476190476193 0.7 0.01666666666666667 0.11428571428571428
0 0.46071428571428574 0.08571428571428572 0.02142857142857143 0.14285714285714285
0 0.5392857142857144 0.5357142857142857 0.01666666666666667 0.09999999999999999
0 0.8583333333333334 0.9 0.03571428571428572 0.11428571428571428
0 0.7726190476190476 0.05714285714285714 0.01666666666666667 0.11428571428571428
0 0.48571428571428577 0.3357142857142857 0.03333333333333334 0.15714285714285714
0 0.3440476190476191 0.4857142857142857 0.030952380952380953 0.14285714285714285
0 0.886904761904762 0.11428571428571428 0.01666666666666667 0.11428571428571428
0 0.5880952380952381 0.22857142857142856 0.01904761904761905 0.14285714285714285
0 0.9023809523809525 0.45714285714285713 0.014285714285714287 0.11428571428571428
0 0.6690476190476191 0.34285714285714286 0.014285714285714287 0.14285714285714285
