0 0.06785714285714287 0.45714285714285713 0.02142857142857143 0.17142857142857143
0 0.12976190476190477 0.20714285714285713 0.011904761904761906 0.12857142857142856
0 0.4345238095238096 0.22857142857142856 0.026190476190476195 0.14285714285714285
0 0.6476190476190476 0.18571428571428572 0.01904761904761905 0.14285714285714285
0 0.8845238095238096 0.09999999999999999 0.026190476190476195 0.17142857142857143
0 0.6892857142857144 0.4928571428571428 0.026190476190476195 0.15714285714285714
0 0.12261904761904763 0.8071428571428572 0.011904761904761906 0.12857142857142856
0 0.029761904761904764 0.12142857142857143 0.01666666666666667 0.09999999999999999
0 0.8035714285714286 0.8857142857142857 0.011904761904761906 0.14285714285714285
0 0.6214285714285714 0.9 0.028571428571428574 0.14285714285714285
0 0.4964285714285715 0.049999999999999996 0.02142857142857143 0.09999999999999999
0 0.8654761904761905 0.5642857142857143 0.030952380952380953 0.15714285714285714
0 0.8 0.16428571428571428 0.014285714285714287 0.12857142857142856
0 0.9857142857142858 0.5142857142857142 0.014285714285714287 0.11428571428571428
0 0.9095238095238096 0.95 0.02380952380952381 0.07142857142857142
0 0.9214285714285715 0.3 0.01904761904761905 0.08571428571428572
0 0.6047619047619048 0.4357142857142857 0.014285714285714287 0.07142857142857142
0 0.6297619047619049 0.34285714285714286 0.011904761904761906 0.05714285714285714
0 0.6559523809523811 0.3 0.01666666666666667 0.08571428571428572
0 0.6761904761904762 0.32857142857142857 0.01904761904761905 0.11428571428571428
0 0.1773809523809524 0.6714285714285714 0.02142857142857143 0.11428571428571428
0 0.30952380952380953 0.36428571428571427 0.014285714285714287 0.07142857142857142
0 0.2773809523809524 0.7071428571428571 0.01666666666666667 0.12857142857142856
0 0.2666666666666667 0.03571428571428571 0.014285714285714287 0.07142857142857142
0 0.4297619047619048 0.5071428571428571 0.01666666666666667 0.09999999999999999
0 0.5630952380952381 0.4928571428571428 0.011904761904761906 0.09999999999999999
0 0.5261904761904762 0.2785714285714286 0.014285714285714287 0.09999999999999999
0 0.8476190476190477 0.2857142857142857 0.02380952380952381 0.08571428571428572
0 0.7595238095238096 0.11428571428571428 0.009523809523809525 0.05714285714285714
0 0.7464285714285714 0.16428571428571428 0.011904761904761906 0.07142857142857142
0 0.7380952380952381 0.5642857142857143 0.014285714285714287 0.09999999999999999
0 0.9464285714285715 0.8428571428571429 0.02142857142857143 0.08571428571428572
0 0.980952380952381 0.19285714285714284 0.014285714285714287 0.07142857142857142
0 0.936904761904762 0.17857142857142858 0.01666666666666667 0.07142857142857142
0 0.9357142857142858 0.03571428571428571 0.014285714285714287 0.07142857142857142
0 0.25833333333333336 0.39285714285714285 0.011904761904761906 0.09999999999999999
0 0.18333333333333335 0.95 0.028571428571428574 0.07142857142857142
0 0.3785714285714286 0.07857142857142857 0.009523809523809525 0.07142857142857142
0 0.34761904761904766 0.6 0.014285714285714287 0.08571428571428572
0 0.4202380952380953 0.35 0.011904761904761906 0.04285714285714286
0 0.6000000000000001 0.04285714285714286 0.009523809523809525 0.08571428571428572
0 0.6583333333333334 0.04285714285714286 0.011904761904761906 0.05714285714285714
0 0.33333333333333337 0.39999999999999997 0.014285714285714287 0.08571428571428572
0 0.4 0.42857142857142855 0.009523809523809525 0.05714285714285714
0 0.3797619047619048 0.3142857142857143 0.02142857142857143 0.08571428571428572
0 0.9654761904761906 0.7 0.011904761904761906 0.08571428571428572
0 0.2011904761904762 0.5642857142857143 0.011904761904761906 0.07142857142857142
0 0.27142857142857146 0.15 0.009523809523809525 0.07142857142857142
0 0.24880952380952384 0.09285714285714286 0.011904761904761906 0.04285714285714286
0 0.48571428571428577 0.47857142857142854 0.014285714285714287 0.07142857142857142
0 0.38928571428571435 0.95 0.01666666666666667 0.07142857142857142
0 0.9380952380952382 0.5 0.004761904761904762 0.08571428571428572
0 0.7845238095238096 0.14285714285714285 0.0071428571428571435 0.05714285714285714
0 0.7035714285714286 0.3 0.011904761904761906 0.05714285714285714
0 0.5023809523809524 0.5714285714285714 0.009523809523809525 0.05714285714285714
0 0.4 0.11428571428571428 0.009523809523809525 0.05714285714285714
0 0.15595238095238095 0.5357142857142857 0.0071428571428571435 0.07142857142857142
0 0.21071428571428574 0.2642857142857143 0.0071428571428571435 0.07142857142857142
0 0.3523809523809524 0.32857142857142857 0.009523809523809525 0.08571428571428572
0 0.3797619047619048 0.4928571428571428 0.011904761904761906 0.07142857142857142
0 0.6857142857142857 0.6642857142857143 0.009523809523809525 0.07142857142857142
0 0.6250000000000001 0.14285714285714285 0.011904761904761906 0.08571428571428572
