0 0.46547619047619054 0.7214285714285714 0.04047619047619048 0.12857142857142856
0 0.23214285714285715 0.014285714285714285 0.01666666666666667 0.02857142857142857
0 0.09285714285714286 0.3 0.014285714285714287 0.08571428571428572
0 0.0071428571428571435 0.36428571428571427 0.014285714285714287 0.15714285714285714
0 0.29761904761904767 0.44285714285714284 0.02380952380952381 0.08571428571428572
0 0.36071428571428577 0.37142857142857144 0.01666666666666667 0.08571428571428572
0 0.5357142857142858 0.6 0.01904761904761905 0.08571428571428572
0 0.6083333333333334 0.7 0.02142857142857143 0.08571428571428572
0 0.5964285714285715 0.42142857142857143 0.01666666666666667 0.07142857142857142
0 0.8095238095238096 0.7357142857142857 0.01904761904761905 0.09999999999999999
0 0.8404761904761906 0.9571428571428571 0.014285714285714287 0.05714285714285714
0 0.5785714285714286 0.24285714285714285 0.014285714285714287 0.08571428571428572
0 0.8880952380952382 0.3857142857142857 0.01904761904761905 0.08571428571428572
0 0.9476190476190477 0.24285714285714285 0.02380952380952381 0.08571428571428572
0 0.9833333333333334 0.03571428571428571 0.01904761904761905 0.07142857142857142
0 0.15000000000000002 0.37857142857142856 0.014285714285714287 0.12857142857142856
0 0.936904761904762 0.7642857142857142 0.01666666666666667 0.09999999999999999
0 0.9059523809523811 0.15 0.01666666666666667 0.07142857142857142
0 0.32261904761904764 0.9642857142857143 0.01666666666666667 0.04285714285714286
