0 0.15476190476190477 0.9428571428571428 0.02380952380952381 0.05714285714285714
0 0.580952380952381 0.8785714285714286 0.01904761904761905 0.09999999999999999
0 0.9940476190476192 0.42142857142857143 0.0071428571428571435 0.07142857142857142
1 0.3880952380952381 0.36428571428571427 0.04285714285714286 0.32857142857142857
1 0.034523809523809526 0.5785714285714285 0.02142857142857143 0.12857142857142856
0 0.05 0.1357142857142857 0.01904761904761905 0.07142857142857142
0 0.2690476190476191 0.09285714285714286 0.01904761904761905 0.09999999999999999
0 0.4916666666666667 0.2785714285714286 0.030952380952380953 0.09999999999999999
0 0.3726190476190476 0.8785714285714286 0.02142857142857143 0.07142857142857142
0 0.3547619047619048 0.5642857142857143 0.014285714285714287 0.07142857142857142
0 0.4976190476190477 0.6642857142857143 0.028571428571428574 0.07142857142857142
0 0.8214285714285715 0.7357142857142857 0.01904761904761905 0.09999999999999999
0 0.6797619047619048 0.6428571428571428 0.02142857142857143 0.08571428571428572
0 0.5797619047619048 0.24285714285714285 0.011904761904761906 0.08571428571428572
0 0.6047619047619048 0.15 0.02380952380952381 0.07142857142857142
0 0.11547619047619048 0.3142857142857143 0.030952380952380953 0.08571428571428572
0 0.9547619047619048 0.42857142857142855 0.01904761904761905 0.11428571428571428
0 0.7940476190476191 0.4857142857142857 0.02142857142857143 0.08571428571428572
0 0.1273809523809524 0.6714285714285714 0.02142857142857143 0.11428571428571428
0 0.8690476190476192 0.6 0.01904761904761905 0.08571428571428572
0 0.7880952380952382 0.8357142857142857 0.01904761904761905 0.09999999999999999
0 0.9059523809523811 0.75 0.026190476190476195 0.12857142857142856
0 0.7964285714285715 0.19285714285714284 0.03571428571428572 0.07142857142857142
0 0.6226190476190476 0.4857142857142857 0.026190476190476195 0.11428571428571428
