0 0.47380952380952385 0.12857142857142856 0.028571428571428574 0.17142857142857143
0 0.2619047619047619 0.8857142857142857 0.02380952380952381 0.14285714285714285
0 0.24761904761904763 0.6285714285714286 0.028571428571428574 0.17142857142857143
0 0.2023809523809524 0.6785714285714286 0.028571428571428574 0.15714285714285714
0 0.11190476190476191 0.37857142857142856 0.02380952380952381 0.12857142857142856
0 0.6130952380952381 0.9071428571428571 0.026190476190476195 0.15714285714285714
0 0.692857142857143 0.8857142857142857 0.028571428571428574 0.17142857142857143
0 0.7238095238095239 0.9214285714285714 0.01904761904761905 0.12857142857142856
0 0.7547619047619049 0.6 0.02380952380952381 0.14285714285714285
0 0.7916666666666667 0.32857142857142857 0.01666666666666667 0.14285714285714285
0 0.7809523809523811 0.19285714285714284 0.02380952380952381 0.09999999999999999
0 0.8380952380952382 0.6071428571428571 0.01904761904761905 0.12857142857142856
0 0.7678571428571429 0.7428571428571429 0.01666666666666667 0.08571428571428572
0 0.8892857142857143 0.39999999999999997 0.02142857142857143 0.17142857142857143
0 0.942857142857143 0.21428571428571427 0.01904761904761905 0.14285714285714285
0 0.65 0.6857142857142857 0.02380952380952381 0.14285714285714285
0 0.6797619047619048 0.06428571428571428 0.02142857142857143 0.12857142857142856
0 0.7761904761904762 0.05714285714285714 0.02380952380952381 0.11428571428571428
0 0.8392857142857144 0.7857142857142857 0.02142857142857143 0.11428571428571428
0 0.7880952380952382 0.6357142857142857 0.01904761904761905 0.12857142857142856
0 0.29404761904761906 0.4857142857142857 0.026190476190476195 0.17142857142857143
0 0.325 0.6 0.02142857142857143 0.11428571428571428
0 0.3238095238095238 0.7071428571428571 0.01904761904761905 0.09999999999999999
0 0.5476190476190477 0.9142857142857143 0.01904761904761905 0.11428571428571428
0 0.5892857142857143 0.5714285714285714 0.02142857142857143 0.11428571428571428
0 0.3642857142857143 0.10714285714285714 0.02380952380952381 0.09999999999999999
0 0.9000000000000001 0.8857142857142857 0.01904761904761905 0.14285714285714285
0 0.8488095238095239 0.1357142857142857 0.026190476190476195 0.09999999999999999
0 0.4488095238095238 0.5571428571428572 0.030952380952380953 0.11428571428571428
0 0.35595238095238096 0.3214285714285714 0.02142857142857143 0.09999999999999999
0 0.7333333333333334 0.2571428571428571 0.02380952380952381 0.11428571428571428
0 0.12380952380952381 0.5928571428571429 0.02380952380952381 0.09999999999999999
0 0.045238095238095244 0.34285714285714286 0.02380952380952381 0.11428571428571428
0 0.18452380952380953 0.049999999999999996 0.030952380952380953 0.09999999999999999
