0 0.7964285714285715 0.9214285714285714 0.01666666666666667 0.09999999999999999
0 0.717857142857143 0.6357142857142857 0.026190476190476195 0.09999999999999999
0 0.41190476190476194 0.3142857142857143 0.01904761904761905 0.05714285714285714
0 0.13333333333333336 0.19999999999999998 0.014285714285714287 0.08571428571428572
0 0.15833333333333335 0.19285714285714284 0.01666666666666667 0.07142857142857142
0 0.16785714285714287 0.37857142857142856 0.01666666666666667 0.07142857142857142
0 0.3178571428571429 0.5 0.01666666666666667 0.08571428571428572
0 0.13571428571428573 0.8571428571428571 0.014285714285714287 0.08571428571428572
0 0.09166666666666667 0.8214285714285714 0.01666666666666667 0.04285714285714286
0 0.09285714285714286 0.7571428571428571 0.01904761904761905 0.05714285714285714
0 0.34880952380952385 0.2357142857142857 0.01666666666666667 0.07142857142857142
0 0.45000000000000007 0.12857142857142856 0.014285714285714287 0.08571428571428572
0 0.6428571428571429 0.3 0.01904761904761905 0.08571428571428572
0 0.5785714285714286 0.24285714285714285 0.014285714285714287 0.05714285714285714
0 0.7797619047619049 0.7999999999999999 0.011904761904761906 0.05714285714285714
0 0.38571428571428573 0.3857142857142857 0.01904761904761905 0.05714285714285714
0 0.4630952380952381 0.7214285714285714 0.02142857142857143 0.07142857142857142
0 0.6952380952380953 0.22142857142857142 0.028571428571428574 0.09999999999999999
0 0.9202380952380953 0.9357142857142857 0.01666666666666667 0.04285714285714286
0 0.9214285714285715 0.8571428571428571 0.01904761904761905 0.05714285714285714
0 0.5833333333333334 0.7642857142857142 0.02380952380952381 0.09999999999999999
0 0.33571428571428574 0.6214285714285714 0.02380952380952381 0.09999999999999999
0 0.24523809523809526 0.18571428571428572 0.014285714285714287 0.08571428571428572
0 0.06666666666666668 0.10714285714285714 0.028571428571428574 0.07142857142857142
