0 0.3178571428571429 0.07857142857142857 0.02142857142857143 0.15714285714285714
0 0.04761904761904762 0.5499999999999999 0.01904761904761905 0.09999999999999999
0 0.20952380952380956 0.35714285714285715 0.014285714285714287 0.11428571428571428
0 0.20714285714285716 0.5714285714285714 0.014285714285714287 0.05714285714285714
0 0.23095238095238096 0.75 0.028571428571428574 0.18571428571428572
0 0.37500000000000006 0.7214285714285714 0.02142857142857143 0.18571428571428572
0 0.38928571428571435 0.5428571428571428 0.011904761904761906 0.05714285714285714
0 0.35000000000000003 0.5428571428571428 0.01904761904761905 0.08571428571428572
0 0.46071428571428574 0.8285714285714285 0.01666666666666667 0.08571428571428572
0 0.5988095238095239 0.5499999999999999 0.030952380952380953 0.07142857142857142
0 0.580952380952381 0.24285714285714285 0.01904761904761905 0.08571428571428572
0 0.8523809523809525 0.41428571428571426 0.01904761904761905 0.08571428571428572
0 0.9154761904761906 0.32857142857142857 0.02142857142857143 0.11428571428571428
0 0.3107142857142857 0.32857142857142857 0.01666666666666667 0.08571428571428572
0 0.37380952380952387 0.10714285714285714 0.01904761904761905 0.07142857142857142
