0 0.16666666666666669 0.3142857142857143 0.02380952380952381 0.14285714285714285
0 0.19166666666666668 0.02857142857142857 0.01666666666666667 0.05714285714285714
0 0.45000000000000007 0.8928571428571428 0.028571428571428574 0.18571428571428572
0 0.5761904761904763 0.5142857142857142 0.028571428571428574 0.19999999999999998
0 0.7595238095238096 0.6357142857142857 0.02380952380952381 0.12857142857142856
0 0.8690476190476192 0.8285714285714285 0.01904761904761905 0.22857142857142856
0 0.6321428571428572 0.6142857142857142 0.01666666666666667 0.11428571428571428
0 0.6761904761904762 0.2785714285714286 0.01904761904761905 0.12857142857142856
0 0.886904761904762 0.5071428571428571 0.01666666666666667 0.09999999999999999
0 0.8642857142857143 0.2642857142857143 0.014285714285714287 0.09999999999999999
0 0.3940476190476191 0.42142857142857143 0.030952380952380953 0.15714285714285714
