0 0.10714285714285715 0.17857142857142858 0.014285714285714287 0.07142857142857142
0 0.21904761904761907 0.7428571428571429 0.0380952380952381 0.17142857142857143
0 0.29761904761904767 0.5357142857142857 0.02380952380952381 0.12857142857142856
0 0.4404761904761905 0.45714285714285713 0.028571428571428574 0.14285714285714285
0 0.5285714285714286 0.8785714285714286 0.028571428571428574 0.12857142857142856
0 0.5273809523809524 0.3142857142857143 0.02142857142857143 0.19999999999999998
0 0.6023809523809525 0.049999999999999996 0.03333333333333334 0.09999999999999999
0 0.6011904761904763 0.6857142857142857 0.03571428571428572 0.17142857142857143
0 0.6095238095238096 0.45 0.028571428571428574 0.15714285714285714
0 0.5857142857142857 0.2571428571428571 0.02380952380952381 0.14285714285714285
0 0.661904761904762 0.7428571428571429 0.028571428571428574 0.19999999999999998
0 0.7261904761904763 0.5214285714285715 0.01904761904761905 0.18571428571428572
0 0.7714285714285715 0.6857142857142857 0.04761904761904762 0.19999999999999998
0 0.8083333333333335 0.9 0.026190476190476195 0.11428571428571428
0 0.9416666666666668 0.9285714285714285 0.030952380952380953 0.11428571428571428
0 0.9547619047619048 0.04285714285714286 0.01904761904761905 0.08571428571428572
