0 0.3119047619047619 0.40714285714285714 0.014285714285714287 0.09999999999999999
0 0.02142857142857143 0.8928571428571428 0.02380952380952381 0.07142857142857142
1 0.19523809523809527 0.7214285714285714 0.04285714285714286 0.3857142857142857
0 0.15357142857142858 0.4928571428571428 0.01666666666666667 0.07142857142857142
0 0.3547619047619048 0.35714285714285715 0.01904761904761905 0.08571428571428572
0 0.2380952380952381 0.39999999999999997 0.01904761904761905 0.11428571428571428
0 0.14523809523809525 0.07857142857142857 0.01904761904761905 0.09999999999999999
0 0.817857142857143 0.37142857142857144 0.011904761904761906 0.08571428571428572
0 0.7583333333333334 0.3357142857142857 0.01666666666666667 0.07142857142857142
0 0.5880952380952381 0.2571428571428571 0.028571428571428574 0.08571428571428572
0 0.7702380952380953 0.06428571428571428 0.01666666666666667 0.07142857142857142
0 0.9285714285714286 0.6357142857142857 0.01904761904761905 0.09999999999999999
0 0.8142857142857144 0.9 0.014285714285714287 0.05714285714285714
0 0.805952380952381 0.7642857142857142 0.011904761904761906 0.07142857142857142
0 0.7726190476190476 0.6928571428571428 0.02142857142857143 0.07142857142857142
0 0.9202380952380953 0.9 0.01666666666666667 0.11428571428571428
0 0.6964285714285715 0.9 0.026190476190476195 0.11428571428571428
0 0.7154761904761905 0.12142857142857143 0.026190476190476195 0.07142857142857142
0 0.5 0.12142857142857143 0.02380952380952381 0.09999999999999999
0 0.5690476190476191 0.5 0.01904761904761905 0.05714285714285714
0 0.37142857142857144 0.6214285714285714 0.009523809523809525 0.07142857142857142
