0 0.7250000000000001 0.08571428571428572 0.03571428571428572 0.17142857142857143
0 0.886904761904762 0.12142857142857143 0.02142857142857143 0.15714285714285714
0 0.8297619047619048 0.8785714285714286 0.02142857142857143 0.12857142857142856
0 0.4166666666666667 0.8571428571428571 0.01904761904761905 0.22857142857142856
0 0.4976190476190477 0.8642857142857142 0.028571428571428574 0.24285714285714285
0 0.37619047619047624 0.3 0.02380952380952381 0.17142857142857143
0 0.14880952380952384 0.7999999999999999 0.03571428571428572 0.22857142857142856
0 0.9285714285714286 0.6642857142857143 0.02380952380952381 0.21428571428571427
0 0.9321428571428573 0.8642857142857142 0.01666666666666667 0.12857142857142856
0 0.8083333333333335 0.39999999999999997 0.01666666666666667 0.11428571428571428
0 0.6761904761904762 0.11428571428571428 0.04761904761904762 0.17142857142857143
0 0.8976190476190476 0.37857142857142856 0.02380952380952381 0.21428571428571427
0 0.7166666666666668 0.9 0.0380952380952381 0.11428571428571428
0 0.5452380952380953 0.42857142857142855 0.01904761904761905 0.11428571428571428
0 0.8238095238095239 0.14285714285714285 0.02380952380952381 0.11428571428571428
