0 0.9714285714285715 0.22857142857142856 0.014285714285714287 0.08571428571428572
0 0.5357142857142858 0.19999999999999998 0.014285714285714287 0.05714285714285714
0 0.65 0.47857142857142854 0.014285714285714287 0.07142857142857142
0 0.7535714285714287 0.7714285714285714 0.0071428571428571435 0.08571428571428572
0 0.7321428571428572 0.22142857142857142 0.01666666666666667 0.04285714285714286
0 0.6261904761904763 0.9142857142857143 0.009523809523809525 0.05714285714285714
0 0.43333333333333335 0.9142857142857143 0.009523809523809525 0.05714285714285714
0 0.5523809523809524 0.4857142857142857 0.009523809523809525 0.05714285714285714
0 0.5988095238095239 0.45 0.011904761904761906 0.07142857142857142
0 0.10952380952380954 0.39285714285714285 0.014285714285714287 0.07142857142857142
0 0.8500000000000001 0.7785714285714286 0.014285714285714287 0.07142857142857142
0 0.06547619047619048 0.9428571428571428 0.011904761904761906 0.08571428571428572
0 0.32142857142857145 0.47857142857142854 0.014285714285714287 0.04285714285714286
0 0.680952380952381 0.4857142857142857 0.004761904761904762 0.02857142857142857
0 0.5190476190476191 0.7785714285714286 0.009523809523809525 0.04285714285714286
0 0.636904761904762 0.6 0.011904761904761906 0.05714285714285714
0 0.7952380952380953 0.2785714285714286 0.009523809523809525 0.09999999999999999
0 0.9630952380952382 0.6428571428571428 0.01666666666666667 0.02857142857142857
0 0.03333333333333334 0.5928571428571429 0.009523809523809525 0.07142857142857142
0 0.005952380952380953 0.3142857142857143 0.011904761904761906 0.05714285714285714
0 0.5440476190476191 0.8214285714285714 0.011904761904761906 0.07142857142857142
0 0.2678571428571429 0.5214285714285715 0.01666666666666667 0.07142857142857142
0 0.2892857142857143 0.95 0.011904761904761906 0.07142857142857142
0 0.32142857142857145 0.95 0.009523809523809525 0.04285714285714286
0 0.9785714285714286 0.4714285714285714 0.009523809523809525 0.05714285714285714
