0 0.011904761904761906 0.8928571428571428 0.02380952380952381 0.12857142857142856
0 0.7630952380952382 0.8714285714285714 0.01666666666666667 0.05714285714285714
0 0.9440476190476191 0.7285714285714285 0.01666666666666667 0.05714285714285714
0 0.7845238095238096 0.3 0.011904761904761906 0.05714285714285714
0 0.505952380952381 0.24285714285714285 0.02142857142857143 0.08571428571428572
0 0.5892857142857143 0.7285714285714285 0.01666666666666667 0.05714285714285714
0 0.5797619047619048 0.24285714285714285 0.01666666666666667 0.08571428571428572
0 0.9000000000000001 0.25 0.014285714285714287 0.07142857142857142
0 0.6511904761904762 0.3142857142857143 0.030952380952380953 0.11428571428571428
0 0.7738095238095238 0.47857142857142854 0.028571428571428574 0.07142857142857142
0 0.47261904761904766 0.37857142857142856 0.02142857142857143 0.07142857142857142
0 0.9702380952380953 0.42142857142857143 0.01666666666666667 0.09999999999999999
0 0.026190476190476195 0.65 0.02380952380952381 0.09999999999999999
0 0.3404761904761905 0.3 0.01904761904761905 0.05714285714285714
0 0.46071428571428574 0.10714285714285714 0.01666666666666667 0.09999999999999999
0 0.4297619047619048 0.36428571428571427 0.01666666666666667 0.07142857142857142
0 0.2511904761904762 0.34285714285714286 0.01666666666666667 0.14285714285714285
0 0.9642857142857144 0.95 0.02380952380952381 0.07142857142857142
