0 0.5797619047619048 0.39999999999999997 0.01666666666666667 0.05714285714285714
0 0.25952380952380955 0.11428571428571428 0.02380952380952381 0.08571428571428572
0 0.034523809523809526 0.34285714285714286 0.02142857142857143 0.14285714285714285
0 0.9595238095238096 0.5071428571428571 0.028571428571428574 0.2714285714285714
0 0.14285714285714288 0.7285714285714285 0.01904761904761905 0.05714285714285714
0 0.5333333333333334 0.5428571428571428 0.014285714285714287 0.05714285714285714
0 0.38928571428571435 0.8714285714285714 0.02142857142857143 0.05714285714285714
0 0.12380952380952381 0.5642857142857143 0.01904761904761905 0.09999999999999999
0 0.692857142857143 0.6428571428571428 0.01904761904761905 0.05714285714285714
0 0.5773809523809524 0.2357142857142857 0.01666666666666667 0.07142857142857142
0 0.39047619047619053 0.15 0.028571428571428574 0.07142857142857142
0 0.4928571428571429 0.5642857142857143 0.014285714285714287 0.09999999999999999
0 0.1380952380952381 0.2642857142857143 0.014285714285714287 0.07142857142857142
