0 0.8500000000000001 0.8642857142857142 0.02380952380952381 0.07142857142857142
0 0.9238095238095239 0.5357142857142857 0.01904761904761905 0.12857142857142856
0 0.6047619047619048 0.3357142857142857 0.01904761904761905 0.12857142857142856
0 0.5261904761904762 0.4857142857142857 0.02380952380952381 0.11428571428571428
0 0.4785714285714286 0.5857142857142857 0.028571428571428574 0.11428571428571428
0 0.43809523809523815 0.9 0.014285714285714287 0.08571428571428572
0 0.3273809523809524 0.7071428571428571 0.011904761904761906 0.04285714285714286
0 0.325 0.7642857142857142 0.02142857142857143 0.04285714285714286
0 0.4035714285714286 0.3357142857142857 0.01666666666666667 0.09999999999999999
0 0.46071428571428574 0.40714285714285714 0.011904761904761906 0.07142857142857142
0 0.02023809523809524 0.41428571428571426 0.011904761904761906 0.08571428571428572
0 0.1630952380952381 0.5428571428571428 0.01666666666666667 0.05714285714285714
0 0.2142857142857143 0.7714285714285714 0.014285714285714287 0.08571428571428572
0 0.23571428571428574 0.8285714285714285 0.014285714285714287 0.08571428571428572
0 0.2702380952380953 0.19999999999999998 0.01666666666666667 0.11428571428571428
0 0.2773809523809524 0.6214285714285714 0.026190476190476195 0.09999999999999999
0 0.16071428571428573 0.09999999999999999 0.01666666666666667 0.11428571428571428
0 0.045238095238095244 0.8357142857142857 0.014285714285714287 0.09999999999999999
0 0.03928571428571429 0.6 0.011904761904761906 0.11428571428571428
0 0.07261904761904762 0.29285714285714287 0.011904761904761906 0.07142857142857142
0 0.02142857142857143 0.3071428571428571 0.014285714285714287 0.07142857142857142
0 0.5404761904761906 0.5928571428571429 0.014285714285714287 0.09999999999999999
0 0.6345238095238096 0.4928571428571428 0.011904761904761906 0.07142857142857142
0 0.8976190476190476 0.3357142857142857 0.014285714285714287 0.09999999999999999
0 0.8333333333333334 0.6857142857142857 0.02380952380952381 0.14285714285714285
0 0.3107142857142857 0.5214285714285715 0.011904761904761906 0.07142857142857142
0 0.5904761904761905 0.6571428571428571 0.009523809523809525 0.05714285714285714
0 0.4023809523809524 0.09285714285714286 0.009523809523809525 0.07142857142857142
0 0.2416666666666667 0.6571428571428571 0.01666666666666667 0.08571428571428572
0 0.14761904761904762 0.85 0.01904761904761905 0.12857142857142856
0 0.12380952380952381 0.5928571428571429 0.028571428571428574 0.09999999999999999
0 0.6166666666666667 0.8428571428571429 0.014285714285714287 0.08571428571428572
0 0.6773809523809524 0.8714285714285714 0.01666666666666667 0.11428571428571428
0 0.605952380952381 0.9214285714285714 0.01666666666666667 0.07142857142857142
0 0.861904761904762 0.17142857142857143 0.009523809523809525 0.08571428571428572
0 0.2904761904761905 0.75 0.014285714285714287 0.07142857142857142
0 0.20714285714285716 0.9428571428571428 0.014285714285714287 0.08571428571428572
0 0.5642857142857144 0.3357142857142857 0.01904761904761905 0.04285714285714286
1 0.7535714285714287 0.3857142857142857 0.05 0.37142857142857144
1 0.980952380952381 0.5285714285714286 0.03333333333333334 0.42857142857142855
