0 0.07380952380952381 0.06428571428571428 0.028571428571428574 0.12857142857142856
0 0.2773809523809524 0.4357142857142857 0.01666666666666667 0.12857142857142856
0 0.5226190476190476 0.6571428571428571 0.02142857142857143 0.2571428571428571
0 0.5964285714285715 0.9142857142857143 0.04047619047619048 0.14285714285714285
0 0.5952380952380953 0.7142857142857143 0.05238095238095239 0.22857142857142856
0 0.6166666666666667 0.22142857142857142 0.01904761904761905 0.12857142857142856
0 0.6071428571428572 0.05714285714285714 0.04285714285714286 0.11428571428571428
0 0.6523809523809524 0.34285714285714286 0.02380952380952381 0.14285714285714285
0 0.6452380952380953 0.7285714285714285 0.02380952380952381 0.19999999999999998
0 0.6845238095238095 0.9142857142857143 0.030952380952380953 0.11428571428571428
0 0.7702380952380953 0.8071428571428572 0.026190476190476195 0.15714285714285714
0 0.8 0.8142857142857143 0.028571428571428574 0.14285714285714285
0 0.7761904761904762 0.5142857142857142 0.01904761904761905 0.14285714285714285
0 0.811904761904762 0.15 0.028571428571428574 0.18571428571428572
0 0.9690476190476192 0.7857142857142857 0.02380952380952381 0.14285714285714285
0 0.9595238095238096 0.45 0.04285714285714286 0.15714285714285714
0 0.7321428571428572 0.12142857142857143 0.026190476190476195 0.09999999999999999
0 0.736904761904762 0.3142857142857143 0.02142857142857143 0.14285714285714285
