0 0.5869047619047619 0.6285714285714286 0.011904761904761906 0.05714285714285714
0 0.5035714285714287 0.75 0.026190476190476195 0.3
0 0.4571428571428572 0.8357142857142857 0.014285714285714287 0.15714285714285714
0 0.45000000000000007 0.15714285714285714 0.02380952380952381 0.08571428571428572
0 0.5488095238095239 0.5142857142857142 0.01666666666666667 0.08571428571428572
0 0.5666666666666668 0.7642857142857142 0.01904761904761905 0.09999999999999999
0 0.530952380952381 0.8071428571428572 0.01904761904761905 0.07142857142857142
0 0.46666666666666673 0.4357142857142857 0.014285714285714287 0.09999999999999999
0 0.4821428571428572 0.17142857142857143 0.011904761904761906 0.05714285714285714
1 0.4011904761904762 0.5857142857142857 0.09285714285714286 0.7999999999999999
1 0.692857142857143 0.5714285714285714 0.21904761904761907 0.8285714285714285
0 0.5273809523809524 0.5142857142857142 0.02142857142857143 0.08571428571428572
