0 0.8440476190476192 0.22857142857142856 0.01666666666666667 0.11428571428571428
0 0.9059523809523811 0.4857142857142857 0.011904761904761906 0.05714285714285714
0 0.9880952380952381 0.8571428571428571 0.009523809523809525 0.05714285714285714
0 0.9821428571428572 0.6571428571428571 0.01666666666666667 0.05714285714285714
0 0.9666666666666668 0.4714285714285714 0.02380952380952381 0.11428571428571428
0 0.955952380952381 0.35714285714285715 0.02142857142857143 0.05714285714285714
0 0.7654761904761905 0.5928571428571429 0.05952380952380953 0.09999999999999999
0 0.6678571428571429 0.11428571428571428 0.02142857142857143 0.11428571428571428
0 0.7095238095238096 0.02142857142857143 0.014285714285714287 0.04285714285714286
0 0.6892857142857144 0.014285714285714285 0.01666666666666667 0.02857142857142857
0 0.5130952380952382 0.16428571428571428 0.01666666666666667 0.07142857142857142
0 0.5404761904761906 0.049999999999999996 0.014285714285714287 0.07142857142857142
0 0.5726190476190477 0.34285714285714286 0.01666666666666667 0.05714285714285714
0 0.42380952380952386 0.8142857142857143 0.01904761904761905 0.08571428571428572
0 0.3023809523809524 0.7928571428571428 0.014285714285714287 0.07142857142857142
0 0.17142857142857143 0.35 0.01904761904761905 0.07142857142857142
0 0.10714285714285715 0.7999999999999999 0.01904761904761905 0.08571428571428572
0 0.053571428571428575 0.7428571428571429 0.01666666666666667 0.08571428571428572
0 0.12142857142857144 0.4928571428571428 0.01904761904761905 0.07142857142857142
0 0.10833333333333334 0.049999999999999996 0.011904761904761906 0.07142857142857142
0 0.1380952380952381 0.32857142857142857 0.014285714285714287 0.05714285714285714
0 0.19285714285714287 0.02857142857142857 0.02380952380952381 0.05714285714285714
0 0.2761904761904762 0.42857142857142855 0.02380952380952381 0.05714285714285714
0 0.0071428571428571435 0.19999999999999998 0.014285714285714287 0.08571428571428572
0 0.05714285714285715 0.3071428571428571 0.01904761904761905 0.07142857142857142
0 0.07142857142857144 0.12142857142857143 0.014285714285714287 0.07142857142857142
0 0.0035714285714285718 0.47857142857142854 0.0071428571428571435 0.07142857142857142
0 0.21309523809523812 0.2714285714285714 0.011904761904761906 0.08571428571428572
0 0.255952380952381 0.09999999999999999 0.030952380952380953 0.05714285714285714
0 0.28095238095238095 0.24285714285714285 0.01904761904761905 0.05714285714285714
0 0.2619047619047619 0.6857142857142857 0.01904761904761905 0.05714285714285714
0 0.20714285714285716 0.8571428571428571 0.014285714285714287 0.05714285714285714
0 0.1797619047619048 0.8785714285714286 0.01666666666666667 0.07142857142857142
0 0.1511904761904762 0.65 0.01666666666666667 0.07142857142857142
0 0.1523809523809524 0.9428571428571428 0.01904761904761905 0.08571428571428572
0 0.12380952380952381 0.7071428571428571 0.01904761904761905 0.04285714285714286
0 0.05238095238095239 0.18571428571428572 0.014285714285714287 0.05714285714285714
0 0.053571428571428575 0.09285714285714286 0.01666666666666667 0.07142857142857142
0 0.011904761904761906 0.7071428571428571 0.02380952380952381 0.07142857142857142
0 0.010714285714285714 0.9357142857142857 0.02142857142857143 0.04285714285714286
0 0.02380952380952381 0.4857142857142857 0.028571428571428574 0.08571428571428572
0 0.01904761904761905 0.3857142857142857 0.0380952380952381 0.08571428571428572
0 0.03333333333333334 0.3 0.014285714285714287 0.05714285714285714
0 0.19404761904761905 0.2857142857142857 0.011904761904761906 0.05714285714285714
0 0.16904761904761906 0.2642857142857143 0.02380952380952381 0.07142857142857142
0 0.09285714285714286 0.3142857142857143 0.014285714285714287 0.05714285714285714
0 0.05 0.6214285714285714 0.014285714285714287 0.07142857142857142
0 0.010714285714285714 0.8142857142857143 0.02142857142857143 0.11428571428571428
0 0.20714285714285716 0.6642857142857143 0.02380952380952381 0.12857142857142856
0 0.22976190476190478 0.22857142857142856 0.011904761904761906 0.11428571428571428
0 0.1630952380952381 0.14285714285714285 0.01666666666666667 0.08571428571428572
0 0.04761904761904762 0.9214285714285714 0.03333333333333334 0.07142857142857142
0 0.07380952380952381 0.8571428571428571 0.014285714285714287 0.08571428571428572
0 0.2273809523809524 0.5 0.04047619047619048 0.05714285714285714
0 0.23571428571428574 0.5857142857142857 0.03333333333333334 0.05714285714285714
0 0.16071428571428573 0.7857142857142857 0.02142857142857143 0.05714285714285714
0 0.15833333333333335 0.5428571428571428 0.01666666666666667 0.08571428571428572
0 0.19285714285714287 0.46428571428571425 0.02380952380952381 0.07142857142857142
0 0.12976190476190477 0.15 0.01666666666666667 0.09999999999999999
0 0.14761904761904762 0.02142857142857143 0.02380952380952381 0.04285714285714286
0 0.09880952380952382 0.41428571428571426 0.02142857142857143 0.08571428571428572
0 0.07738095238095238 0.22142857142857142 0.026190476190476195 0.07142857142857142
0 0.009523809523809525 0.02857142857142857 0.01904761904761905 0.05714285714285714
0 0.048809523809523817 0.02142857142857143 0.011904761904761906 0.04285714285714286
0 0.027380952380952384 0.17857142857142858 0.01666666666666667 0.04285714285714286
0 0.029761904761904764 0.11428571428571428 0.02142857142857143 0.05714285714285714
0 0.09404761904761906 0.6071428571428571 0.011904761904761906 0.07142857142857142
0 0.18095238095238098 0.6857142857142857 0.009523809523809525 0.17142857142857143
0 0.16785714285714287 0.6714285714285714 0.01666666666666667 0.05714285714285714
0 0.18809523809523812 0.5642857142857143 0.028571428571428574 0.04285714285714286
0 0.20595238095238097 0.12857142857142856 0.011904761904761906 0.05714285714285714
0 0.19880952380952382 0.20714285714285713 0.030952380952380953 0.04285714285714286
0 0.18452380952380953 0.1357142857142857 0.01666666666666667 0.07142857142857142
0 0.2821428571428572 0.007142857142857143 0.01666666666666667 0.014285714285714285
0 0.31309523809523815 0.09999999999999999 0.02142857142857143 0.11428571428571428
0 0.2535714285714286 0.40714285714285714 0.01666666666666667 0.04285714285714286
0 0.2785714285714286 0.6071428571428571 0.01904761904761905 0.07142857142857142
0 0.2690476190476191 0.7642857142857142 0.014285714285714287 0.07142857142857142
0 0.27380952380952384 0.9214285714285714 0.03333333333333334 0.12857142857142856
0 0.30119047619047623 0.9428571428571428 0.01666666666666667 0.08571428571428572
0 0.13333333333333336 0.6285714285714286 0.014285714285714287 0.08571428571428572
0 0.13571428571428573 0.7785714285714286 0.01904761904761905 0.07142857142857142
0 0.09047619047619049 0.85 0.009523809523809525 0.07142857142857142
0 0.2511904761904762 0.17142857142857143 0.026190476190476195 0.05714285714285714
0 0.255952380952381 0.014285714285714285 0.01666666666666667 0.02857142857142857
0 0.2285714285714286 0.65 0.014285714285714287 0.04285714285714286
0 0.3726190476190476 0.8714285714285714 0.01666666666666667 0.05714285714285714
0 0.3452380952380953 0.7857142857142857 0.03333333333333334 0.11428571428571428
0 0.4142857142857143 0.2642857142857143 0.01904761904761905 0.09999999999999999
0 0.3678571428571429 0.03571428571428571 0.011904761904761906 0.07142857142857142
0 0.37380952380952387 0.2642857142857143 0.01904761904761905 0.07142857142857142
0 0.3297619047619048 0.29285714285714287 0.011904761904761906 0.07142857142857142
0 0.3261904761904762 0.36428571428571427 0.01904761904761905 0.04285714285714286
0 0.34880952380952385 0.2857142857142857 0.01666666666666667 0.05714285714285714
0 0.36190476190476195 0.6214285714285714 0.014285714285714287 0.07142857142857142
0 0.37738095238095243 0.7214285714285714 0.01666666666666667 0.07142857142857142
0 0.29880952380952386 0.65 0.01666666666666667 0.07142857142857142
0 0.37738095238095243 0.44285714285714284 0.045238095238095244 0.14285714285714285
0 0.5880952380952381 0.8428571428571429 0.014285714285714287 0.05714285714285714
0 0.5238095238095238 0.7428571428571429 0.014285714285714287 0.11428571428571428
0 0.6071428571428572 0.6285714285714286 0.028571428571428574 0.05714285714285714
0 0.6214285714285714 0.3142857142857143 0.01904761904761905 0.05714285714285714
0 0.5857142857142857 0.22857142857142856 0.01904761904761905 0.05714285714285714
0 0.6190476190476191 0.1357142857142857 0.014285714285714287 0.04285714285714286
0 0.4833333333333334 0.17142857142857143 0.01904761904761905 0.08571428571428572
0 0.4440476190476191 0.22857142857142856 0.026190476190476195 0.05714285714285714
0 0.42619047619047623 0.02142857142857143 0.014285714285714287 0.04285714285714286
0 0.25 0.2642857142857143 0.014285714285714287 0.07142857142857142
0 0.2404761904761905 0.3357142857142857 0.01904761904761905 0.04285714285714286
0 0.3404761904761905 0.4357142857142857 0.014285714285714287 0.07142857142857142
0 0.30000000000000004 0.5571428571428572 0.014285714285714287 0.05714285714285714
0 0.30714285714285716 0.44285714285714284 0.014285714285714287 0.05714285714285714
0 0.34285714285714286 0.02857142857142857 0.014285714285714287 0.05714285714285714
0 0.3273809523809524 0.02142857142857143 0.011904761904761906 0.04285714285714286
0 0.4202380952380953 0.1357142857142857 0.01666666666666667 0.07142857142857142
0 0.4130952380952381 0.06428571428571428 0.01666666666666667 0.04285714285714286
0 0.3916666666666667 0.05714285714285714 0.01666666666666667 0.05714285714285714
0 0.3511904761904762 0.09999999999999999 0.02142857142857143 0.05714285714285714
0 0.3416666666666667 0.19285714285714284 0.011904761904761906 0.07142857142857142
0 0.27380952380952384 0.3 0.01904761904761905 0.05714285714285714
0 0.3952380952380953 0.65 0.014285714285714287 0.07142857142857142
0 0.37738095238095243 0.5857142857142857 0.01666666666666667 0.05714285714285714
0 0.38452380952380955 0.17857142857142858 0.01666666666666667 0.07142857142857142
0 0.4833333333333334 0.9142857142857143 0.01904761904761905 0.08571428571428572
0 0.5202380952380953 0.95 0.011904761904761906 0.07142857142857142
0 0.5511904761904762 0.8285714285714285 0.01666666666666667 0.05714285714285714
0 0.5535714285714286 0.7571428571428571 0.01666666666666667 0.05714285714285714
0 0.555952380952381 0.9142857142857143 0.011904761904761906 0.05714285714285714
0 0.5904761904761905 0.9285714285714285 0.014285714285714287 0.05714285714285714
0 0.6392857142857143 0.6785714285714286 0.01666666666666667 0.07142857142857142
0 0.7083333333333334 0.7428571428571429 0.01666666666666667 0.05714285714285714
0 0.5095238095238096 0.45714285714285713 0.01904761904761905 0.08571428571428572
0 0.46071428571428574 0.5428571428571428 0.01666666666666667 0.05714285714285714
0 0.44523809523809527 0.39999999999999997 0.014285714285714287 0.05714285714285714
0 0.4678571428571429 0.39999999999999997 0.026190476190476195 0.05714285714285714
0 0.4678571428571429 0.3357142857142857 0.011904761904761906 0.07142857142857142
0 0.45119047619047625 0.3142857142857143 0.011904761904761906 0.05714285714285714
0 0.40952380952380957 0.44285714285714284 0.01904761904761905 0.05714285714285714
0 0.4416666666666667 0.5785714285714285 0.01666666666666667 0.04285714285714286
0 0.4571428571428572 0.7714285714285714 0.014285714285714287 0.05714285714285714
0 0.4773809523809524 0.65 0.011904761904761906 0.07142857142857142
0 0.4297619047619048 0.65 0.01666666666666667 0.09999999999999999
0 0.39761904761904765 0.7571428571428571 0.01904761904761905 0.05714285714285714
0 0.4023809523809524 0.8214285714285714 0.01904761904761905 0.04285714285714286
0 0.29880952380952386 0.22857142857142856 0.011904761904761906 0.14285714285714285
0 0.5202380952380953 0.04285714285714286 0.011904761904761906 0.05714285714285714
0 0.5 0.007142857142857143 0.014285714285714287 0.014285714285714285
0 0.4678571428571429 0.17857142857142858 0.011904761904761906 0.07142857142857142
0 0.45000000000000007 0.03571428571428571 0.014285714285714287 0.07142857142857142
0 0.5023809523809524 0.7714285714285714 0.02380952380952381 0.05714285714285714
0 0.48571428571428577 0.7214285714285714 0.01904761904761905 0.04285714285714286
0 0.44642857142857145 0.9214285714285714 0.01666666666666667 0.04285714285714286
0 0.4285714285714286 0.44285714285714284 0.014285714285714287 0.05714285714285714
0 0.5261904761904762 0.3214285714285714 0.014285714285714287 0.07142857142857142
0 0.5440476190476191 0.20714285714285713 0.02142857142857143 0.09999999999999999
0 0.5440476190476191 0.29285714285714287 0.01666666666666667 0.07142857142857142
0 0.5702380952380953 0.049999999999999996 0.01666666666666667 0.07142857142857142
0 0.5392857142857144 0.12142857142857143 0.026190476190476195 0.04285714285714286
0 0.525 0.22142857142857142 0.01666666666666667 0.04285714285714286
0 0.48571428571428577 0.2642857142857143 0.028571428571428574 0.07142857142857142
0 0.4761904761904762 0.08571428571428572 0.009523809523809525 0.05714285714285714
0 0.4488095238095238 0.15714285714285714 0.02142857142857143 0.05714285714285714
0 0.46190476190476193 0.4714285714285714 0.01904761904761905 0.05714285714285714
0 0.5595238095238095 0.6642857142857143 0.02380952380952381 0.07142857142857142
0 0.5476190476190477 0.5857142857142857 0.01904761904761905 0.05714285714285714
0 0.525 0.6 0.02142857142857143 0.05714285714285714
0 0.4916666666666667 0.6428571428571428 0.011904761904761906 0.05714285714285714
0 0.4630952380952381 0.8714285714285714 0.01666666666666667 0.05714285714285714
0 0.49880952380952387 0.5428571428571428 0.01666666666666667 0.05714285714285714
0 0.4785714285714286 0.5571428571428572 0.009523809523809525 0.05714285714285714
0 0.4547619047619048 0.6357142857142857 0.01904761904761905 0.04285714285714286
0 0.4416666666666667 0.8142857142857143 0.011904761904761906 0.05714285714285714
0 0.42261904761904767 0.9 0.01666666666666667 0.05714285714285714
0 0.42380952380952386 0.9642857142857143 0.014285714285714287 0.04285714285714286
0 0.5023809523809524 0.9071428571428571 0.014285714285714287 0.04285714285714286
0 0.5035714285714287 0.8428571428571429 0.02142857142857143 0.05714285714285714
0 0.5285714285714286 0.4857142857142857 0.014285714285714287 0.05714285714285714
0 0.6130952380952381 0.03571428571428571 0.02142857142857143 0.07142857142857142
0 0.5976190476190477 0.11428571428571428 0.01904761904761905 0.05714285714285714
0 0.6083333333333334 0.2571428571428571 0.011904761904761906 0.05714285714285714
0 0.6416666666666667 0.39999999999999997 0.011904761904761906 0.05714285714285714
0 0.6488095238095238 0.75 0.01666666666666667 0.04285714285714286
0 0.6202380952380953 0.8928571428571428 0.02142857142857143 0.04285714285714286
0 0.5976190476190477 0.7714285714285714 0.028571428571428574 0.05714285714285714
0 0.5726190476190477 0.4357142857142857 0.026190476190476195 0.04285714285714286
0 0.6642857142857144 0.8642857142857142 0.01904761904761905 0.12857142857142856
0 0.6130952380952381 0.8357142857142857 0.03571428571428572 0.04285714285714286
0 0.5761904761904763 0.9642857142857143 0.014285714285714287 0.04285714285714286
0 0.5750000000000001 0.8142857142857143 0.011904761904761906 0.05714285714285714
0 0.5821428571428572 0.5499999999999999 0.01666666666666667 0.07142857142857142
0 0.6464285714285715 0.07857142857142857 0.01666666666666667 0.07142857142857142
0 0.6000000000000001 0.4714285714285714 0.01904761904761905 0.08571428571428572
0 0.5583333333333333 0.5 0.01666666666666667 0.05714285714285714
0 0.611904761904762 0.7 0.028571428571428574 0.08571428571428572
0 0.6738095238095239 0.7428571428571429 0.028571428571428574 0.05714285714285714
0 0.7654761904761905 0.9071428571428571 0.011904761904761906 0.07142857142857142
0 0.8 0.95 0.014285714285714287 0.07142857142857142
0 0.7357142857142858 0.6928571428571428 0.0380952380952381 0.07142857142857142
0 0.7285714285714286 0.8428571428571429 0.014285714285714287 0.05714285714285714
0 0.830952380952381 0.5642857142857143 0.014285714285714287 0.07142857142857142
0 0.842857142857143 0.3857142857142857 0.014285714285714287 0.11428571428571428
0 0.7904761904761906 0.3071428571428571 0.028571428571428574 0.07142857142857142
0 0.7821428571428573 0.25 0.01666666666666667 0.04285714285714286
0 0.7488095238095239 0.03571428571428571 0.02142857142857143 0.07142857142857142
0 0.7142857142857143 0.11428571428571428 0.01904761904761905 0.05714285714285714
0 0.6940476190476191 0.20714285714285713 0.02142857142857143 0.07142857142857142
0 0.686904761904762 0.10714285714285714 0.011904761904761906 0.09999999999999999
0 0.6190476190476191 0.5642857142857143 0.02380952380952381 0.04285714285714286
0 0.5988095238095239 0.5571428571428572 0.011904761904761906 0.05714285714285714
0 0.5821428571428572 0.6214285714285714 0.01666666666666667 0.04285714285714286
0 0.6666666666666667 0.19999999999999998 0.028571428571428574 0.05714285714285714
0 0.7357142857142858 0.14285714285714285 0.014285714285714287 0.05714285714285714
0 0.7488095238095239 0.18571428571428572 0.02142857142857143 0.08571428571428572
0 0.9083333333333334 0.049999999999999996 0.02142857142857143 0.09999999999999999
0 0.8714285714285716 0.42857142857142855 0.03333333333333334 0.05714285714285714
0 0.8916666666666667 0.5499999999999999 0.01666666666666667 0.07142857142857142
0 0.9214285714285715 0.3357142857142857 0.028571428571428574 0.04285714285714286
0 0.925 0.5571428571428572 0.011904761904761906 0.05714285714285714
0 0.9142857142857144 0.4357142857142857 0.014285714285714287 0.07142857142857142
0 0.9309523809523811 0.19285714285714284 0.02380952380952381 0.09999999999999999
0 0.9333333333333335 0.2785714285714286 0.02380952380952381 0.04285714285714286
0 0.9785714285714286 0.3071428571428571 0.014285714285714287 0.07142857142857142
0 0.9797619047619048 0.3857142857142857 0.01666666666666667 0.05714285714285714
0 0.9571428571428572 0.17857142857142858 0.009523809523809525 0.04285714285714286
0 0.8630952380952381 0.07142857142857142 0.01666666666666667 0.05714285714285714
0 0.8107142857142858 0.22857142857142856 0.02142857142857143 0.05714285714285714
0 0.7904761904761906 0.15714285714285714 0.02380952380952381 0.05714285714285714
0 0.7785714285714287 0.02142857142857143 0.01904761904761905 0.04285714285714286
0 0.8083333333333335 0.014285714285714285 0.01666666666666667 0.02857142857142857
0 0.8261904761904763 0.6928571428571428 0.009523809523809525 0.07142857142857142
0 0.8238095238095239 0.85 0.014285714285714287 0.07142857142857142
0 0.8738095238095239 0.7928571428571428 0.014285714285714287 0.07142857142857142
0 0.9738095238095239 0.95 0.014285714285714287 0.07142857142857142
0 0.9571428571428572 0.6642857142857143 0.014285714285714287 0.07142857142857142
0 0.9476190476190477 0.5928571428571429 0.02380952380952381 0.04285714285714286
0 0.9309523809523811 0.5071428571428571 0.02380952380952381 0.04285714285714286
0 0.9345238095238096 0.42142857142857143 0.01666666666666667 0.09999999999999999
0 0.9535714285714286 0.02857142857142857 0.011904761904761906 0.05714285714285714
0 0.8571428571428572 0.7142857142857143 0.01904761904761905 0.08571428571428572
0 0.8357142857142857 0.7571428571428571 0.014285714285714287 0.05714285714285714
0 0.8535714285714286 0.5142857142857142 0.011904761904761906 0.05714285714285714
0 0.8714285714285716 0.4857142857142857 0.01904761904761905 0.05714285714285714
0 0.8047619047619048 0.5499999999999999 0.02380952380952381 0.09999999999999999
0 0.7976190476190477 0.7642857142857142 0.028571428571428574 0.07142857142857142
0 0.7738095238095238 0.6714285714285714 0.01904761904761905 0.05714285714285714
0 0.43809523809523815 0.5142857142857142 0.02380952380952381 0.05714285714285714
0 0.39642857142857146 0.5642857142857143 0.01666666666666667 0.07142857142857142
0 0.7357142857142858 0.9285714285714285 0.028571428571428574 0.08571428571428572
0 0.8880952380952382 0.8785714285714286 0.014285714285714287 0.07142857142857142
0 0.980952380952381 0.15 0.028571428571428574 0.07142857142857142
0 0.9761904761904763 0.21428571428571427 0.014285714285714287 0.05714285714285714
0 0.9571428571428572 0.2857142857142857 0.01904761904761905 0.05714285714285714
0 0.8702380952380954 0.6285714285714286 0.026190476190476195 0.05714285714285714
0 0.8976190476190476 0.6785714285714286 0.02380952380952381 0.07142857142857142
0 0.8928571428571429 0.6142857142857142 0.01904761904761905 0.05714285714285714
0 0.9178571428571429 0.9285714285714285 0.011904761904761906 0.11428571428571428
0 0.955952380952381 0.9571428571428571 0.01666666666666667 0.05714285714285714
0 0.9940476190476192 0.4857142857142857 0.0071428571428571435 0.08571428571428572
0 0.992857142857143 0.36428571428571427 0.009523809523809525 0.07142857142857142
0 0.8916666666666667 0.2357142857142857 0.026190476190476195 0.07142857142857142
0 0.8607142857142858 0.24285714285714285 0.011904761904761906 0.11428571428571428
0 0.7285714285714286 0.34285714285714286 0.014285714285714287 0.05714285714285714
0 0.7166666666666668 0.2857142857142857 0.01904761904761905 0.05714285714285714
0 0.8357142857142857 0.07142857142857142 0.014285714285714287 0.08571428571428572
0 0.9321428571428573 0.09999999999999999 0.02142857142857143 0.05714285714285714
0 0.9642857142857144 0.7714285714285714 0.01904761904761905 0.05714285714285714
0 0.011904761904761906 0.5714285714285714 0.02380952380952381 0.05714285714285714
0 0.07023809523809524 0.7571428571428571 0.01666666666666667 0.05714285714285714
0 0.1511904761904762 0.37857142857142856 0.01666666666666667 0.07142857142857142
0 0.17142857142857143 0.02857142857142857 0.014285714285714287 0.05714285714285714
0 0.011904761904761906 0.6357142857142857 0.02380952380952381 0.04285714285714286
1 0.7523809523809525 0.3357142857142857 0.0380952380952381 0.24285714285714285
1 0.9285714285714286 0.75 0.04285714285714286 0.32857142857142857
1 0.6880952380952382 0.4928571428571428 0.07142857142857144 0.44285714285714284
1 0.325 0.5642857142857143 0.03571428571428572 0.21428571428571427
1 0.06547619047619048 0.4928571428571428 0.04047619047619048 0.24285714285714285
