0 0.8702380952380954 0.5571428571428572 0.02142857142857143 0.14285714285714285
0 0.7940476190476191 0.6285714285714286 0.01666666666666667 0.11428571428571428
0 0.21309523809523812 0.15 0.011904761904761906 0.09999999999999999
0 0.41071428571428575 0.17857142857142858 0.011904761904761906 0.09999999999999999
0 0.3154761904761905 0.22857142857142856 0.01666666666666667 0.05714285714285714
0 0.2392857142857143 0.5499999999999999 0.01666666666666667 0.09999999999999999
0 0.17023809523809524 0.9214285714285714 0.011904761904761906 0.09999999999999999
0 0.07738095238095238 0.9642857142857143 0.011904761904761906 0.04285714285714286
0 0.692857142857143 0.3357142857142857 0.014285714285714287 0.07142857142857142
0 0.35595238095238096 0.42142857142857143 0.01666666666666667 0.09999999999999999
0 0.24642857142857144 0.2785714285714286 0.011904761904761906 0.07142857142857142
0 0.7952380952380953 0.12142857142857143 0.01904761904761905 0.24285714285714285
0 0.45238095238095244 0.40714285714285714 0.02380952380952381 0.09999999999999999
0 0.026190476190476195 0.09999999999999999 0.01904761904761905 0.08571428571428572
0 0.6178571428571429 0.6071428571428571 0.01666666666666667 0.09999999999999999
