0 0.9702380952380953 0.6071428571428571 0.02142857142857143 0.15714285714285714
0 0.7809523809523811 0.21428571428571427 0.03333333333333334 0.14285714285714285
0 0.6833333333333333 0.44285714285714284 0.01904761904761905 0.11428571428571428
0 0.8285714285714286 0.3214285714285714 0.028571428571428574 0.18571428571428572
0 0.7547619047619049 0.5214285714285715 0.01904761904761905 0.09999999999999999
0 0.6916666666666668 0.6928571428571428 0.01666666666666667 0.12857142857142856
0 0.6321428571428572 0.6 0.01666666666666667 0.14285714285714285
0 0.536904761904762 0.07142857142857142 0.02142857142857143 0.14285714285714285
0 0.5130952380952382 0.46428571428571425 0.030952380952380953 0.15714285714285714
0 0.5773809523809524 0.37857142857142856 0.01666666666666667 0.12857142857142856
0 0.4285714285714286 0.34285714285714286 0.01904761904761905 0.11428571428571428
0 0.42261904761904767 0.5928571428571429 0.02142857142857143 0.12857142857142856
0 0.45238095238095244 0.6142857142857142 0.01904761904761905 0.08571428571428572
0 0.19642857142857145 0.2357142857142857 0.02142857142857143 0.12857142857142856
0 0.011904761904761906 0.29285714285714287 0.02380952380952381 0.09999999999999999
0 0.6226190476190476 0.8285714285714285 0.02142857142857143 0.11428571428571428
0 0.6011904761904763 0.75 0.01666666666666667 0.09999999999999999
0 0.8547619047619048 0.5499999999999999 0.01904761904761905 0.12857142857142856
0 0.7797619047619049 0.9 0.03571428571428572 0.17142857142857143
0 0.717857142857143 0.9214285714285714 0.026190476190476195 0.09999999999999999
0 0.7357142857142858 0.15 0.028571428571428574 0.15714285714285714
0 0.5095238095238096 0.9142857142857143 0.03333333333333334 0.14285714285714285
0 0.9392857142857144 0.5785714285714285 0.01666666666666667 0.15714285714285714
0 0.911904761904762 0.17857142857142858 0.014285714285714287 0.09999999999999999
0 0.7000000000000001 0.08571428571428572 0.02380952380952381 0.11428571428571428
0 0.9238095238095239 0.9214285714285714 0.01904761904761905 0.12857142857142856
0 0.9833333333333334 0.8928571428571428 0.01904761904761905 0.15714285714285714
0 0.1630952380952381 0.20714285714285713 0.02142857142857143 0.12857142857142856
0 0.16071428571428573 0.37857142857142856 0.026190476190476195 0.09999999999999999
0 0.3547619047619048 0.3 0.01904761904761905 0.11428571428571428
0 0.675 0.3 0.026190476190476195 0.11428571428571428
