0 0.4428571428571429 0.6714285714285714 0.0380952380952381 0.14285714285714285
0 0.3880952380952381 0.5928571428571429 0.028571428571428574 0.12857142857142856
0 0.4154761904761905 0.41428571428571426 0.02142857142857143 0.08571428571428572
0 0.530952380952381 0.42857142857142855 0.01904761904761905 0.08571428571428572
0 0.46071428571428574 0.16428571428571428 0.011904761904761906 0.07142857142857142
0 0.4571428571428572 0.42857142857142855 0.02380952380952381 0.08571428571428572
0 0.2833333333333334 0.7285714285714285 0.014285714285714287 0.08571428571428572
0 0.11904761904761905 0.25 0.014285714285714287 0.07142857142857142
0 0.12619047619047621 0.04285714285714286 0.02380952380952381 0.05714285714285714
0 0.5214285714285715 0.04285714285714286 0.01904761904761905 0.08571428571428572
0 0.536904761904762 0.19999999999999998 0.01666666666666667 0.05714285714285714
0 0.29761904761904767 0.46428571428571425 0.028571428571428574 0.09999999999999999
0 0.2904761904761905 0.5714285714285714 0.014285714285714287 0.08571428571428572
0 0.01666666666666667 0.20714285714285713 0.01904761904761905 0.07142857142857142
0 0.009523809523809525 0.014285714285714285 0.014285714285714287 0.02857142857142857
0 0.04047619047619048 0.14285714285714285 0.02380952380952381 0.08571428571428572
0 0.7392857142857143 0.06428571428571428 0.02142857142857143 0.07142857142857142
0 0.7214285714285715 0.41428571428571426 0.014285714285714287 0.17142857142857143
0 0.6285714285714287 0.5571428571428572 0.01904761904761905 0.08571428571428572
0 0.3464285714285715 0.4714285714285714 0.01666666666666667 0.08571428571428572
0 0.675 0.5357142857142857 0.030952380952380953 0.07142857142857142
0 0.7333333333333334 0.6857142857142857 0.01904761904761905 0.05714285714285714
0 0.880952380952381 0.47857142857142854 0.014285714285714287 0.09999999999999999
0 0.08690476190476192 0.5928571428571429 0.01666666666666667 0.07142857142857142
0 0.030952380952380953 0.7999999999999999 0.014285714285714287 0.11428571428571428
0 0.026190476190476195 0.6 0.01904761904761905 0.08571428571428572
0 0.051190476190476196 0.8285714285714285 0.01666666666666667 0.05714285714285714
0 0.06904761904761905 0.7214285714285714 0.01904761904761905 0.07142857142857142
0 0.5166666666666667 0.7285714285714285 0.01904761904761905 0.08571428571428572
0 0.8892857142857143 0.2642857142857143 0.02142857142857143 0.15714285714285714
0 0.8535714285714286 0.17857142857142858 0.02142857142857143 0.07142857142857142
0 0.9011904761904763 0.09285714285714286 0.02142857142857143 0.07142857142857142
0 0.9630952380952382 0.42857142857142855 0.02142857142857143 0.05714285714285714
0 0.9083333333333334 0.6857142857142857 0.01666666666666667 0.05714285714285714
0 0.8488095238095239 0.5 0.01666666666666667 0.08571428571428572
0 0.5869047619047619 0.22142857142857142 0.01666666666666667 0.07142857142857142
0 0.6202380952380953 0.36428571428571427 0.026190476190476195 0.09999999999999999
0 0.17380952380952383 0.3357142857142857 0.01904761904761905 0.09999999999999999
0 0.24523809523809526 0.3357142857142857 0.014285714285714287 0.07142857142857142
0 0.28571428571428575 0.007142857142857143 0.01904761904761905 0.014285714285714285
0 0.15714285714285717 0.7857142857142857 0.01904761904761905 0.08571428571428572
0 0.12023809523809526 0.39285714285714285 0.02142857142857143 0.12857142857142856
0 0.6321428571428572 0.19999999999999998 0.030952380952380953 0.08571428571428572
0 0.7119047619047619 0.05714285714285714 0.014285714285714287 0.11428571428571428
0 0.9214285714285715 0.47857142857142854 0.014285714285714287 0.07142857142857142
0 0.9630952380952382 0.6714285714285714 0.026190476190476195 0.05714285714285714
0 0.9690476190476192 0.5642857142857143 0.01904761904761905 0.09999999999999999
0 0.24523809523809526 0.75 0.014285714285714287 0.07142857142857142
0 0.21666666666666667 0.6785714285714286 0.01904761904761905 0.07142857142857142
0 0.24642857142857144 0.12857142857142856 0.01666666666666667 0.05714285714285714
0 0.18333333333333335 0.18571428571428572 0.02380952380952381 0.05714285714285714
0 0.7583333333333334 0.5071428571428571 0.01666666666666667 0.09999999999999999
0 0.7380952380952381 0.32857142857142857 0.014285714285714287 0.08571428571428572
0 0.18571428571428572 0.45714285714285713 0.01904761904761905 0.08571428571428572
0 0.21904761904761907 0.08571428571428572 0.02380952380952381 0.05714285714285714
