0 0.11309523809523811 0.7999999999999999 0.02142857142857143 0.08571428571428572
0 0.1142857142857143 0.29285714285714287 0.01904761904761905 0.09999999999999999
0 0.013095238095238097 0.10714285714285714 0.011904761904761906 0.07142857142857142
0 0.002380952380952381 0.35714285714285715 0.004761904761904762 0.08571428571428572
0 0.07857142857142858 0.6285714285714286 0.01904761904761905 0.05714285714285714
0 0.15714285714285717 0.6285714285714286 0.014285714285714287 0.05714285714285714
0 0.21666666666666667 0.6571428571428571 0.014285714285714287 0.08571428571428572
0 0.1273809523809524 0.7071428571428571 0.02142857142857143 0.07142857142857142
0 0.2833333333333334 0.42857142857142855 0.014285714285714287 0.08571428571428572
0 0.2142857142857143 0.25 0.014285714285714287 0.07142857142857142
0 0.255952380952381 0.18571428571428572 0.01666666666666667 0.08571428571428572
0 0.15357142857142858 0.15 0.02142857142857143 0.07142857142857142
0 0.11071428571428572 0.6071428571428571 0.02142857142857143 0.07142857142857142
0 0.33571428571428574 0.36428571428571427 0.01904761904761905 0.07142857142857142
0 0.430952380952381 0.02857142857142857 0.01904761904761905 0.05714285714285714
0 0.4928571428571429 0.3142857142857143 0.01904761904761905 0.08571428571428572
0 0.5797619047619048 0.5285714285714286 0.01666666666666667 0.11428571428571428
0 0.6261904761904763 0.39285714285714285 0.01904761904761905 0.09999999999999999
0 0.6142857142857143 0.6571428571428571 0.01904761904761905 0.08571428571428572
0 0.811904761904762 0.47857142857142854 0.01904761904761905 0.12857142857142856
0 0.7511904761904763 0.014285714285714285 0.02142857142857143 0.02857142857142857
0 0.7380952380952381 0.47857142857142854 0.01904761904761905 0.09999999999999999
0 0.6583333333333334 0.37857142857142856 0.02142857142857143 0.07142857142857142
0 0.8345238095238096 0.7285714285714285 0.01666666666666667 0.08571428571428572
0 0.9130952380952382 0.7928571428571428 0.01666666666666667 0.09999999999999999
0 0.9916666666666668 0.7357142857142857 0.011904761904761906 0.09999999999999999
0 0.9273809523809524 0.32857142857142857 0.045238095238095244 0.14285714285714285
0 0.7857142857142858 0.08571428571428572 0.02380952380952381 0.08571428571428572
0 0.8464285714285715 0.09999999999999999 0.02142857142857143 0.08571428571428572
0 0.8440476190476192 0.2714285714285714 0.02142857142857143 0.08571428571428572
0 0.9107142857142858 0.10714285714285714 0.02142857142857143 0.12857142857142856
0 0.7535714285714287 0.15714285714285714 0.02142857142857143 0.08571428571428572
0 0.661904761904762 0.09999999999999999 0.02380952380952381 0.11428571428571428
0 0.31309523809523815 0.5428571428571428 0.02142857142857143 0.05714285714285714
0 0.1630952380952381 0.47857142857142854 0.02142857142857143 0.07142857142857142
0 0.42261904761904767 0.5642857142857143 0.02142857142857143 0.09999999999999999
0 0.9440476190476191 0.5 0.030952380952380953 0.08571428571428572
0 0.3916666666666667 0.42857142857142855 0.01666666666666667 0.05714285714285714
0 0.5273809523809524 0.11428571428571428 0.01666666666666667 0.05714285714285714
0 0.717857142857143 0.6642857142857143 0.026190476190476195 0.07142857142857142
0 0.7297619047619048 0.6214285714285714 0.02142857142857143 0.07142857142857142
0 0.7035714285714286 0.39999999999999997 0.030952380952380953 0.08571428571428572
0 0.6773809523809524 0.8357142857142857 0.02142857142857143 0.07142857142857142
0 0.992857142857143 0.049999999999999996 0.009523809523809525 0.07142857142857142
0 0.7904761904761906 0.6357142857142857 0.02380952380952381 0.07142857142857142
0 0.3190476190476191 0.07142857142857142 0.01904761904761905 0.14285714285714285
0 0.255952380952381 0.3071428571428571 0.02142857142857143 0.09999999999999999
