0 0.09047619047619049 0.6285714285714286 0.01904761904761905 0.05714285714285714
0 0.18809523809523812 0.37857142857142856 0.01904761904761905 0.09999999999999999
0 0.23214285714285715 0.6571428571428571 0.01666666666666667 0.08571428571428572
0 0.18214285714285716 0.8142857142857143 0.02142857142857143 0.05714285714285714
0 0.3452380952380953 0.7071428571428571 0.01904761904761905 0.07142857142857142
0 0.330952380952381 0.40714285714285714 0.014285714285714287 0.07142857142857142
0 0.380952380952381 0.12142857142857143 0.01904761904761905 0.07142857142857142
0 0.2702380952380953 0.22142857142857142 0.01666666666666667 0.09999999999999999
0 0.2892857142857143 0.36428571428571427 0.01666666666666667 0.09999999999999999
0 0.22619047619047622 0.3357142857142857 0.014285714285714287 0.07142857142857142
0 0.40952380952380957 0.6 0.014285714285714287 0.08571428571428572
0 0.43214285714285716 0.5214285714285715 0.02142857142857143 0.07142857142857142
0 0.4130952380952381 0.7071428571428571 0.01666666666666667 0.07142857142857142
0 0.3583333333333334 0.17857142857142858 0.01666666666666667 0.07142857142857142
0 0.1630952380952381 0.16428571428571428 0.01666666666666667 0.07142857142857142
0 0.010714285714285714 0.6 0.02142857142857143 0.08571428571428572
0 0.31428571428571433 0.47857142857142854 0.014285714285714287 0.07142857142857142
0 0.4404761904761905 0.16428571428571428 0.03333333333333334 0.12857142857142856
0 0.6178571428571429 0.5499999999999999 0.01666666666666667 0.18571428571428572
0 0.6202380952380953 0.08571428571428572 0.01666666666666667 0.08571428571428572
0 0.6654761904761906 0.36428571428571427 0.01666666666666667 0.07142857142857142
0 0.7166666666666668 0.19999999999999998 0.014285714285714287 0.08571428571428572
0 0.730952380952381 0.17142857142857143 0.014285714285714287 0.05714285714285714
0 0.7535714285714287 0.6214285714285714 0.01666666666666667 0.12857142857142856
0 0.7916666666666667 0.6857142857142857 0.01666666666666667 0.08571428571428572
0 0.8369047619047619 0.6357142857142857 0.01666666666666667 0.09999999999999999
0 0.811904761904762 0.40714285714285714 0.02380952380952381 0.07142857142857142
0 0.8535714285714286 0.03571428571428571 0.01666666666666667 0.07142857142857142
0 0.9011904761904763 0.22142857142857142 0.01666666666666667 0.07142857142857142
0 0.9392857142857144 0.05714285714285714 0.01666666666666667 0.08571428571428572
0 0.911904761904762 0.014285714285714285 0.01904761904761905 0.02857142857142857
0 0.8964285714285715 0.5428571428571428 0.026190476190476195 0.08571428571428572
0 0.9476190476190477 0.39999999999999997 0.01904761904761905 0.14285714285714285
0 0.9285714285714286 0.8071428571428572 0.014285714285714287 0.07142857142857142
0 0.8690476190476192 0.2714285714285714 0.014285714285714287 0.05714285714285714
0 0.9595238095238096 0.6214285714285714 0.01904761904761905 0.09999999999999999
0 0.034523809523809526 0.19285714285714284 0.01666666666666667 0.07142857142857142
0 0.27142857142857146 0.10714285714285714 0.028571428571428574 0.07142857142857142
0 0.2642857142857143 0.36428571428571427 0.01904761904761905 0.07142857142857142
0 0.811904761904762 0.2857142857142857 0.014285714285714287 0.11428571428571428
