0 0.028571428571428574 0.24285714285714285 0.01904761904761905 0.05714285714285714
0 0.010714285714285714 0.45714285714285713 0.01666666666666667 0.08571428571428572
0 0.028571428571428574 0.5428571428571428 0.014285714285714287 0.08571428571428572
0 0.04404761904761905 0.7285714285714285 0.011904761904761906 0.05714285714285714
0 0.06904761904761905 0.6714285714285714 0.014285714285714287 0.08571428571428572
0 0.10833333333333334 0.7785714285714286 0.011904761904761906 0.07142857142857142
0 0.15833333333333335 0.18571428571428572 0.01666666666666667 0.08571428571428572
0 0.18809523809523812 0.15714285714285714 0.028571428571428574 0.08571428571428572
0 0.2154761904761905 0.10714285714285714 0.01666666666666667 0.15714285714285714
0 0.23571428571428574 0.39999999999999997 0.014285714285714287 0.05714285714285714
0 0.19285714285714287 0.6214285714285714 0.01904761904761905 0.12857142857142856
0 0.21309523809523812 0.4857142857142857 0.02142857142857143 0.08571428571428572
0 0.33333333333333337 0.02142857142857143 0.014285714285714287 0.04285714285714286
0 0.2916666666666667 0.19285714285714284 0.01666666666666667 0.09999999999999999
0 0.31309523809523815 0.3142857142857143 0.01666666666666667 0.11428571428571428
0 0.3523809523809524 0.40714285714285714 0.02380952380952381 0.09999999999999999
0 0.41190476190476194 0.5071428571428571 0.02380952380952381 0.07142857142857142
0 0.4273809523809524 0.7714285714285714 0.01666666666666667 0.08571428571428572
0 0.3523809523809524 0.5 0.02380952380952381 0.08571428571428572
0 0.5071428571428572 0.7285714285714285 0.014285714285714287 0.08571428571428572
0 0.46666666666666673 0.08571428571428572 0.01904761904761905 0.08571428571428572
0 0.4297619047619048 0.15 0.02142857142857143 0.07142857142857142
0 0.49523809523809526 0.02857142857142857 0.014285714285714287 0.05714285714285714
0 0.48809523809523814 0.15714285714285714 0.01904761904761905 0.14285714285714285
0 0.5285714285714286 0.22142857142857142 0.014285714285714287 0.07142857142857142
0 0.567857142857143 0.4357142857142857 0.011904761904761906 0.07142857142857142
0 0.7238095238095239 0.5714285714285714 0.028571428571428574 0.11428571428571428
0 0.7297619047619048 0.014285714285714285 0.01666666666666667 0.02857142857142857
0 0.7964285714285715 0.2714285714285714 0.011904761904761906 0.08571428571428572
0 0.8738095238095239 0.12142857142857143 0.014285714285714287 0.07142857142857142
0 0.9035714285714287 0.6428571428571428 0.02142857142857143 0.14285714285714285
0 0.855952380952381 0.45714285714285713 0.02142857142857143 0.08571428571428572
0 0.7940476190476191 0.5642857142857143 0.026190476190476195 0.07142857142857142
0 0.7773809523809525 0.3071428571428571 0.01666666666666667 0.04285714285714286
0 0.7833333333333334 0.17142857142857143 0.028571428571428574 0.11428571428571428
0 0.9416666666666668 0.09999999999999999 0.011904761904761906 0.08571428571428572
0 0.9654761904761906 0.7714285714285714 0.02142857142857143 0.08571428571428572
0 0.9202380952380953 0.5214285714285715 0.01666666666666667 0.07142857142857142
0 0.6547619047619048 0.3857142857142857 0.01904761904761905 0.08571428571428572
0 0.06190476190476191 0.22857142857142856 0.014285714285714287 0.08571428571428572
0 0.5880952380952381 0.5928571428571429 0.014285714285714287 0.07142857142857142
0 0.5321428571428571 0.5142857142857142 0.01666666666666667 0.08571428571428572
0 0.27261904761904765 0.34285714285714286 0.011904761904761906 0.08571428571428572
