0 0.3154761904761905 0.5928571428571429 0.01666666666666667 0.07142857142857142
0 0.3511904761904762 0.18571428571428572 0.01666666666666667 0.05714285714285714
0 0.405952380952381 0.05714285714285714 0.030952380952380953 0.11428571428571428
0 0.49523809523809526 0.12142857142857143 0.014285714285714287 0.09999999999999999
0 0.46547619047619054 0.2785714285714286 0.026190476190476195 0.09999999999999999
0 0.4047619047619048 0.46428571428571425 0.014285714285714287 0.09999999999999999
0 0.29642857142857143 0.09285714285714286 0.02142857142857143 0.07142857142857142
0 0.25238095238095243 0.09285714285714286 0.028571428571428574 0.04285714285714286
0 0.12142857142857144 0.07142857142857142 0.01904761904761905 0.14285714285714285
0 0.08333333333333334 0.5499999999999999 0.02380952380952381 0.09999999999999999
0 0.0642857142857143 0.46428571428571425 0.014285714285714287 0.04285714285714286
0 0.17380952380952383 0.5357142857142857 0.01904761904761905 0.07142857142857142
0 0.015476190476190477 0.22857142857142856 0.01666666666666667 0.08571428571428572
0 0.07380952380952381 0.36428571428571427 0.01904761904761905 0.07142857142857142
0 0.24523809523809526 0.6285714285714286 0.01904761904761905 0.11428571428571428
0 0.5547619047619048 0.11428571428571428 0.03333333333333334 0.22857142857142856
0 0.5988095238095239 0.45 0.01666666666666667 0.09999999999999999
0 0.6690476190476191 0.5071428571428571 0.02380952380952381 0.09999999999999999
0 0.7238095238095239 0.04285714285714286 0.05238095238095239 0.08571428571428572
0 0.692857142857143 0.6714285714285714 0.01904761904761905 0.05714285714285714
0 0.9380952380952382 0.39999999999999997 0.0380952380952381 0.08571428571428572
0 0.8880952380952382 0.7928571428571428 0.014285714285714287 0.07142857142857142
0 0.8071428571428572 0.6928571428571428 0.014285714285714287 0.07142857142857142
0 0.7154761904761905 0.6142857142857142 0.026190476190476195 0.08571428571428572
0 0.8821428571428572 0.6642857142857143 0.026190476190476195 0.07142857142857142
0 0.9404761904761906 0.8142857142857143 0.014285714285714287 0.08571428571428572
0 0.955952380952381 0.8714285714285714 0.01666666666666667 0.08571428571428572
0 0.9845238095238096 0.6214285714285714 0.026190476190476195 0.07142857142857142
0 0.5845238095238096 0.6785714285714286 0.011904761904761906 0.07142857142857142
0 0.43214285714285716 0.7428571428571429 0.01666666666666667 0.08571428571428572
0 0.10357142857142858 0.39285714285714285 0.02142857142857143 0.07142857142857142
0 0.15952380952380954 0.3357142857142857 0.01904761904761905 0.07142857142857142
0 0.21190476190476193 0.2714285714285714 0.01904761904761905 0.08571428571428572
0 0.04761904761904762 0.24285714285714285 0.01904761904761905 0.08571428571428572
0 0.830952380952381 0.18571428571428572 0.01904761904761905 0.14285714285714285
0 0.9154761904761906 0.2642857142857143 0.01666666666666667 0.09999999999999999
0 0.6202380952380953 0.6357142857142857 0.02142857142857143 0.09999999999999999
0 0.4821428571428572 0.7642857142857142 0.01666666666666667 0.07142857142857142
0 0.6190476190476191 0.014285714285714285 0.014285714285714287 0.02857142857142857
0 0.3547619047619048 0.42857142857142855 0.01904761904761905 0.08571428571428572
0 0.7095238095238096 0.40714285714285714 0.01904761904761905 0.09999999999999999
0 0.8130952380952382 0.5642857142857143 0.01666666666666667 0.12857142857142856
0 0.9440476190476191 0.24285714285714285 0.026190476190476195 0.08571428571428572
0 0.9916666666666668 0.05714285714285714 0.011904761904761906 0.08571428571428572
0 0.27142857142857146 0.45 0.02380952380952381 0.09999999999999999
