0 0.36071428571428577 0.47857142857142854 0.01666666666666667 0.09999999999999999
0 0.49880952380952387 0.06428571428571428 0.02142857142857143 0.12857142857142856
0 0.39880952380952384 0.2571428571428571 0.045238095238095244 0.08571428571428572
0 0.275 0.46428571428571425 0.01666666666666667 0.07142857142857142
0 0.18333333333333335 0.37142857142857144 0.01904761904761905 0.05714285714285714
0 0.013095238095238097 0.3142857142857143 0.01666666666666667 0.05714285714285714
0 0.053571428571428575 0.007142857142857143 0.02142857142857143 0.014285714285714285
0 0.13571428571428573 0.1357142857142857 0.01904761904761905 0.07142857142857142
0 0.09761904761904763 0.42857142857142855 0.014285714285714287 0.08571428571428572
0 0.19761904761904764 0.5214285714285715 0.014285714285714287 0.07142857142857142
0 0.2880952380952381 0.7357142857142857 0.01904761904761905 0.07142857142857142
0 0.29404761904761906 0.5642857142857143 0.02142857142857143 0.07142857142857142
0 0.3297619047619048 0.37142857142857144 0.01666666666666667 0.08571428571428572
0 0.4821428571428572 0.6428571428571428 0.011904761904761906 0.08571428571428572
0 0.4357142857142858 0.42857142857142855 0.02380952380952381 0.05714285714285714
0 0.6000000000000001 0.47857142857142854 0.01904761904761905 0.09999999999999999
0 0.661904761904762 0.8214285714285714 0.014285714285714287 0.07142857142857142
0 0.6476190476190476 0.5928571428571429 0.01904761904761905 0.07142857142857142
0 0.9690476190476192 0.5 0.01904761904761905 0.08571428571428572
0 0.9488095238095239 0.5142857142857142 0.011904761904761906 0.08571428571428572
0 0.9154761904761906 0.7285714285714285 0.01666666666666667 0.11428571428571428
0 0.9309523809523811 0.4857142857142857 0.01904761904761905 0.05714285714285714
0 0.9690476190476192 0.06428571428571428 0.01904761904761905 0.07142857142857142
0 0.7511904761904763 0.02857142857142857 0.01666666666666667 0.05714285714285714
0 0.5464285714285715 0.014285714285714285 0.01666666666666667 0.02857142857142857
0 0.49404761904761907 0.39999999999999997 0.02142857142857143 0.05714285714285714
0 0.4904761904761905 0.3142857142857143 0.02380952380952381 0.05714285714285714
0 0.3547619047619048 0.19285714285714284 0.028571428571428574 0.07142857142857142
0 0.43690476190476196 0.03571428571428571 0.026190476190476195 0.07142857142857142
0 0.6476190476190476 0.39285714285714285 0.014285714285714287 0.07142857142857142
0 0.6000000000000001 0.35 0.01904761904761905 0.09999999999999999
0 0.6702380952380953 0.2571428571428571 0.02142857142857143 0.08571428571428572
0 0.7154761904761905 0.17142857142857143 0.02142857142857143 0.08571428571428572
0 0.7928571428571429 0.12857142857142856 0.01904761904761905 0.08571428571428572
0 0.880952380952381 0.6214285714285714 0.01904761904761905 0.07142857142857142
0 0.8833333333333334 0.42142857142857143 0.01904761904761905 0.09999999999999999
0 0.8464285714285715 0.7785714285714286 0.01666666666666667 0.09999999999999999
0 0.1011904761904762 0.049999999999999996 0.011904761904761906 0.07142857142857142
0 0.8416666666666668 0.41428571428571426 0.03571428571428572 0.11428571428571428
0 0.8952380952380953 0.10714285714285714 0.03333333333333334 0.09999999999999999
