0 0.02023809523809524 0.36428571428571427 0.011904761904761906 0.07142857142857142
0 0.14880952380952384 0.049999999999999996 0.01666666666666667 0.07142857142857142
0 0.1892857142857143 0.11428571428571428 0.011904761904761906 0.05714285714285714
0 0.12142857142857144 0.19285714285714284 0.014285714285714287 0.07142857142857142
0 0.12142857142857144 0.46428571428571425 0.014285714285714287 0.07142857142857142
0 0.12023809523809526 0.6642857142857143 0.011904761904761906 0.07142857142857142
0 0.1273809523809524 0.7642857142857142 0.011904761904761906 0.07142857142857142
0 0.255952380952381 0.37857142857142856 0.02142857142857143 0.09999999999999999
0 0.35595238095238096 0.5428571428571428 0.01666666666666667 0.05714285714285714
0 0.3154761904761905 0.34285714285714286 0.02142857142857143 0.05714285714285714
0 0.31428571428571433 0.04285714285714286 0.01904761904761905 0.05714285714285714
0 0.5833333333333334 0.03571428571428571 0.014285714285714287 0.07142857142857142
0 0.692857142857143 0.08571428571428572 0.05238095238095239 0.17142857142857143
0 0.7714285714285715 0.14285714285714285 0.014285714285714287 0.08571428571428572
0 0.8511904761904763 0.15 0.01666666666666667 0.04285714285714286
0 0.8190476190476191 0.08571428571428572 0.01904761904761905 0.05714285714285714
0 0.8214285714285715 0.5428571428571428 0.014285714285714287 0.05714285714285714
0 0.9357142857142858 0.10714285714285714 0.014285714285714287 0.07142857142857142
0 0.8976190476190476 0.3071428571428571 0.014285714285714287 0.15714285714285714
0 0.955952380952381 0.5071428571428571 0.02142857142857143 0.07142857142857142
0 0.6535714285714286 0.6785714285714286 0.01666666666666667 0.04285714285714286
0 0.7214285714285715 0.5285714285714286 0.014285714285714287 0.08571428571428572
0 0.7666666666666667 0.46428571428571425 0.01904761904761905 0.15714285714285714
0 0.5511904761904762 0.20714285714285713 0.01666666666666667 0.04285714285714286
0 0.3928571428571429 0.1357142857142857 0.01904761904761905 0.07142857142857142
0 0.6273809523809525 0.44285714285714284 0.01666666666666667 0.05714285714285714
0 0.4285714285714286 0.05714285714285714 0.02380952380952381 0.05714285714285714
0 0.03928571428571429 0.1357142857142857 0.02142857142857143 0.09999999999999999
0 0.2404761904761905 0.5928571428571429 0.02380952380952381 0.04285714285714286
0 0.4023809523809524 0.5928571428571429 0.01904761904761905 0.09999999999999999
0 0.5154761904761905 0.1357142857142857 0.01666666666666667 0.07142857142857142
0 0.36309523809523814 0.02142857142857143 0.01666666666666667 0.04285714285714286
0 0.07023809523809524 0.42142857142857143 0.01666666666666667 0.07142857142857142
0 0.6023809523809525 0.5428571428571428 0.014285714285714287 0.08571428571428572
0 0.6607142857142858 0.5071428571428571 0.01666666666666667 0.09999999999999999
0 0.9083333333333334 0.5357142857142857 0.02142857142857143 0.09999999999999999
0 0.9892857142857143 0.20714285714285713 0.01666666666666667 0.07142857142857142
0 0.5833333333333334 0.2714285714285714 0.02380952380952381 0.08571428571428572
0 0.27976190476190477 0.7214285714285714 0.011904761904761906 0.04285714285714286
0 0.2678571428571429 0.65 0.011904761904761906 0.04285714285714286
0 0.18809523809523812 0.2571428571428571 0.01904761904761905 0.05714285714285714
0 0.4797619047619048 0.45 0.01666666666666667 0.07142857142857142
0 0.5273809523809524 0.36428571428571427 0.01666666666666667 0.07142857142857142
0 0.1761904761904762 0.5714285714285714 0.01904761904761905 0.14285714285714285
0 0.004761904761904762 0.32857142857142857 0.009523809523809525 0.05714285714285714
0 0.4297619047619048 0.37142857142857144 0.026190476190476195 0.05714285714285714
0 0.3654761904761905 0.17857142857142858 0.01666666666666667 0.09999999999999999
0 0.8678571428571429 0.3142857142857143 0.030952380952380953 0.11428571428571428
0 0.7500000000000001 0.22142857142857142 0.014285714285714287 0.07142857142857142
