0 0.24642857142857144 0.65 0.01666666666666667 0.07142857142857142
0 0.2785714285714286 0.5428571428571428 0.014285714285714287 0.08571428571428572
0 0.23571428571428574 0.42857142857142855 0.014285714285714287 0.05714285714285714
0 0.2761904761904762 0.19285714285714284 0.014285714285714287 0.12857142857142856
0 0.004761904761904762 0.7142857142857143 0.009523809523809525 0.05714285714285714
0 0.030952380952380953 0.5785714285714285 0.014285714285714287 0.07142857142857142
0 0.0035714285714285718 0.41428571428571426 0.0071428571428571435 0.08571428571428572
0 0.09166666666666667 0.37857142857142856 0.01666666666666667 0.07142857142857142
0 0.07500000000000001 0.7785714285714286 0.01666666666666667 0.09999999999999999
0 0.1273809523809524 0.7285714285714285 0.02142857142857143 0.05714285714285714
0 0.14880952380952384 0.5285714285714286 0.02142857142857143 0.08571428571428572
0 0.1511904761904762 0.3357142857142857 0.01666666666666667 0.07142857142857142
0 0.3547619047619048 0.5928571428571429 0.014285714285714287 0.09999999999999999
0 0.40952380952380957 0.3357142857142857 0.02380952380952381 0.07142857142857142
0 0.4416666666666667 0.7357142857142857 0.01666666666666667 0.07142857142857142
0 0.43214285714285716 0.3 0.02142857142857143 0.08571428571428572
0 0.4976190476190477 0.6285714285714286 0.014285714285714287 0.08571428571428572
0 0.5666666666666668 0.5428571428571428 0.01904761904761905 0.05714285714285714
0 0.567857142857143 0.29285714285714287 0.01666666666666667 0.12857142857142856
0 0.5904761904761905 0.04285714285714286 0.014285714285714287 0.08571428571428572
0 0.6011904761904763 0.41428571428571426 0.02142857142857143 0.11428571428571428
0 0.6035714285714286 0.20714285714285713 0.02142857142857143 0.07142857142857142
0 0.5869047619047619 0.6214285714285714 0.02142857142857143 0.07142857142857142
0 0.6023809523809525 0.5642857142857143 0.02380952380952381 0.07142857142857142
0 0.7392857142857143 0.7928571428571428 0.01666666666666667 0.07142857142857142
0 0.8369047619047619 0.24285714285714285 0.02142857142857143 0.08571428571428572
0 0.6357142857142858 0.22142857142857142 0.014285714285714287 0.07142857142857142
0 0.7654761904761905 0.44285714285714284 0.02142857142857143 0.11428571428571428
0 0.761904761904762 0.7857142857142857 0.009523809523809525 0.05714285714285714
0 0.6964285714285715 0.7428571428571429 0.01666666666666667 0.05714285714285714
0 0.6392857142857143 0.42857142857142855 0.02142857142857143 0.11428571428571428
0 0.7702380952380953 0.11428571428571428 0.01666666666666667 0.05714285714285714
0 0.8035714285714286 0.24285714285714285 0.02142857142857143 0.08571428571428572
0 0.8011904761904762 0.5142857142857142 0.01666666666666667 0.11428571428571428
0 0.5726190476190477 0.11428571428571428 0.01666666666666667 0.05714285714285714
0 0.9333333333333335 0.7214285714285714 0.014285714285714287 0.09999999999999999
0 0.9297619047619049 0.4857142857142857 0.01666666666666667 0.05714285714285714
0 0.9666666666666668 0.5214285714285715 0.014285714285714287 0.09999999999999999
0 0.7535714285714287 0.2785714285714286 0.01666666666666667 0.07142857142857142
0 0.7428571428571429 0.014285714285714285 0.01904761904761905 0.02857142857142857
0 0.5011904761904762 0.15 0.011904761904761906 0.07142857142857142
0 0.5595238095238095 0.02142857142857143 0.01904761904761905 0.04285714285714286
0 0.46666666666666673 0.049999999999999996 0.028571428571428574 0.07142857142857142
0 0.9523809523809524 0.36428571428571427 0.02380952380952381 0.07142857142857142
0 0.8892857142857143 0.14285714285714285 0.02142857142857143 0.05714285714285714
0 0.9547619047619048 0.014285714285714285 0.01904761904761905 0.02857142857142857
0 0.9511904761904763 0.09285714285714286 0.01666666666666667 0.07142857142857142
0 0.986904761904762 0.06428571428571428 0.02142857142857143 0.07142857142857142
0 0.9904761904761905 0.17857142857142858 0.014285714285714287 0.07142857142857142
0 0.805952380952381 0.7285714285714285 0.02142857142857143 0.05714285714285714
0 0.05 0.09285714285714286 0.02380952380952381 0.07142857142857142
0 0.005952380952380953 0.12142857142857143 0.011904761904761906 0.07142857142857142
0 0.42500000000000004 0.07142857142857142 0.01666666666666667 0.05714285714285714
0 0.47261904761904766 0.4857142857142857 0.02142857142857143 0.05714285714285714
0 0.6976190476190477 0.4857142857142857 0.014285714285714287 0.08571428571428572
0 0.6642857142857144 0.12142857142857143 0.014285714285714287 0.07142857142857142
0 0.8857142857142858 0.5285714285714286 0.02380952380952381 0.08571428571428572
0 0.8535714285714286 0.7214285714285714 0.02142857142857143 0.07142857142857142
0 0.7511904761904763 0.1357142857142857 0.02142857142857143 0.07142857142857142
