0 0.1797619047619048 0.7071428571428571 0.02142857142857143 0.07142857142857142
0 0.1654761904761905 0.5714285714285714 0.026190476190476195 0.05714285714285714
0 0.15595238095238095 0.5285714285714286 0.02142857142857143 0.05714285714285714
0 0.10952380952380954 0.5214285714285715 0.014285714285714287 0.07142857142857142
0 0.025 0.65 0.02142857142857143 0.07142857142857142
0 0.07023809523809524 0.3142857142857143 0.01666666666666667 0.05714285714285714
0 0.053571428571428575 0.22857142857142856 0.01666666666666667 0.08571428571428572
0 0.08214285714285716 0.06428571428571428 0.01666666666666667 0.07142857142857142
0 0.15595238095238095 0.09999999999999999 0.02142857142857143 0.05714285714285714
0 0.16904761904761906 0.04285714285714286 0.014285714285714287 0.05714285714285714
0 0.2035714285714286 0.2785714285714286 0.02142857142857143 0.07142857142857142
0 0.15833333333333335 0.3142857142857143 0.01666666666666667 0.08571428571428572
0 0.32261904761904764 0.7142857142857143 0.01666666666666667 0.08571428571428572
0 0.41071428571428575 0.5428571428571428 0.01666666666666667 0.05714285714285714
0 0.4047619047619048 0.09285714285714286 0.01904761904761905 0.07142857142857142
0 0.3440476190476191 0.3071428571428571 0.01666666666666667 0.07142857142857142
0 0.2416666666666667 0.3142857142857143 0.01666666666666667 0.05714285714285714
0 0.30714285714285716 0.1357142857142857 0.028571428571428574 0.09999999999999999
0 0.46190476190476193 0.014285714285714285 0.01904761904761905 0.02857142857142857
0 0.6761904761904762 0.02857142857142857 0.01904761904761905 0.05714285714285714
0 0.7285714285714286 0.3071428571428571 0.014285714285714287 0.07142857142857142
0 0.6630952380952382 0.5071428571428571 0.01666666666666667 0.09999999999999999
0 0.5583333333333333 0.4928571428571428 0.011904761904761906 0.04285714285714286
0 0.5321428571428571 0.45714285714285713 0.01666666666666667 0.05714285714285714
0 0.7880952380952382 0.5857142857142857 0.03333333333333334 0.11428571428571428
0 0.9571428571428572 0.7785714285714286 0.014285714285714287 0.07142857142857142
0 0.8476190476190477 0.5785714285714285 0.01904761904761905 0.04285714285714286
0 0.8488095238095239 0.7142857142857143 0.02142857142857143 0.05714285714285714
0 0.7500000000000001 0.5357142857142857 0.014285714285714287 0.07142857142857142
0 0.9154761904761906 0.25 0.02142857142857143 0.07142857142857142
0 0.8607142857142858 0.10714285714285714 0.01666666666666667 0.07142857142857142
0 0.8940476190476191 0.02142857142857143 0.01666666666666667 0.04285714285714286
0 0.7809523809523811 0.3071428571428571 0.014285714285714287 0.07142857142857142
0 0.6857142857142857 0.4928571428571428 0.014285714285714287 0.07142857142857142
0 0.5821428571428572 0.5285714285714286 0.01666666666666667 0.08571428571428572
0 0.6035714285714286 0.5214285714285715 0.02142857142857143 0.07142857142857142
0 0.8511904761904763 0.4357142857142857 0.02142857142857143 0.12857142857142856
0 0.8964285714285715 0.42142857142857143 0.01666666666666667 0.07142857142857142
0 0.8023809523809524 0.17857142857142858 0.02380952380952381 0.09999999999999999
0 0.7547619047619049 0.41428571428571426 0.02380952380952381 0.08571428571428572
0 0.8964285714285715 0.6 0.02142857142857143 0.08571428571428572
0 0.7130952380952381 0.65 0.02142857142857143 0.09999999999999999
0 0.7630952380952382 0.12857142857142856 0.01666666666666667 0.11428571428571428
0 0.6238095238095238 0.3214285714285714 0.014285714285714287 0.07142857142857142
0 0.5023809523809524 0.2785714285714286 0.02380952380952381 0.07142857142857142
0 0.5273809523809524 0.22857142857142856 0.01666666666666667 0.08571428571428572
0 0.6095238095238096 0.15 0.03333333333333334 0.07142857142857142
0 0.45000000000000007 0.34285714285714286 0.014285714285714287 0.08571428571428572
0 0.29761904761904767 0.45 0.028571428571428574 0.07142857142857142
0 0.09166666666666667 0.7142857142857143 0.01666666666666667 0.08571428571428572
0 0.0880952380952381 0.5571428571428572 0.01904761904761905 0.08571428571428572
0 0.48571428571428577 0.40714285714285714 0.01904761904761905 0.07142857142857142
0 0.2678571428571429 0.5642857142857143 0.026190476190476195 0.09999999999999999
0 0.2702380952380953 0.12142857142857143 0.01666666666666667 0.12857142857142856
0 0.2023809523809524 0.1357142857142857 0.02380952380952381 0.09999999999999999
0 0.19761904761904764 0.5499999999999999 0.028571428571428574 0.12857142857142856
0 0.10952380952380954 0.09285714285714286 0.01904761904761905 0.07142857142857142
0 0.42619047619047623 0.12857142857142856 0.01904761904761905 0.05714285714285714
0 0.37380952380952387 0.3 0.02380952380952381 0.05714285714285714
0 0.4488095238095238 0.5499999999999999 0.01666666666666667 0.12857142857142856
0 0.4166666666666667 0.29285714285714287 0.02380952380952381 0.09999999999999999
1 0.9583333333333334 0.24285714285714285 0.026190476190476195 0.19999999999999998
1 0.029761904761904764 0.35714285714285715 0.030952380952380953 0.2571428571428571
0 0.9940476190476192 0.049999999999999996 0.0071428571428571435 0.07142857142857142
0 0.7297619047619048 0.14285714285714285 0.026190476190476195 0.08571428571428572
0 0.3869047619047619 0.44285714285714284 0.02142857142857143 0.05714285714285714
0 0.3047619047619048 0.2714285714285714 0.02380952380952381 0.08571428571428572
