0 0.06547619047619048 0.14285714285714285 0.02142857142857143 0.11428571428571428
0 0.0380952380952381 0.5214285714285715 0.014285714285714287 0.07142857142857142
0 0.028571428571428574 0.6 0.01904761904761905 0.08571428571428572
0 0.07500000000000001 0.5499999999999999 0.02142857142857143 0.07142857142857142
0 0.11547619047619048 0.6071428571428571 0.02142857142857143 0.09999999999999999
0 0.1619047619047619 0.7357142857142857 0.02380952380952381 0.07142857142857142
0 0.20595238095238097 0.6857142857142857 0.01666666666666667 0.05714285714285714
0 0.41071428571428575 0.6642857142857143 0.01666666666666667 0.07142857142857142
0 0.2833333333333334 0.15 0.01904761904761905 0.07142857142857142
0 0.34285714285714286 0.4857142857142857 0.01904761904761905 0.05714285714285714
0 0.3464285714285715 0.5714285714285714 0.01666666666666667 0.05714285714285714
0 0.26071428571428573 0.7428571428571429 0.01666666666666667 0.08571428571428572
0 0.14285714285714288 0.5499999999999999 0.028571428571428574 0.07142857142857142
0 0.3583333333333334 0.049999999999999996 0.01666666666666667 0.09999999999999999
0 0.4047619047619048 0.2714285714285714 0.014285714285714287 0.08571428571428572
0 0.39880952380952384 0.16428571428571428 0.01666666666666667 0.07142857142857142
0 0.45238095238095244 0.5928571428571429 0.014285714285714287 0.07142857142857142
0 0.4928571428571429 0.7214285714285714 0.01904761904761905 0.07142857142857142
0 0.5988095238095239 0.7142857142857143 0.01666666666666667 0.08571428571428572
0 0.45238095238095244 0.04285714285714286 0.02380952380952381 0.08571428571428572
0 0.42500000000000004 0.14285714285714285 0.02142857142857143 0.08571428571428572
0 0.5714285714285715 0.35714285714285715 0.01904761904761905 0.05714285714285714
0 0.5738095238095239 0.46428571428571425 0.01904761904761905 0.07142857142857142
0 0.6380952380952382 0.6 0.014285714285714287 0.08571428571428572
0 0.6607142857142858 0.6 0.01666666666666667 0.08571428571428572
0 0.8976190476190476 0.39285714285714285 0.01904761904761905 0.07142857142857142
0 0.855952380952381 0.7 0.02142857142857143 0.08571428571428572
0 0.9000000000000001 0.6857142857142857 0.014285714285714287 0.08571428571428572
0 0.9166666666666667 0.5499999999999999 0.01904761904761905 0.07142857142857142
0 0.4845238095238096 0.17857142857142858 0.026190476190476195 0.07142857142857142
0 0.45238095238095244 0.15714285714285714 0.01904761904761905 0.08571428571428572
0 0.5130952380952382 0.06428571428571428 0.02142857142857143 0.07142857142857142
0 0.5833333333333334 0.04285714285714286 0.028571428571428574 0.08571428571428572
0 0.6452380952380953 0.3214285714285714 0.01904761904761905 0.07142857142857142
0 0.7011904761904763 0.04285714285714286 0.02142857142857143 0.08571428571428572
0 0.9880952380952381 0.37857142857142856 0.01904761904761905 0.07142857142857142
0 0.830952380952381 0.46428571428571425 0.02380952380952381 0.07142857142857142
0 0.8690476190476192 0.19999999999999998 0.028571428571428574 0.08571428571428572
0 0.7297619047619048 0.3 0.01666666666666667 0.08571428571428572
0 0.7666666666666667 0.04285714285714286 0.014285714285714287 0.08571428571428572
0 0.013095238095238097 0.02142857142857143 0.01666666666666667 0.04285714285714286
0 0.6380952380952382 0.22142857142857142 0.02380952380952381 0.07142857142857142
