0 0.9797619047619048 0.37857142857142856 0.011904761904761906 0.07142857142857142
0 0.9178571428571429 0.5857142857142857 0.011904761904761906 0.08571428571428572
0 0.8273809523809524 0.45714285714285713 0.011904761904761906 0.11428571428571428
0 0.6488095238095238 0.03571428571428571 0.01666666666666667 0.07142857142857142
1 0.8726190476190477 0.24285714285714285 0.026190476190476195 0.22857142857142856
0 0.842857142857143 0.6642857142857143 0.014285714285714287 0.07142857142857142
0 0.8511904761904763 0.5142857142857142 0.01666666666666667 0.08571428571428572
0 0.8904761904761905 0.4357142857142857 0.01904761904761905 0.07142857142857142
0 0.7273809523809525 0.11428571428571428 0.026190476190476195 0.08571428571428572
0 0.8404761904761906 0.19285714285714284 0.01904761904761905 0.07142857142857142
0 0.7380952380952381 0.7142857142857143 0.014285714285714287 0.08571428571428572
0 0.7738095238095238 0.5642857142857143 0.01904761904761905 0.07142857142857142
0 0.7702380952380953 0.45714285714285713 0.01666666666666667 0.05714285714285714
0 0.6761904761904762 0.3 0.014285714285714287 0.05714285714285714
0 0.6297619047619049 0.3857142857142857 0.011904761904761906 0.08571428571428572
0 0.6202380952380953 0.19285714285714284 0.011904761904761906 0.07142857142857142
0 0.6083333333333334 0.1357142857142857 0.01666666666666667 0.07142857142857142
0 0.5869047619047619 0.18571428571428572 0.011904761904761906 0.08571428571428572
0 0.5238095238095238 0.18571428571428572 0.01904761904761905 0.08571428571428572
0 0.5607142857142857 0.19285714285714284 0.011904761904761906 0.07142857142857142
0 0.5440476190476191 0.2642857142857143 0.01666666666666667 0.07142857142857142
0 0.7892857142857144 0.25 0.01666666666666667 0.07142857142857142
0 0.8154761904761906 0.049999999999999996 0.02142857142857143 0.07142857142857142
0 0.45238095238095244 0.6571428571428571 0.01904761904761905 0.05714285714285714
0 0.4630952380952381 0.5785714285714285 0.02142857142857143 0.07142857142857142
0 0.4404761904761905 0.47857142857142854 0.014285714285714287 0.07142857142857142
0 0.4035714285714286 0.45 0.02142857142857143 0.07142857142857142
0 0.4035714285714286 0.6357142857142857 0.01666666666666667 0.07142857142857142
0 0.22976190476190478 0.7857142857142857 0.01666666666666667 0.08571428571428572
0 0.18809523809523812 0.7571428571428571 0.01904761904761905 0.05714285714285714
0 0.34761904761904766 0.5642857142857143 0.01904761904761905 0.07142857142857142
0 0.35000000000000003 0.35714285714285715 0.01904761904761905 0.08571428571428572
0 0.3821428571428572 0.22142857142857142 0.01666666666666667 0.09999999999999999
0 0.37380952380952387 0.3214285714285714 0.014285714285714287 0.07142857142857142
0 0.2154761904761905 0.5 0.02142857142857143 0.08571428571428572
0 0.3047619047619048 0.3142857142857143 0.028571428571428574 0.08571428571428572
0 0.1523809523809524 0.6642857142857143 0.014285714285714287 0.09999999999999999
0 0.08928571428571429 0.5357142857142857 0.011904761904761906 0.07142857142857142
0 0.11071428571428572 0.35 0.01666666666666667 0.04285714285714286
0 0.055952380952380955 0.2785714285714286 0.01666666666666667 0.07142857142857142
0 0.02142857142857143 0.09285714285714286 0.01904761904761905 0.09999999999999999
0 0.20833333333333334 0.3071428571428571 0.02142857142857143 0.04285714285714286
0 0.22380952380952382 0.25 0.04285714285714286 0.07142857142857142
0 0.33690476190476193 0.049999999999999996 0.01666666666666667 0.07142857142857142
0 0.2023809523809524 0.10714285714285714 0.0380952380952381 0.07142857142857142
0 0.04642857142857143 0.02857142857142857 0.01666666666666667 0.05714285714285714
0 0.10238095238095239 0.22142857142857142 0.01904761904761905 0.07142857142857142
0 0.011904761904761906 0.47857142857142854 0.02380952380952381 0.07142857142857142
0 0.04761904761904762 0.5285714285714286 0.03333333333333334 0.08571428571428572
0 0.24642857142857144 0.5 0.02142857142857143 0.08571428571428572
0 0.5226190476190476 0.5357142857142857 0.030952380952380953 0.09999999999999999
0 0.49404761904761907 0.4928571428571428 0.02142857142857143 0.15714285714285714
0 0.48690476190476195 0.11428571428571428 0.04047619047619048 0.08571428571428572
0 0.4285714285714286 0.3 0.02380952380952381 0.14285714285714285
0 0.5690476190476191 0.35714285714285715 0.02380952380952381 0.11428571428571428
0 0.275 0.47857142857142854 0.011904761904761906 0.09999999999999999
0 0.15476190476190477 0.11428571428571428 0.02380952380952381 0.08571428571428572
0 0.05476190476190477 0.7357142857142857 0.02380952380952381 0.12857142857142856
0 0.027380952380952384 0.35 0.03571428571428572 0.12857142857142856
0 0.7690476190476191 0.7071428571428571 0.01904761904761905 0.07142857142857142
0 0.8761904761904763 0.8142857142857143 0.03333333333333334 0.08571428571428572
0 0.6952380952380953 0.5214285714285715 0.01904761904761905 0.12857142857142856
0 0.6654761904761906 0.45714285714285713 0.02142857142857143 0.11428571428571428
0 0.7583333333333334 0.29285714285714287 0.01666666666666667 0.09999999999999999
0 0.6083333333333334 0.02142857142857143 0.01666666666666667 0.04285714285714286
