0 0.12142857142857144 0.7285714285714285 0.014285714285714287 0.05714285714285714
0 0.43928571428571433 0.5499999999999999 0.011904761904761906 0.07142857142857142
0 0.39761904761904765 0.5428571428571428 0.014285714285714287 0.05714285714285714
0 0.5928571428571429 0.03571428571428571 0.014285714285714287 0.07142857142857142
0 0.8226190476190477 0.3857142857142857 0.01666666666666667 0.08571428571428572
0 0.9261904761904762 0.37857142857142856 0.014285714285714287 0.07142857142857142
0 0.9130952380952382 0.22857142857142856 0.011904761904761906 0.05714285714285714
0 0.9476190476190477 0.19999999999999998 0.01904761904761905 0.05714285714285714
0 0.911904761904762 0.6714285714285714 0.014285714285714287 0.05714285714285714
0 0.8785714285714287 0.8428571428571429 0.014285714285714287 0.08571428571428572
0 0.05476190476190477 0.5857142857142857 0.014285714285714287 0.11428571428571428
0 0.5142857142857143 0.5357142857142857 0.014285714285714287 0.07142857142857142
0 0.6630952380952382 0.7714285714285714 0.011904761904761906 0.08571428571428572
0 0.6785714285714286 0.6785714285714286 0.009523809523809525 0.07142857142857142
0 0.7535714285714287 0.6 0.01666666666666667 0.08571428571428572
0 0.8666666666666667 0.4857142857142857 0.014285714285714287 0.05714285714285714
0 0.761904761904762 0.07857142857142857 0.014285714285714287 0.07142857142857142
0 0.5761904761904763 0.7214285714285714 0.009523809523809525 0.09999999999999999
0 0.5976190476190477 0.5428571428571428 0.01904761904761905 0.05714285714285714
0 0.5785714285714286 0.2714285714285714 0.014285714285714287 0.08571428571428572
0 0.5583333333333333 0.19999999999999998 0.011904761904761906 0.05714285714285714
0 0.43809523809523815 0.09999999999999999 0.01904761904761905 0.05714285714285714
0 0.4892857142857143 0.05714285714285714 0.02142857142857143 0.08571428571428572
0 0.32261904761904764 0.5857142857142857 0.01666666666666667 0.08571428571428572
0 0.34761904761904766 0.5285714285714286 0.014285714285714287 0.08571428571428572
0 0.505952380952381 0.42142857142857143 0.01666666666666667 0.07142857142857142
0 0.4190476190476191 0.2357142857142857 0.014285714285714287 0.07142857142857142
0 0.2916666666666667 0.15714285714285714 0.01666666666666667 0.05714285714285714
0 0.4083333333333334 0.014285714285714285 0.01666666666666667 0.02857142857142857
0 0.4785714285714286 0.3142857142857143 0.01904761904761905 0.08571428571428572
0 0.6797619047619048 0.07857142857142857 0.02142857142857143 0.07142857142857142
0 0.8726190476190477 0.19285714285714284 0.01666666666666667 0.07142857142857142
0 0.9916666666666668 0.049999999999999996 0.011904761904761906 0.07142857142857142
0 0.6821428571428572 0.44285714285714284 0.01666666666666667 0.11428571428571428
0 0.8202380952380953 0.08571428571428572 0.02142857142857143 0.05714285714285714
0 0.8726190476190477 0.37857142857142856 0.011904761904761906 0.09999999999999999
0 0.911904761904762 0.44285714285714284 0.01904761904761905 0.05714285714285714
0 0.25952380952380955 0.09999999999999999 0.014285714285714287 0.05714285714285714
0 0.380952380952381 0.07857142857142857 0.01904761904761905 0.07142857142857142
0 0.8535714285714286 0.15714285714285714 0.011904761904761906 0.05714285714285714
