0 0.07976190476190477 0.09285714285714286 0.03571428571428572 0.18571428571428572
0 0.12261904761904763 0.11428571428571428 0.02142857142857143 0.11428571428571428
0 0.03571428571428572 0.02857142857142857 0.02380952380952381 0.05714285714285714
0 0.04404761904761905 0.2714285714285714 0.02142857142857143 0.05714285714285714
0 0.1142857142857143 0.40714285714285714 0.014285714285714287 0.04285714285714286
0 0.09047619047619049 0.32857142857142857 0.01904761904761905 0.05714285714285714
0 0.18095238095238098 0.6142857142857142 0.01904761904761905 0.05714285714285714
0 0.125 0.2571428571428571 0.01666666666666667 0.05714285714285714
0 0.05238095238095239 0.42142857142857143 0.01904761904761905 0.07142857142857142
0 0.03333333333333334 0.42142857142857143 0.014285714285714287 0.09999999999999999
0 0.19285714285714287 0.45714285714285713 0.028571428571428574 0.08571428571428572
0 0.21904761904761907 0.014285714285714285 0.01904761904761905 0.02857142857142857
0 0.23690476190476192 0.15714285714285714 0.01666666666666667 0.05714285714285714
0 0.2547619047619048 0.2642857142857143 0.01904761904761905 0.07142857142857142
0 0.27142857142857146 0.6 0.014285714285714287 0.08571428571428572
0 0.29523809523809524 0.7857142857142857 0.014285714285714287 0.08571428571428572
0 0.3297619047619048 0.014285714285714285 0.011904761904761906 0.02857142857142857
0 0.3154761904761905 0.19999999999999998 0.02142857142857143 0.05714285714285714
0 0.29404761904761906 0.41428571428571426 0.02142857142857143 0.14285714285714285
0 0.405952380952381 0.42857142857142855 0.01666666666666667 0.05714285714285714
0 0.3785714285714286 0.32857142857142857 0.01904761904761905 0.08571428571428572
0 0.4404761904761905 0.2357142857142857 0.01904761904761905 0.07142857142857142
0 0.46666666666666673 0.09285714285714286 0.01904761904761905 0.07142857142857142
0 0.49880952380952387 0.3 0.01666666666666667 0.08571428571428572
0 0.5285714285714286 0.19285714285714284 0.01904761904761905 0.15714285714285714
0 0.6345238095238096 0.04285714285714286 0.02142857142857143 0.08571428571428572
0 0.7666666666666667 0.02857142857142857 0.014285714285714287 0.05714285714285714
0 0.9107142857142858 0.22857142857142856 0.026190476190476195 0.14285714285714285
0 0.9750000000000001 0.4357142857142857 0.02142857142857143 0.09999999999999999
0 0.9380952380952382 0.35 0.01904761904761905 0.07142857142857142
0 0.911904761904762 0.45 0.03333333333333334 0.09999999999999999
0 0.7583333333333334 0.36428571428571427 0.01666666666666667 0.07142857142857142
0 0.7214285714285715 0.7785714285714286 0.014285714285714287 0.07142857142857142
0 0.8261904761904763 0.2642857142857143 0.01904761904761905 0.07142857142857142
0 0.8130952380952382 0.6071428571428571 0.03571428571428572 0.09999999999999999
0 0.6190476190476191 0.5142857142857142 0.01904761904761905 0.17142857142857143
0 0.6797619047619048 0.45 0.01666666666666667 0.09999999999999999
0 0.46190476190476193 0.5571428571428572 0.01904761904761905 0.08571428571428572
0 0.5142857142857143 0.45 0.014285714285714287 0.09999999999999999
0 0.7273809523809525 0.18571428571428572 0.011904761904761906 0.05714285714285714
0 0.6904761904761906 0.75 0.014285714285714287 0.07142857142857142
0 0.5845238095238096 0.05714285714285714 0.02142857142857143 0.11428571428571428
0 0.6797619047619048 0.02857142857142857 0.02142857142857143 0.05714285714285714
0 0.43333333333333335 0.08571428571428572 0.02380952380952381 0.14285714285714285
0 0.8071428571428572 0.7571428571428571 0.014285714285714287 0.11428571428571428
