0 0.08571428571428572 0.21428571428571427 0.014285714285714287 0.05714285714285714
0 0.07380952380952381 0.35 0.014285714285714287 0.04285714285714286
0 0.05238095238095239 0.5428571428571428 0.02380952380952381 0.05714285714285714
0 0.2547619047619048 0.07142857142857142 0.01904761904761905 0.05714285714285714
0 0.27142857142857146 0.9428571428571428 0.01904761904761905 0.05714285714285714
0 0.2142857142857143 0.85 0.009523809523809525 0.07142857142857142
0 0.1285714285714286 0.5499999999999999 0.009523809523809525 0.04285714285714286
0 0.6845238095238095 0.39999999999999997 0.026190476190476195 0.05714285714285714
0 0.7690476190476191 0.22857142857142856 0.014285714285714287 0.08571428571428572
0 0.830952380952381 0.32857142857142857 0.01904761904761905 0.05714285714285714
0 0.3547619047619048 0.9 0.014285714285714287 0.05714285714285714
0 0.24642857142857144 0.5071428571428571 0.011904761904761906 0.07142857142857142
0 0.22023809523809526 0.4357142857142857 0.02142857142857143 0.07142857142857142
0 0.14761904761904762 0.21428571428571427 0.014285714285714287 0.08571428571428572
0 0.3547619047619048 0.17142857142857143 0.01904761904761905 0.05714285714285714
0 0.4130952380952381 0.32857142857142857 0.011904761904761906 0.05714285714285714
0 0.4285714285714286 0.09999999999999999 0.02380952380952381 0.02857142857142857
0 0.2880952380952381 0.6357142857142857 0.014285714285714287 0.07142857142857142
0 0.6107142857142858 0.8357142857142857 0.02142857142857143 0.07142857142857142
0 0.717857142857143 0.6142857142857142 0.01666666666666667 0.05714285714285714
0 0.6345238095238096 0.09285714285714286 0.01666666666666667 0.07142857142857142
0 0.7535714285714287 0.6928571428571428 0.01666666666666667 0.07142857142857142
0 0.7892857142857144 0.45 0.026190476190476195 0.07142857142857142
0 0.7761904761904762 0.049999999999999996 0.01904761904761905 0.07142857142857142
0 0.5869047619047619 0.049999999999999996 0.02142857142857143 0.07142857142857142
0 0.7988095238095239 0.8285714285714285 0.01666666666666667 0.08571428571428572
0 0.9642857142857144 0.7642857142857142 0.01904761904761905 0.07142857142857142
0 0.9071428571428573 0.9571428571428571 0.01904761904761905 0.05714285714285714
0 0.8226190476190477 0.9285714285714285 0.011904761904761906 0.08571428571428572
0 0.7428571428571429 0.9357142857142857 0.01904761904761905 0.07142857142857142
0 0.8095238095238096 0.22857142857142856 0.02380952380952381 0.14285714285714285
0 0.8976190476190476 0.12142857142857143 0.028571428571428574 0.07142857142857142
0 0.9130952380952382 0.6642857142857143 0.011904761904761906 0.07142857142857142
0 0.31428571428571433 0.35 0.02380952380952381 0.07142857142857142
0 0.43214285714285716 0.75 0.02142857142857143 0.07142857142857142
0 0.4 0.8357142857142857 0.014285714285714287 0.07142857142857142
0 0.5773809523809524 0.7428571428571429 0.030952380952380953 0.08571428571428572
0 0.3940476190476191 0.2571428571428571 0.01666666666666667 0.05714285714285714
0 0.3404761904761905 0.02857142857142857 0.01904761904761905 0.05714285714285714
0 0.6190476190476191 0.2857142857142857 0.014285714285714287 0.08571428571428572
0 0.9630952380952382 0.44285714285714284 0.01666666666666667 0.05714285714285714
0 0.17261904761904764 0.6214285714285714 0.026190476190476195 0.09999999999999999
0 0.08571428571428572 0.45714285714285713 0.014285714285714287 0.08571428571428572
0 0.2571428571428572 0.3214285714285714 0.01904761904761905 0.07142857142857142
0 0.09523809523809525 0.6928571428571428 0.01904761904761905 0.07142857142857142
0 0.38333333333333336 0.5571428571428572 0.014285714285714287 0.08571428571428572
0 0.2785714285714286 0.40714285714285714 0.01904761904761905 0.07142857142857142
0 0.0642857142857143 0.7357142857142857 0.014285714285714287 0.07142857142857142
0 0.786904761904762 0.6142857142857142 0.01666666666666667 0.11428571428571428
0 0.8904761904761905 0.5571428571428572 0.014285714285714287 0.11428571428571428
0 0.992857142857143 0.5785714285714285 0.009523809523809525 0.07142857142857142
0 0.1630952380952381 0.37857142857142856 0.01666666666666667 0.09999999999999999
0 0.1 0.8214285714285714 0.02380952380952381 0.07142857142857142
0 0.8166666666666668 0.6071428571428571 0.014285714285714287 0.07142857142857142
0 0.8476190476190477 0.7857142857142857 0.02380952380952381 0.05714285714285714
0 0.6238095238095238 0.5071428571428571 0.0380952380952381 0.07142857142857142
0 0.45833333333333337 0.9 0.011904761904761906 0.08571428571428572
0 0.22142857142857145 0.6357142857142857 0.02380952380952381 0.09999999999999999
0 0.12976190476190477 0.8857142857142857 0.02142857142857143 0.08571428571428572
