0 0.08333333333333334 0.7714285714285714 0.014285714285714287 0.08571428571428572
0 0.02023809523809524 0.7571428571428571 0.01666666666666667 0.08571428571428572
0 0.06071428571428572 0.6928571428571428 0.01666666666666667 0.04285714285714286
0 0.04642857142857143 0.35 0.01666666666666667 0.04285714285714286
0 0.04404761904761905 0.2785714285714286 0.01666666666666667 0.07142857142857142
0 0.1654761904761905 0.2642857142857143 0.01666666666666667 0.07142857142857142
0 0.2273809523809524 0.4857142857142857 0.026190476190476195 0.17142857142857143
0 0.18690476190476193 0.6642857142857143 0.01666666666666667 0.04285714285714286
0 0.13095238095238096 0.5428571428571428 0.014285714285714287 0.05714285714285714
0 0.2547619047619048 0.15714285714285714 0.014285714285714287 0.11428571428571428
0 0.275 0.10714285714285714 0.02142857142857143 0.07142857142857142
0 0.39761904761904765 0.02857142857142857 0.014285714285714287 0.05714285714285714
0 0.4 0.17857142857142858 0.01904761904761905 0.07142857142857142
0 0.3952380952380953 0.3071428571428571 0.02380952380952381 0.07142857142857142
0 0.4154761904761905 0.6928571428571428 0.01666666666666667 0.07142857142857142
0 0.4416666666666667 0.45 0.011904761904761906 0.09999999999999999
0 0.45952380952380956 0.24285714285714285 0.014285714285714287 0.08571428571428572
0 0.6595238095238096 0.25 0.014285714285714287 0.09999999999999999
0 0.6952380952380953 0.20714285714285713 0.014285714285714287 0.07142857142857142
0 0.6940476190476191 0.3857142857142857 0.01666666666666667 0.08571428571428572
0 0.7083333333333334 0.5214285714285715 0.01666666666666667 0.09999999999999999
0 0.775 0.7285714285714285 0.01666666666666667 0.11428571428571428
0 0.7547619047619049 0.7214285714285714 0.014285714285714287 0.07142857142857142
0 0.7333333333333334 0.7071428571428571 0.01904761904761905 0.07142857142857142
0 0.5857142857142857 0.5 0.01904761904761905 0.08571428571428572
0 0.5690476190476191 0.02142857142857143 0.014285714285714287 0.04285714285714286
0 0.6261904761904763 0.02142857142857143 0.02380952380952381 0.04285714285714286
0 0.7297619047619048 0.1357142857142857 0.01666666666666667 0.07142857142857142
0 0.5952380952380953 0.05714285714285714 0.01904761904761905 0.11428571428571428
0 0.8071428571428572 0.36428571428571427 0.014285714285714287 0.07142857142857142
0 0.49404761904761907 0.2714285714285714 0.011904761904761906 0.08571428571428572
0 0.7857142857142858 0.15 0.03333333333333334 0.07142857142857142
0 0.8773809523809525 0.2642857142857143 0.01666666666666667 0.12857142857142856
0 0.9464285714285715 0.049999999999999996 0.01666666666666667 0.07142857142857142
0 0.8357142857142857 0.22857142857142856 0.01904761904761905 0.08571428571428572
0 0.7785714285714287 0.03571428571428571 0.01904761904761905 0.07142857142857142
0 0.8285714285714286 0.7857142857142857 0.01904761904761905 0.08571428571428572
0 0.9595238095238096 0.5928571428571429 0.02380952380952381 0.07142857142857142
0 0.992857142857143 0.04285714285714286 0.009523809523809525 0.08571428571428572
0 0.1642857142857143 0.014285714285714285 0.02380952380952381 0.02857142857142857
0 0.8273809523809524 0.3857142857142857 0.01666666666666667 0.08571428571428572
0 0.9071428571428573 0.6357142857142857 0.014285714285714287 0.09999999999999999
0 0.9690476190476192 0.40714285714285714 0.01904761904761905 0.09999999999999999
0 0.3785714285714286 0.09999999999999999 0.02380952380952381 0.05714285714285714
0 0.37738095238095243 0.02857142857142857 0.02142857142857143 0.05714285714285714
0 0.5440476190476191 0.18571428571428572 0.01666666666666667 0.08571428571428572
0 0.6666666666666667 0.4857142857142857 0.02380952380952381 0.08571428571428572
0 0.23214285714285715 0.6928571428571428 0.011904761904761906 0.09999999999999999
0 0.11071428571428572 0.6214285714285714 0.02142857142857143 0.09999999999999999
0 0.09642857142857143 0.37857142857142856 0.011904761904761906 0.09999999999999999
0 0.27976190476190477 0.7214285714285714 0.02142857142857143 0.09999999999999999
0 0.37500000000000006 0.3357142857142857 0.01666666666666667 0.07142857142857142
0 0.6202380952380953 0.29285714285714287 0.02142857142857143 0.07142857142857142
0 0.855952380952381 0.6642857142857143 0.011904761904761906 0.09999999999999999
