0 0.08214285714285716 0.2571428571428571 0.01666666666666667 0.05714285714285714
0 0.1285714285714286 0.14285714285714285 0.01904761904761905 0.05714285714285714
0 0.05238095238095239 0.45714285714285713 0.01904761904761905 0.05714285714285714
0 0.048809523809523817 0.34285714285714286 0.011904761904761906 0.05714285714285714
0 0.05714285714285715 0.24285714285714285 0.014285714285714287 0.05714285714285714
0 0.2011904761904762 0.34285714285714286 0.01666666666666667 0.05714285714285714
0 0.16785714285714287 0.2857142857142857 0.02142857142857143 0.05714285714285714
0 0.14285714285714288 0.22857142857142856 0.014285714285714287 0.05714285714285714
0 0.18095238095238098 0.17142857142857143 0.014285714285714287 0.05714285714285714
0 0.26071428571428573 0.2571428571428571 0.01666666666666667 0.08571428571428572
0 0.3190476190476191 0.12857142857142856 0.01904761904761905 0.05714285714285714
0 0.4047619047619048 0.45 0.01904761904761905 0.07142857142857142
0 0.47261904761904766 0.7 0.02142857142857143 0.08571428571428572
0 0.45833333333333337 0.21428571428571427 0.01666666666666667 0.08571428571428572
0 0.45119047619047625 0.5499999999999999 0.01666666666666667 0.09999999999999999
0 0.5440476190476191 0.6285714285714286 0.011904761904761906 0.08571428571428572
0 0.5797619047619048 0.46428571428571425 0.01666666666666667 0.07142857142857142
0 0.6416666666666667 0.17857142857142858 0.011904761904761906 0.09999999999999999
0 0.6559523809523811 0.32857142857142857 0.01666666666666667 0.05714285714285714
0 0.6035714285714286 0.2571428571428571 0.01666666666666667 0.05714285714285714
0 0.7035714285714286 0.29285714285714287 0.01666666666666667 0.07142857142857142
0 0.5357142857142858 0.03571428571428571 0.01904761904761905 0.07142857142857142
0 0.4297619047619048 0.29285714285714287 0.02142857142857143 0.07142857142857142
0 0.48809523809523814 0.02142857142857143 0.02380952380952381 0.04285714285714286
0 0.3392857142857143 0.014285714285714285 0.01666666666666667 0.02857142857142857
0 0.37619047619047624 0.5785714285714285 0.028571428571428574 0.04285714285714286
0 0.18333333333333335 0.5142857142857142 0.028571428571428574 0.05714285714285714
0 0.1 0.47857142857142854 0.014285714285714287 0.07142857142857142
0 0.7952380952380953 0.5357142857142857 0.01904761904761905 0.07142857142857142
0 0.8071428571428572 0.65 0.01904761904761905 0.07142857142857142
0 0.8130952380952382 0.7142857142857143 0.01666666666666667 0.05714285714285714
0 0.8297619047619048 0.3214285714285714 0.01666666666666667 0.12857142857142856
0 0.8845238095238096 0.08571428571428572 0.030952380952380953 0.08571428571428572
0 0.911904761904762 0.7928571428571428 0.014285714285714287 0.07142857142857142
0 0.8666666666666667 0.5571428571428572 0.01904761904761905 0.08571428571428572
0 0.9440476190476191 0.5714285714285714 0.011904761904761906 0.08571428571428572
0 0.6345238095238096 0.37142857142857144 0.011904761904761906 0.05714285714285714
0 0.43333333333333335 0.014285714285714285 0.014285714285714287 0.02857142857142857
0 0.842857142857143 0.7785714285714286 0.02380952380952381 0.07142857142857142
0 0.5083333333333334 0.7285714285714285 0.01666666666666667 0.05714285714285714
0 0.4833333333333334 0.3357142857142857 0.02380952380952381 0.07142857142857142
0 0.22500000000000003 0.65 0.01666666666666667 0.07142857142857142
0 0.2642857142857143 0.6714285714285714 0.014285714285714287 0.05714285714285714
0 0.23452380952380955 0.41428571428571426 0.02142857142857143 0.08571428571428572
0 0.31428571428571433 0.3857142857142857 0.02380952380952381 0.05714285714285714
0 0.9654761904761906 0.1357142857142857 0.026190476190476195 0.09999999999999999
0 0.9261904761904762 0.04285714285714286 0.01904761904761905 0.08571428571428572
0 0.6642857142857144 0.42857142857142855 0.02380952380952381 0.05714285714285714
0 0.2833333333333334 0.5214285714285715 0.03333333333333334 0.07142857142857142
