0 0.37380952380952387 0.9214285714285714 0.014285714285714287 0.07142857142857142
0 0.2833333333333334 0.5357142857142857 0.014285714285714287 0.12857142857142856
0 0.17500000000000002 0.8857142857142857 0.01666666666666667 0.08571428571428572
0 0.10833333333333334 0.7785714285714286 0.011904761904761906 0.07142857142857142
0 0.1904761904761905 0.2785714285714286 0.014285714285714287 0.09999999999999999
0 0.2785714285714286 0.11428571428571428 0.01904761904761905 0.08571428571428572
0 0.2416666666666667 0.40714285714285714 0.01666666666666667 0.07142857142857142
0 0.01904761904761905 0.40714285714285714 0.01904761904761905 0.07142857142857142
0 0.053571428571428575 0.17857142857142858 0.01666666666666667 0.09999999999999999
0 0.15357142857142858 0.3142857142857143 0.02142857142857143 0.08571428571428572
0 0.12619047619047621 0.39999999999999997 0.014285714285714287 0.08571428571428572
0 0.12380952380952381 0.6928571428571428 0.014285714285714287 0.07142857142857142
0 0.4416666666666667 0.5357142857142857 0.011904761904761906 0.07142857142857142
0 0.5130952380952382 0.22142857142857142 0.01666666666666667 0.07142857142857142
0 0.43214285714285716 0.09999999999999999 0.02142857142857143 0.08571428571428572
0 0.5988095238095239 0.7142857142857143 0.01666666666666667 0.05714285714285714
0 0.505952380952381 0.5642857142857143 0.01666666666666667 0.07142857142857142
0 0.5928571428571429 0.3857142857142857 0.04761904761904762 0.08571428571428572
0 0.6357142857142858 0.3142857142857143 0.01904761904761905 0.08571428571428572
0 0.9154761904761906 0.8571428571428571 0.01666666666666667 0.08571428571428572
0 0.9476190476190477 0.34285714285714286 0.01904761904761905 0.14285714285714285
0 0.9821428571428572 0.6642857142857143 0.01666666666666667 0.12857142857142856
0 0.8154761904761906 0.8214285714285714 0.01666666666666667 0.07142857142857142
0 0.8452380952380953 0.7071428571428571 0.014285714285714287 0.07142857142857142
0 0.8988095238095238 0.6571428571428571 0.026190476190476195 0.08571428571428572
0 0.811904761904762 0.46428571428571425 0.02380952380952381 0.09999999999999999
0 0.8690476190476192 0.35714285714285715 0.014285714285714287 0.08571428571428572
0 0.7142857142857143 0.2642857142857143 0.02380952380952381 0.07142857142857142
0 0.5654761904761906 0.29285714285714287 0.02142857142857143 0.09999999999999999
0 0.4976190476190477 0.37142857142857144 0.01904761904761905 0.17142857142857143
0 0.4678571428571429 0.02857142857142857 0.01666666666666667 0.05714285714285714
0 0.6202380952380953 0.9071428571428571 0.01666666666666667 0.12857142857142856
0 0.6047619047619048 0.5642857142857143 0.028571428571428574 0.07142857142857142
0 0.38333333333333336 0.6285714285714286 0.01904761904761905 0.11428571428571428
0 0.20595238095238097 0.41428571428571426 0.026190476190476195 0.08571428571428572
0 0.32142857142857145 0.7285714285714285 0.014285714285714287 0.11428571428571428
0 0.029761904761904764 0.6714285714285714 0.01666666666666667 0.05714285714285714
0 0.7642857142857143 0.7214285714285714 0.02380952380952381 0.07142857142857142
0 0.6976190476190477 0.42857142857142855 0.014285714285714287 0.08571428571428572
0 0.6773809523809524 0.3 0.026190476190476195 0.11428571428571428
0 0.886904761904762 0.4714285714285714 0.01666666666666667 0.08571428571428572
0 0.7035714285714286 0.7428571428571429 0.026190476190476195 0.08571428571428572
0 0.9357142857142858 0.7214285714285714 0.028571428571428574 0.07142857142857142
0 0.16785714285714287 0.46428571428571425 0.026190476190476195 0.07142857142857142
0 0.9345238095238096 0.14285714285714285 0.011904761904761906 0.05714285714285714
0 0.9773809523809525 0.04285714285714286 0.01666666666666667 0.08571428571428572
0 0.8547619047619048 0.5785714285714285 0.02380952380952381 0.07142857142857142
0 0.7404761904761905 0.18571428571428572 0.01904761904761905 0.08571428571428572
0 0.6238095238095238 0.18571428571428572 0.02380952380952381 0.05714285714285714
0 0.10952380952380954 0.42142857142857143 0.02380952380952381 0.07142857142857142
0 0.17500000000000002 0.08571428571428572 0.01666666666666667 0.08571428571428572
0 0.7940476190476191 0.5785714285714285 0.02142857142857143 0.12857142857142856
