0 0.06071428571428572 0.4928571428571428 0.01666666666666667 0.07142857142857142
0 0.034523809523809526 0.5071428571428571 0.02142857142857143 0.07142857142857142
0 0.05714285714285715 0.18571428571428572 0.028571428571428574 0.08571428571428572
0 0.1511904761904762 0.4857142857142857 0.01666666666666667 0.08571428571428572
0 0.1416666666666667 0.014285714285714285 0.02142857142857143 0.02857142857142857
0 0.18214285714285716 0.04285714285714286 0.026190476190476195 0.08571428571428572
0 0.29880952380952386 0.06428571428571428 0.01666666666666667 0.07142857142857142
0 0.2142857142857143 0.14285714285714285 0.014285714285714287 0.11428571428571428
0 0.1892857142857143 0.8142857142857143 0.01666666666666667 0.08571428571428572
0 0.10714285714285715 0.7071428571428571 0.01904761904761905 0.07142857142857142
0 0.10595238095238096 0.8428571428571429 0.01666666666666667 0.08571428571428572
0 0.25238095238095243 0.5142857142857142 0.014285714285714287 0.05714285714285714
0 0.3166666666666667 0.36428571428571427 0.01904761904761905 0.07142857142857142
0 0.33571428571428574 0.2785714285714286 0.014285714285714287 0.15714285714285714
0 0.330952380952381 0.7214285714285714 0.01904761904761905 0.07142857142857142
0 0.45952380952380956 0.5428571428571428 0.02380952380952381 0.05714285714285714
0 0.530952380952381 0.46428571428571425 0.01904761904761905 0.09999999999999999
0 0.5440476190476191 0.32857142857142857 0.026190476190476195 0.08571428571428572
0 0.5321428571428571 0.21428571428571427 0.02142857142857143 0.05714285714285714
0 0.611904761904762 0.6928571428571428 0.01904761904761905 0.09999999999999999
0 0.7726190476190476 0.11428571428571428 0.02142857142857143 0.14285714285714285
0 0.7130952380952381 0.3214285714285714 0.01666666666666667 0.09999999999999999
0 0.8595238095238096 0.6357142857142857 0.014285714285714287 0.07142857142857142
0 0.8345238095238096 0.5857142857142857 0.026190476190476195 0.05714285714285714
0 0.8595238095238096 0.4857142857142857 0.01904761904761905 0.05714285714285714
0 0.8297619047619048 0.34285714285714286 0.026190476190476195 0.08571428571428572
0 0.8821428571428572 0.22142857142857142 0.02142857142857143 0.04285714285714286
0 0.8738095238095239 0.14285714285714285 0.01904761904761905 0.05714285714285714
0 0.8928571428571429 0.06428571428571428 0.014285714285714287 0.09999999999999999
0 0.8976190476190476 0.8142857142857143 0.01904761904761905 0.05714285714285714
0 0.9190476190476191 0.35 0.014285714285714287 0.09999999999999999
0 0.48809523809523814 0.6142857142857142 0.01904761904761905 0.11428571428571428
0 0.36071428571428577 0.5285714285714286 0.01666666666666667 0.08571428571428572
0 0.42380952380952386 0.10714285714285714 0.02380952380952381 0.09999999999999999
0 0.5083333333333334 0.16428571428571428 0.026190476190476195 0.07142857142857142
0 0.717857142857143 0.5071428571428571 0.03571428571428572 0.12857142857142856
0 0.7452380952380953 0.20714285714285713 0.01904761904761905 0.09999999999999999
0 0.3916666666666667 0.3857142857142857 0.02142857142857143 0.11428571428571428
0 0.46190476190476193 0.29285714285714287 0.04761904761904762 0.09999999999999999
0 0.5023809523809524 0.04285714285714286 0.014285714285714287 0.08571428571428572
0 0.7773809523809525 0.44285714285714284 0.02142857142857143 0.08571428571428572
