0 0.04047619047619048 0.2357142857142857 0.01904761904761905 0.09999999999999999
0 0.11071428571428572 0.21428571428571427 0.01666666666666667 0.05714285714285714
0 0.1142857142857143 0.02142857142857143 0.014285714285714287 0.04285714285714286
0 0.1380952380952381 0.15714285714285714 0.014285714285714287 0.05714285714285714
0 0.029761904761904764 0.45 0.01666666666666667 0.07142857142857142
0 0.005952380952380953 0.7642857142857142 0.011904761904761906 0.07142857142857142
0 0.2273809523809524 0.46428571428571425 0.01666666666666667 0.07142857142857142
0 0.18690476190476193 0.44285714285714284 0.01666666666666667 0.05714285714285714
0 0.3726190476190476 0.45714285714285713 0.02142857142857143 0.14285714285714285
0 0.23452380952380955 0.7642857142857142 0.011904761904761906 0.07142857142857142
0 0.2023809523809524 0.7142857142857143 0.014285714285714287 0.08571428571428572
0 0.09047619047619049 0.7071428571428571 0.01904761904761905 0.07142857142857142
0 0.4488095238095238 0.7142857142857143 0.02142857142857143 0.08571428571428572
0 0.3178571428571429 0.6642857142857143 0.01666666666666667 0.07142857142857142
0 0.2785714285714286 0.4714285714285714 0.014285714285714287 0.05714285714285714
0 0.29761904761904767 0.40714285714285714 0.014285714285714287 0.09999999999999999
0 0.2142857142857143 0.07142857142857142 0.01904761904761905 0.05714285714285714
0 0.4678571428571429 0.05714285714285714 0.01666666666666667 0.08571428571428572
0 0.4345238095238096 0.39999999999999997 0.01666666666666667 0.05714285714285714
0 0.4202380952380953 0.5071428571428571 0.01666666666666667 0.09999999999999999
0 0.33333333333333337 0.2571428571428571 0.01904761904761905 0.08571428571428572
0 0.48690476190476195 0.2857142857142857 0.02142857142857143 0.05714285714285714
0 0.5690476190476191 0.6071428571428571 0.02380952380952381 0.07142857142857142
0 0.6011904761904763 0.44285714285714284 0.01666666666666667 0.14285714285714285
0 0.5773809523809524 0.02857142857142857 0.01666666666666667 0.05714285714285714
0 0.5833333333333334 0.42142857142857143 0.01904761904761905 0.07142857142857142
0 0.6571428571428573 0.15 0.014285714285714287 0.07142857142857142
0 0.675 0.2714285714285714 0.01666666666666667 0.08571428571428572
0 0.7000000000000001 0.4928571428571428 0.01904761904761905 0.07142857142857142
0 0.692857142857143 0.39285714285714285 0.014285714285714287 0.07142857142857142
0 0.7440476190476191 0.5571428571428572 0.011904761904761906 0.08571428571428572
0 0.7630952380952382 0.4357142857142857 0.01666666666666667 0.09999999999999999
0 0.7940476190476191 0.6571428571428571 0.02142857142857143 0.11428571428571428
0 0.5261904761904762 0.20714285714285713 0.014285714285714287 0.07142857142857142
0 0.8166666666666668 0.2714285714285714 0.02380952380952381 0.08571428571428572
0 0.8952380952380953 0.12857142857142856 0.01904761904761905 0.08571428571428572
0 0.9714285714285715 0.2857142857142857 0.02380952380952381 0.08571428571428572
0 0.9654761904761906 0.40714285714285714 0.01666666666666667 0.07142857142857142
0 0.9035714285714287 0.3142857142857143 0.01666666666666667 0.08571428571428572
0 0.8333333333333334 0.7142857142857143 0.014285714285714287 0.05714285714285714
0 0.8678571428571429 0.3071428571428571 0.026190476190476195 0.07142857142857142
0 0.8928571428571429 0.6928571428571428 0.01904761904761905 0.04285714285714286
0 0.8190476190476191 0.46428571428571425 0.01904761904761905 0.15714285714285714
0 0.2702380952380953 0.22142857142857142 0.011904761904761906 0.07142857142857142
0 0.7797619047619049 0.03571428571428571 0.011904761904761906 0.07142857142857142
0 0.8142857142857144 0.17142857142857143 0.014285714285714287 0.05714285714285714
0 0.980952380952381 0.007142857142857143 0.01904761904761905 0.014285714285714285
0 0.9321428571428573 0.47857142857142854 0.01666666666666667 0.09999999999999999
