0 0.051190476190476196 0.16428571428571428 0.01666666666666667 0.12857142857142856
0 0.10357142857142858 0.35714285714285715 0.030952380952380953 0.08571428571428572
0 0.009523809523809525 0.5071428571428571 0.014285714285714287 0.12857142857142856
0 0.13452380952380955 0.47857142857142854 0.011904761904761906 0.07142857142857142
0 0.1523809523809524 0.2785714285714286 0.014285714285714287 0.12857142857142856
0 0.10714285714285715 0.05714285714285714 0.014285714285714287 0.05714285714285714
0 0.2154761904761905 0.014285714285714285 0.011904761904761906 0.02857142857142857
0 0.1523809523809524 0.12857142857142856 0.014285714285714287 0.14285714285714285
0 0.14047619047619048 0.7857142857142857 0.014285714285714287 0.05714285714285714
0 0.21190476190476193 0.3857142857142857 0.014285714285714287 0.05714285714285714
0 0.21309523809523812 0.10714285714285714 0.01666666666666667 0.07142857142857142
0 0.29642857142857143 0.75 0.01666666666666667 0.09999999999999999
0 0.275 0.36428571428571427 0.01666666666666667 0.09999999999999999
0 0.33690476190476193 0.32857142857142857 0.01666666666666667 0.05714285714285714
0 0.3178571428571429 0.5428571428571428 0.02142857142857143 0.08571428571428572
0 0.29880952380952386 0.21428571428571427 0.02142857142857143 0.05714285714285714
0 0.4214285714285715 0.22857142857142856 0.014285714285714287 0.05714285714285714
0 0.5392857142857144 0.4928571428571428 0.02142857142857143 0.09999999999999999
0 0.4083333333333334 0.5142857142857142 0.01666666666666667 0.08571428571428572
0 0.3595238095238096 0.03571428571428571 0.014285714285714287 0.07142857142857142
0 0.4357142857142858 0.03571428571428571 0.01904761904761905 0.07142857142857142
0 0.480952380952381 0.2571428571428571 0.014285714285714287 0.08571428571428572
0 0.4928571428571429 0.46428571428571425 0.014285714285714287 0.07142857142857142
0 0.3821428571428572 0.3142857142857143 0.01666666666666667 0.08571428571428572
0 0.5488095238095239 0.25 0.011904761904761906 0.07142857142857142
0 0.5785714285714286 0.04285714285714286 0.014285714285714287 0.08571428571428572
0 0.5428571428571429 0.39285714285714285 0.014285714285714287 0.07142857142857142
0 0.6976190476190477 0.8142857142857143 0.014285714285714287 0.05714285714285714
0 0.7035714285714286 0.7071428571428571 0.011904761904761906 0.07142857142857142
0 0.7500000000000001 0.5142857142857142 0.014285714285714287 0.08571428571428572
0 0.7916666666666667 0.5499999999999999 0.01666666666666667 0.12857142857142856
0 0.8095238095238096 0.02857142857142857 0.014285714285714287 0.05714285714285714
0 0.7761904761904762 0.10714285714285714 0.014285714285714287 0.07142857142857142
0 0.7607142857142858 0.09999999999999999 0.011904761904761906 0.05714285714285714
0 0.6952380952380953 0.07857142857142857 0.02380952380952381 0.04285714285714286
0 0.19880952380952382 0.2571428571428571 0.01666666666666667 0.05714285714285714
0 0.8690476190476192 0.32857142857142857 0.01904761904761905 0.05714285714285714
0 0.8654761904761905 0.25 0.011904761904761906 0.07142857142857142
0 0.9416666666666668 0.2357142857142857 0.01666666666666667 0.12857142857142856
0 0.9226190476190477 0.34285714285714286 0.02142857142857143 0.14285714285714285
0 0.9940476190476192 0.04285714285714286 0.0071428571428571435 0.08571428571428572
0 0.9011904761904763 0.07142857142857142 0.026190476190476195 0.05714285714285714
0 0.8761904761904763 0.09285714285714286 0.01904761904761905 0.07142857142857142
0 0.8880952380952382 0.4857142857142857 0.02380952380952381 0.08571428571428572
0 0.9702380952380953 0.7 0.011904761904761906 0.08571428571428572
0 0.5892857142857143 0.5285714285714286 0.011904761904761906 0.05714285714285714
0 0.2654761904761905 0.07857142857142857 0.01666666666666667 0.12857142857142856
0 0.4833333333333334 0.5857142857142857 0.01904761904761905 0.05714285714285714
