1 0.9726190476190477 0.6214285714285714 0.04047619047619048 0.32857142857142857
0 0.1642857142857143 0.35 0.014285714285714287 0.09999999999999999
0 0.1416666666666667 0.42142857142857143 0.011904761904761906 0.12857142857142856
0 0.5797619047619048 0.7357142857142857 0.011904761904761906 0.09999999999999999
0 0.7119047619047619 0.4928571428571428 0.01904761904761905 0.18571428571428572
0 0.6226190476190476 0.09999999999999999 0.011904761904761906 0.08571428571428572
0 0.13452380952380955 0.6071428571428571 0.01666666666666667 0.07142857142857142
0 0.8476190476190477 0.39285714285714285 0.009523809523809525 0.07142857142857142
0 0.005952380952380953 0.2714285714285714 0.011904761904761906 0.08571428571428572
0 0.07023809523809524 0.6 0.01666666666666667 0.05714285714285714
