1 0.9857142857142858 0.5571428571428572 0.02380952380952381 0.22857142857142856
0 0.6000000000000001 0.12857142857142856 0.014285714285714287 0.11428571428571428
0 0.6250000000000001 0.25 0.011904761904761906 0.07142857142857142
0 0.027380952380952384 0.4928571428571428 0.011904761904761906 0.07142857142857142
0 0.255952380952381 0.9428571428571428 0.011904761904761906 0.08571428571428572
0 0.6035714285714286 0.8785714285714286 0.02142857142857143 0.07142857142857142
0 0.011904761904761906 0.4357142857142857 0.014285714285714287 0.07142857142857142
0 0.3678571428571429 0.09999999999999999 0.011904761904761906 0.05714285714285714
0 0.04285714285714286 0.1357142857142857 0.009523809523809525 0.07142857142857142
0 0.36904761904761907 0.7214285714285714 0.009523809523809525 0.07142857142857142
0 0.480952380952381 0.6357142857142857 0.009523809523809525 0.07142857142857142
0 0.9916666666666668 0.40714285714285714 0.0071428571428571435 0.07142857142857142
0 0.06785714285714287 0.5714285714285714 0.011904761904761906 0.05714285714285714
0 0.0380952380952381 0.6357142857142857 0.014285714285714287 0.04285714285714286
0 0.04047619047619048 0.9285714285714285 0.009523809523809525 0.05714285714285714
0 0.14285714285714288 0.6285714285714286 0.009523809523809525 0.05714285714285714
0 0.5404761904761906 0.8357142857142857 0.009523809523809525 0.04285714285714286
0 0.2035714285714286 0.7214285714285714 0.02142857142857143 0.07142857142857142
0 0.23095238095238096 0.15714285714285714 0.009523809523809525 0.08571428571428572
