1 0.014285714285714287 0.21428571428571427 0.028571428571428574 0.2857142857142857
1 0.6452380952380953 0.35714285714285715 0.04285714285714286 0.2857142857142857
1 0.7511904761904763 0.5285714285714286 0.04047619047619048 0.2857142857142857
0 0.9833333333333334 0.5357142857142857 0.01904761904761905 0.07142857142857142
0 0.12142857142857144 0.17142857142857143 0.014285714285714287 0.08571428571428572
0 0.9702380952380953 0.41428571428571426 0.01666666666666667 0.08571428571428572
0 0.1773809523809524 0.22142857142857142 0.011904761904761906 0.07142857142857142
0 0.34285714285714286 0.5857142857142857 0.009523809523809525 0.05714285714285714
0 0.7833333333333334 0.2714285714285714 0.009523809523809525 0.08571428571428572
0 0.9595238095238096 0.7214285714285714 0.009523809523809525 0.09999999999999999
0 0.5273809523809524 0.35714285714285715 0.011904761904761906 0.08571428571428572
