1 0.24285714285714288 0.5 0.05238095238095239 0.34285714285714286
0 0.830952380952381 0.7214285714285714 0.014285714285714287 0.04285714285714286
0 0.6654761904761906 0.8071428571428572 0.01666666666666667 0.12857142857142856
0 0.8226190476190477 0.7999999999999999 0.01666666666666667 0.11428571428571428
0 0.43690476190476196 0.6071428571428571 0.01666666666666667 0.07142857142857142
0 0.3928571428571429 0.6428571428571428 0.014285714285714287 0.08571428571428572
0 0.18333333333333335 0.40714285714285714 0.014285714285714287 0.09999999999999999
0 0.5297619047619048 0.9 0.01666666666666667 0.08571428571428572
0 0.7583333333333334 0.45714285714285713 0.01666666666666667 0.19999999999999998
0 0.5 0.10714285714285714 0.028571428571428574 0.09999999999999999
0 0.3190476190476191 0.44285714285714284 0.01904761904761905 0.05714285714285714
0 0.06309523809523811 0.5857142857142857 0.02142857142857143 0.05714285714285714
0 0.10952380952380954 0.5928571428571429 0.014285714285714287 0.09999999999999999
0 0.6654761904761906 0.39285714285714285 0.01666666666666667 0.12857142857142856
0 0.9845238095238096 0.21428571428571427 0.02142857142857143 0.05714285714285714
0 0.605952380952381 0.8785714285714286 0.011904761904761906 0.04285714285714286
