1 0.2416666666666667 0.5214285714285715 0.01666666666666667 0.09999999999999999
1 0.2535714285714286 0.5928571428571429 0.02142857142857143 0.12857142857142856
0 0.2 0.95 0.009523809523809525 0.07142857142857142
0 0.04642857142857143 0.6714285714285714 0.01666666666666667 0.08571428571428572
0 0.7928571428571429 0.5428571428571428 0.014285714285714287 0.08571428571428572
0 0.7035714285714286 0.6071428571428571 0.011904761904761906 0.07142857142857142
0 0.4702380952380953 0.2785714285714286 0.01666666666666667 0.09999999999999999
0 0.6214285714285714 0.11428571428571428 0.009523809523809525 0.05714285714285714
0 0.9857142857142858 0.3857142857142857 0.014285714285714287 0.11428571428571428
0 0.3869047619047619 0.6357142857142857 0.011904761904761906 0.07142857142857142
