1 0.7440476190476191 0.6357142857142857 0.026190476190476195 0.18571428571428572
1 0.46666666666666673 0.6214285714285714 0.02380952380952381 0.15714285714285714
0 0.11785714285714287 0.6285714285714286 0.01666666666666667 0.17142857142857143
0 0.6833333333333333 0.44285714285714284 0.009523809523809525 0.08571428571428572
0 0.4678571428571429 0.8928571428571428 0.01666666666666667 0.07142857142857142
0 0.4535714285714286 0.2857142857142857 0.01666666666666667 0.08571428571428572
0 0.536904761904762 0.5857142857142857 0.011904761904761906 0.05714285714285714
0 0.022619047619047622 0.12142857142857143 0.011904761904761906 0.04285714285714286
0 0.480952380952381 0.2785714285714286 0.009523809523809525 0.07142857142857142
0 0.9702380952380953 0.3071428571428571 0.011904761904761906 0.07142857142857142
0 0.9904761904761905 0.40714285714285714 0.009523809523809525 0.07142857142857142
0 0.28571428571428575 0.6785714285714286 0.009523809523809525 0.07142857142857142
