0 0.004761904761904762 0.3857142857142857 0.009523809523809525 0.17142857142857143
0 0.8416666666666668 0.5071428571428571 0.01666666666666667 0.15714285714285714
0 0.48690476190476195 0.9357142857142857 0.01666666666666667 0.07142857142857142
0 0.4071428571428572 0.7999999999999999 0.014285714285714287 0.08571428571428572
0 0.5023809523809524 0.5 0.014285714285714287 0.08571428571428572
0 0.7321428571428572 0.19285714285714284 0.011904761904761906 0.07142857142857142
1 0.5761904761904763 0.46428571428571425 0.04285714285714286 0.35714285714285715
1 0.053571428571428575 0.42857142857142855 0.02142857142857143 0.14285714285714285
0 0.6738095238095239 0.47857142857142854 0.009523809523809525 0.09999999999999999
0 0.027380952380952384 0.3071428571428571 0.030952380952380953 0.15714285714285714
0 0.3583333333333334 0.8785714285714286 0.02142857142857143 0.07142857142857142
0 0.3511904761904762 0.44285714285714284 0.011904761904761906 0.05714285714285714
0 0.6095238095238096 0.8642857142857142 0.02380952380952381 0.07142857142857142
0 0.8952380952380953 0.6214285714285714 0.014285714285714287 0.09999999999999999
0 0.9904761904761905 0.3857142857142857 0.009523809523809525 0.08571428571428572
0 0.7916666666666667 0.7571428571428571 0.011904761904761906 0.05714285714285714
0 0.45238095238095244 0.19285714285714284 0.028571428571428574 0.09999999999999999
0 0.4297619047619048 0.4928571428571428 0.01666666666666667 0.12857142857142856
