0 0.30000000000000004 0.42142857142857143 0.02380952380952381 0.12857142857142856
0 0.34761904761904766 0.7357142857142857 0.014285714285714287 0.12857142857142856
0 0.7928571428571429 0.3142857142857143 0.01904761904761905 0.11428571428571428
0 0.811904761904762 0.9428571428571428 0.014285714285714287 0.08571428571428572
0 0.6940476190476191 0.6357142857142857 0.01666666666666667 0.07142857142857142
1 0.6226190476190476 0.5928571428571429 0.030952380952380953 0.21428571428571427
0 0.5452380952380953 0.10714285714285714 0.06190476190476191 0.15714285714285714
0 0.03571428571428572 0.12142857142857143 0.009523809523809525 0.09999999999999999
0 0.0642857142857143 0.45714285714285713 0.014285714285714287 0.08571428571428572
0 0.3666666666666667 0.6357142857142857 0.014285714285714287 0.07142857142857142
0 0.536904761904762 0.5928571428571429 0.011904761904761906 0.09999999999999999
0 0.4714285714285715 0.7 0.014285714285714287 0.11428571428571428
0 0.0380952380952381 0.8214285714285714 0.014285714285714287 0.09999999999999999
0 0.636904761904762 0.15 0.011904761904761906 0.07142857142857142
0 0.9261904761904762 0.6642857142857143 0.014285714285714287 0.12857142857142856
0 0.605952380952381 0.8642857142857142 0.011904761904761906 0.07142857142857142
