1 0.661904761904762 0.6714285714285714 0.04285714285714286 0.2857142857142857
1 0.025 0.39999999999999997 0.026190476190476195 0.19999999999999998
0 0.06547619047619048 0.37142857142857144 0.01666666666666667 0.14285714285714285
0 0.2285714285714286 0.4357142857142857 0.014285714285714287 0.15714285714285714
0 0.5214285714285715 0.6785714285714286 0.01904761904761905 0.12857142857142856
0 0.6428571428571429 0.35 0.03333333333333334 0.32857142857142857
0 0.6047619047619048 0.40714285714285714 0.03333333333333334 0.21428571428571427
0 0.7880952380952382 0.09285714285714286 0.014285714285714287 0.09999999999999999
0 0.08690476190476192 0.6071428571428571 0.011904761904761906 0.09999999999999999
0 0.2761904761904762 0.6714285714285714 0.014285714285714287 0.08571428571428572
0 0.4714285714285715 0.7071428571428571 0.014285714285714287 0.07142857142857142
0 0.7214285714285715 0.39999999999999997 0.009523809523809525 0.08571428571428572
0 0.8238095238095239 0.75 0.014285714285714287 0.09999999999999999
0 0.8940476190476191 0.2642857142857143 0.011904761904761906 0.09999999999999999
