1 0.17857142857142858 0.5642857142857143 0.02380952380952381 0.15714285714285714
0 0.24761904761904763 0.7285714285714285 0.01904761904761905 0.11428571428571428
0 0.536904761904762 0.42857142857142855 0.02142857142857143 0.11428571428571428
0 0.7726190476190476 0.6642857142857143 0.01666666666666667 0.09999999999999999
0 0.5107142857142858 0.6928571428571428 0.011904761904761906 0.09999999999999999
0 0.6095238095238096 0.4857142857142857 0.03333333333333334 0.19999999999999998
0 0.5333333333333334 0.5499999999999999 0.01904761904761905 0.07142857142857142
0 0.567857142857143 0.5499999999999999 0.01666666666666667 0.07142857142857142
0 0.8976190476190476 0.36428571428571427 0.014285714285714287 0.09999999999999999
0 0.05238095238095239 0.6714285714285714 0.014285714285714287 0.08571428571428572
0 0.02380952380952381 0.9357142857142857 0.014285714285714287 0.09999999999999999
0 0.605952380952381 0.8714285714285714 0.01666666666666667 0.08571428571428572
0 0.8023809523809524 0.9357142857142857 0.014285714285714287 0.07142857142857142
0 0.9892857142857143 0.39285714285714285 0.011904761904761906 0.07142857142857142
0 0.5714285714285715 0.41428571428571426 0.014285714285714287 0.08571428571428572
0 0.06785714285714287 0.11428571428571428 0.01666666666666667 0.08571428571428572
0 0.2416666666666667 0.42857142857142855 0.01666666666666667 0.05714285714285714
0 0.8630952380952381 0.8428571428571429 0.03571428571428572 0.11428571428571428
0 0.06904761904761905 0.6357142857142857 0.014285714285714287 0.15714285714285714
0 0.3583333333333334 0.4714285714285714 0.011904761904761906 0.11428571428571428
