0 0.511904761904762 0.3357142857142857 0.02380952380952381 0.09999999999999999
0 0.7190476190476192 0.8428571428571429 0.01904761904761905 0.08571428571428572
0 0.6392857142857143 0.9571428571428571 0.02142857142857143 0.05714285714285714
0 0.08452380952380953 0.2642857142857143 0.011904761904761906 0.09999999999999999
1 0.1 0.4357142857142857 0.01904761904761905 0.15714285714285714
1 0.011904761904761906 0.5857142857142857 0.02380952380952381 0.4857142857142857
0 0.6916666666666668 0.41428571428571426 0.030952380952380953 0.08571428571428572
0 0.9916666666666668 0.39999999999999997 0.011904761904761906 0.08571428571428572
0 0.36904761904761907 0.7285714285714285 0.01904761904761905 0.08571428571428572
0 0.4285714285714286 0.37857142857142856 0.014285714285714287 0.09999999999999999
0 0.13571428571428573 0.7571428571428571 0.014285714285714287 0.08571428571428572
0 0.048809523809523817 0.22857142857142856 0.0071428571428571435 0.05714285714285714
0 0.6071428571428572 0.8642857142857142 0.028571428571428574 0.04285714285714286
0 0.5166666666666667 0.44285714285714284 0.014285714285714287 0.05714285714285714
