1 0.17380952380952383 0.7071428571428571 0.02380952380952381 0.18571428571428572
1 0.29880952380952386 0.6214285714285714 0.026190476190476195 0.18571428571428572
1 0.3452380952380953 0.42142857142857143 0.04285714285714286 0.35714285714285715
0 0.3285714285714286 0.9357142857142857 0.014285714285714287 0.09999999999999999
0 0.5750000000000001 0.6928571428571428 0.01666666666666667 0.09999999999999999
0 0.5190476190476191 0.3071428571428571 0.009523809523809525 0.07142857142857142
0 0.23571428571428574 0.5071428571428571 0.009523809523809525 0.07142857142857142
0 0.06785714285714287 0.5714285714285714 0.011904761904761906 0.05714285714285714
0 0.692857142857143 0.1357142857142857 0.009523809523809525 0.07142857142857142
0 0.9392857142857144 0.5 0.0071428571428571435 0.05714285714285714
0 0.9916666666666668 0.42142857142857143 0.0071428571428571435 0.09999999999999999
