1 0.830952380952381 0.39999999999999997 0.02380952380952381 0.19999999999999998
0 0.8964285714285715 0.5214285714285715 0.02142857142857143 0.15714285714285714
0 0.7476190476190477 0.39285714285714285 0.014285714285714287 0.09999999999999999
0 0.19642857142857145 0.42857142857142855 0.01666666666666667 0.11428571428571428
0 0.4142857142857143 0.17142857142857143 0.014285714285714287 0.11428571428571428
0 0.3404761904761905 0.8571428571428571 0.014285714285714287 0.11428571428571428
0 0.1654761904761905 0.7714285714285714 0.011904761904761906 0.08571428571428572
0 0.6583333333333334 0.4714285714285714 0.01666666666666667 0.08571428571428572
0 0.09761904761904763 0.06428571428571428 0.009523809523809525 0.07142857142857142
0 0.6047619047619048 0.8714285714285714 0.014285714285714287 0.08571428571428572
0 0.6000000000000001 0.07857142857142857 0.014285714285714287 0.09999999999999999
0 0.8214285714285715 0.5357142857142857 0.009523809523809525 0.07142857142857142
0 0.7785714285714287 0.7642857142857142 0.014285714285714287 0.07142857142857142
0 0.9880952380952381 0.39999999999999997 0.014285714285714287 0.08571428571428572
0 0.27142857142857146 0.5071428571428571 0.009523809523809525 0.09999999999999999
0 0.034523809523809526 0.5499999999999999 0.011904761904761906 0.12857142857142856
