1 0.6595238095238096 0.4928571428571428 0.04285714285714286 0.3
1 0.051190476190476196 0.5571428571428572 0.030952380952380953 0.22857142857142856
0 0.7523809523809525 0.39285714285714285 0.014285714285714287 0.09999999999999999
0 0.45119047619047625 0.9142857142857143 0.011904761904761906 0.08571428571428572
0 0.17142857142857143 0.44285714285714284 0.014285714285714287 0.08571428571428572
0 0.33690476190476193 0.16428571428571428 0.011904761904761906 0.07142857142857142
0 0.5083333333333334 0.07142857142857142 0.011904761904761906 0.05714285714285714
0 0.24880952380952384 0.5928571428571429 0.011904761904761906 0.07142857142857142
0 0.7952380952380953 0.22857142857142856 0.014285714285714287 0.11428571428571428
0 0.9892857142857143 0.39999999999999997 0.011904761904761906 0.08571428571428572
0 0.605952380952381 0.8857142857142857 0.02142857142857143 0.08571428571428572
