1 0.25238095238095243 0.18571428571428572 0.03333333333333334 0.22857142857142856
1 0.4047619047619048 0.12857142857142856 0.01904761904761905 0.14285714285714285
1 0.5011904761904762 0.5428571428571428 0.026190476190476195 0.17142857142857143
0 0.055952380952380955 0.4357142857142857 0.011904761904761906 0.07142857142857142
0 0.6380952380952382 0.37142857142857144 0.014285714285714287 0.08571428571428572
1 0.9892857142857143 0.6571428571428571 0.01666666666666667 0.14285714285714285
0 0.048809523809523817 0.16428571428571428 0.011904761904761906 0.07142857142857142
0 0.5071428571428572 0.7357142857142857 0.014285714285714287 0.09999999999999999
0 0.6785714285714286 0.5214285714285715 0.009523809523809525 0.04285714285714286
0 0.7404761904761905 0.18571428571428572 0.009523809523809525 0.08571428571428572
0 0.8892857142857143 0.5142857142857142 0.011904761904761906 0.08571428571428572
0 0.7226190476190477 0.8571428571428571 0.0071428571428571435 0.11428571428571428
