1 0.5488095238095239 0.3142857142857143 0.030952380952380953 0.22857142857142856
1 0.2416666666666667 0.5499999999999999 0.030952380952380953 0.21428571428571427
0 0.4797619047619048 0.8428571428571429 0.01666666666666667 0.08571428571428572
0 0.6321428571428572 0.35714285714285715 0.011904761904761906 0.08571428571428572
0 0.7654761904761905 0.5 0.01666666666666667 0.08571428571428572
0 0.18095238095238098 0.2571428571428571 0.014285714285714287 0.08571428571428572
0 0.3535714285714286 0.4857142857142857 0.011904761904761906 0.08571428571428572
0 0.3416666666666667 0.3142857142857143 0.011904761904761906 0.05714285714285714
0 0.4071428571428572 0.8857142857142857 0.009523809523809525 0.05714285714285714
0 0.39047619047619053 0.6 0.009523809523809525 0.05714285714285714
0 0.8357142857142857 0.8285714285714285 0.009523809523809525 0.05714285714285714
0 0.06904761904761905 0.5857142857142857 0.014285714285714287 0.05714285714285714
0 0.6023809523809525 0.8714285714285714 0.01904761904761905 0.05714285714285714
0 0.5880952380952381 0.45 0.009523809523809525 0.07142857142857142
