1 0.26071428571428573 0.2714285714285714 0.030952380952380953 0.19999999999999998
0 0.44642857142857145 0.6642857142857143 0.011904761904761906 0.09999999999999999
0 0.6404761904761905 0.47857142857142854 0.01904761904761905 0.07142857142857142
0 0.7821428571428573 0.32857142857142857 0.01666666666666667 0.11428571428571428
0 0.32261904761904764 0.45714285714285713 0.011904761904761906 0.08571428571428572
0 0.03571428571428572 0.36428571428571427 0.009523809523809525 0.09999999999999999
0 0.06904761904761905 0.5785714285714285 0.009523809523809525 0.07142857142857142
0 0.10952380952380954 0.8857142857142857 0.014285714285714287 0.05714285714285714
0 0.37023809523809526 0.9357142857142857 0.011904761904761906 0.07142857142857142
0 0.46071428571428574 0.39999999999999997 0.0071428571428571435 0.08571428571428572
0 0.7464285714285714 0.6214285714285714 0.011904761904761906 0.07142857142857142
0 0.9904761904761905 0.3857142857142857 0.009523809523809525 0.08571428571428572
