1 0.7928571428571429 0.2857142857142857 0.028571428571428574 0.22857142857142856
1 0.8964285714285715 0.09999999999999999 0.02142857142857143 0.14285714285714285
0 0.9654761904761906 0.8428571428571429 0.01666666666666667 0.08571428571428572
0 0.6571428571428573 0.5357142857142857 0.014285714285714287 0.09999999999999999
0 0.5321428571428571 0.5571428571428572 0.011904761904761906 0.08571428571428572
0 0.07142857142857144 0.5857142857142857 0.014285714285714287 0.05714285714285714
0 0.5130952380952382 0.2571428571428571 0.011904761904761906 0.08571428571428572
0 0.9142857142857144 0.5214285714285715 0.014285714285714287 0.09999999999999999
0 0.9476190476190477 0.5428571428571428 0.014285714285714287 0.05714285714285714
0 0.9892857142857143 0.40714285714285714 0.0071428571428571435 0.07142857142857142
0 0.986904761904762 0.6785714285714286 0.0071428571428571435 0.07142857142857142
0 0.36904761904761907 0.95 0.014285714285714287 0.07142857142857142
0 0.380952380952381 0.5499999999999999 0.014285714285714287 0.07142857142857142
0 0.06904761904761905 0.9642857142857143 0.009523809523809525 0.04285714285714286
