0 0.08452380952380953 0.2714285714285714 0.01666666666666667 0.11428571428571428
0 0.23214285714285715 0.5 0.030952380952380953 0.08571428571428572
0 0.3321428571428572 0.04285714285714286 0.01666666666666667 0.08571428571428572
0 0.2880952380952381 0.5142857142857142 0.01904761904761905 0.14285714285714285
0 0.7000000000000001 0.7285714285714285 0.02380952380952381 0.08571428571428572
0 0.65 0.7857142857142857 0.014285714285714287 0.11428571428571428
0 0.6238095238095238 0.6857142857142857 0.01904761904761905 0.17142857142857143
1 0.736904761904762 0.7428571428571429 0.026190476190476195 0.19999999999999998
0 0.15833333333333335 0.7214285714285714 0.011904761904761906 0.09999999999999999
0 0.661904761904762 0.2785714285714286 0.014285714285714287 0.07142857142857142
0 0.6047619047619048 0.8785714285714286 0.01904761904761905 0.07142857142857142
0 0.8940476190476191 0.5 0.01666666666666667 0.11428571428571428
0 0.10238095238095239 0.6 0.014285714285714287 0.11428571428571428
0 0.005952380952380953 0.65 0.011904761904761906 0.07142857142857142
0 0.9904761904761905 0.39999999999999997 0.014285714285714287 0.08571428571428572
0 0.04166666666666667 0.25 0.02142857142857143 0.09999999999999999
1 0.07023809523809524 0.6214285714285714 0.02142857142857143 0.15714285714285714
0 0.28095238095238095 0.65 0.014285714285714287 0.09999999999999999
0 0.8678571428571429 0.7285714285714285 0.011904761904761906 0.11428571428571428
