1 0.3273809523809524 0.35 0.04047619047619048 0.3
1 0.9154761904761906 0.24285714285714285 0.026190476190476195 0.19999999999999998
1 0.9571428571428572 0.3071428571428571 0.0380952380952381 0.24285714285714285
0 0.7928571428571429 0.8071428571428572 0.014285714285714287 0.18571428571428572
0 0.34761904761904766 0.85 0.014285714285714287 0.09999999999999999
0 0.786904761904762 0.46428571428571425 0.011904761904761906 0.07142857142857142
0 0.2142857142857143 0.4714285714285714 0.009523809523809525 0.05714285714285714
0 0.14642857142857144 0.85 0.01666666666666667 0.04285714285714286
0 0.6095238095238096 0.8714285714285714 0.009523809523809525 0.05714285714285714
0 0.8392857142857144 0.7428571428571429 0.0071428571428571435 0.11428571428571428
0 0.9190476190476191 0.6571428571428571 0.009523809523809525 0.08571428571428572
0 0.5785714285714286 0.7071428571428571 0.009523809523809525 0.07142857142857142
0 0.01904761904761905 0.6642857142857143 0.009523809523809525 0.07142857142857142
