1 0.14642857142857144 0.5642857142857143 0.04047619047619048 0.3
0 0.01666666666666667 0.7285714285714285 0.03333333333333334 0.14285714285714285
0 0.013095238095238097 0.3357142857142857 0.026190476190476195 0.41428571428571426
0 0.22142857142857145 0.17142857142857143 0.01904761904761905 0.14285714285714285
0 0.4797619047619048 0.35714285714285715 0.01666666666666667 0.11428571428571428
0 0.46071428571428574 0.75 0.02142857142857143 0.07142857142857142
0 0.8523809523809525 0.7285714285714285 0.01904761904761905 0.08571428571428572
0 0.5916666666666667 0.5071428571428571 0.02142857142857143 0.12857142857142856
0 0.6095238095238096 0.8857142857142857 0.014285714285714287 0.08571428571428572
0 0.06904761904761905 0.5642857142857143 0.01904761904761905 0.07142857142857142
