1 0.5690476190476191 0.6214285714285714 0.03333333333333334 0.21428571428571427
0 0.7880952380952382 0.34285714285714286 0.01904761904761905 0.11428571428571428
0 0.5988095238095239 0.34285714285714286 0.026190476190476195 0.22857142857142856
0 0.36190476190476195 0.5142857142857142 0.014285714285714287 0.08571428571428572
0 0.255952380952381 0.4928571428571428 0.011904761904761906 0.09999999999999999
0 0.06309523809523811 0.6357142857142857 0.01666666666666667 0.12857142857142856
0 0.2619047619047619 0.34285714285714286 0.014285714285714287 0.08571428571428572
0 0.07500000000000001 0.37857142857142856 0.011904761904761906 0.07142857142857142
0 0.2678571428571429 0.20714285714285713 0.011904761904761906 0.09999999999999999
0 0.1797619047619048 0.6214285714285714 0.011904761904761906 0.07142857142857142
0 0.5190476190476191 0.19999999999999998 0.009523809523809525 0.05714285714285714
0 0.9690476190476192 0.9357142857142857 0.009523809523809525 0.07142857142857142
0 0.7595238095238096 0.08571428571428572 0.009523809523809525 0.05714285714285714
0 0.842857142857143 0.6285714285714286 0.009523809523809525 0.05714285714285714
0 0.4047619047619048 0.7785714285714286 0.014285714285714287 0.04285714285714286
