1 0.961904761904762 0.07142857142857142 0.028571428571428574 0.14285714285714285
0 0.6476190476190476 0.35 0.01904761904761905 0.12857142857142856
0 0.4047619047619048 0.8071428571428572 0.009523809523809525 0.07142857142857142
0 0.09523809523809525 0.3857142857142857 0.009523809523809525 0.05714285714285714
0 0.0071428571428571435 0.37857142857142856 0.014285714285714287 0.07142857142857142
0 0.1904761904761905 0.1357142857142857 0.014285714285714287 0.15714285714285714
0 0.6297619047619049 0.37857142857142856 0.011904761904761906 0.07142857142857142
0 0.5440476190476191 0.36428571428571427 0.01666666666666667 0.09999999999999999
0 0.04404761904761905 0.20714285714285713 0.011904761904761906 0.07142857142857142
0 0.06904761904761905 0.5785714285714285 0.014285714285714287 0.04285714285714286
0 0.6011904761904763 0.8642857142857142 0.02142857142857143 0.07142857142857142
0 0.7833333333333334 0.35714285714285715 0.009523809523809525 0.05714285714285714
0 0.7214285714285715 0.8428571428571429 0.009523809523809525 0.08571428571428572
0 0.9904761904761905 0.39285714285714285 0.009523809523809525 0.07142857142857142
0 0.936904761904762 0.15 0.011904761904761906 0.07142857142857142
0 0.7428571428571429 0.5428571428571428 0.009523809523809525 0.08571428571428572
0 0.6202380952380953 0.7357142857142857 0.026190476190476195 0.12857142857142856
0 0.11190476190476191 0.5928571428571429 0.02380952380952381 0.09999999999999999
0 0.4297619047619048 0.2785714285714286 0.01666666666666667 0.09999999999999999
