1 0.6547619047619048 0.5285714285714286 0.028571428571428574 0.19999999999999998
0 0.6892857142857144 0.7357142857142857 0.011904761904761906 0.07142857142857142
0 0.7488095238095239 0.41428571428571426 0.011904761904761906 0.08571428571428572
0 0.4797619047619048 0.8928571428571428 0.02142857142857143 0.07142857142857142
0 0.10833333333333334 0.14285714285714285 0.01666666666666667 0.05714285714285714
0 0.37500000000000006 0.2857142857142857 0.02142857142857143 0.05714285714285714
0 0.4488095238095238 0.8357142857142857 0.011904761904761906 0.12857142857142856
0 0.9785714285714286 0.8142857142857143 0.014285714285714287 0.11428571428571428
0 0.03571428571428572 0.5071428571428571 0.014285714285714287 0.12857142857142856
0 0.17500000000000002 0.6285714285714286 0.011904761904761906 0.11428571428571428
0 0.6047619047619048 0.8714285714285714 0.01904761904761905 0.08571428571428572
0 0.39047619047619053 0.5214285714285715 0.009523809523809525 0.07142857142857142
