1 0.7523809523809525 0.3142857142857143 0.0380952380952381 0.2857142857142857
1 0.8404761904761906 0.3 0.028571428571428574 0.19999999999999998
0 0.10476190476190478 0.6142857142857142 0.014285714285714287 0.11428571428571428
0 0.26071428571428573 0.7571428571428571 0.011904761904761906 0.08571428571428572
0 0.08095238095238096 0.32857142857142857 0.014285714285714287 0.08571428571428572
0 0.19523809523809527 0.25 0.009523809523809525 0.12857142857142856
0 0.9547619047619048 0.04285714285714286 0.014285714285714287 0.08571428571428572
1 0.7821428571428573 0.40714285714285714 0.01666666666666667 0.09999999999999999
0 0.06785714285714287 0.5785714285714285 0.011904761904761906 0.07142857142857142
0 0.8392857142857144 0.7714285714285714 0.011904761904761906 0.05714285714285714
0 0.4083333333333334 0.37857142857142856 0.0071428571428571435 0.07142857142857142
