0 0.1511904761904762 0.6428571428571428 0.030952380952380953 0.19999999999999998
0 0.14047619047619048 0.09999999999999999 0.009523809523809525 0.05714285714285714
0 0.02023809523809524 0.7857142857142857 0.01666666666666667 0.05714285714285714
0 0.7904761904761906 0.6285714285714286 0.01904761904761905 0.11428571428571428
0 0.7214285714285715 0.5642857142857143 0.009523809523809525 0.12857142857142856
0 0.48809523809523814 0.7214285714285714 0.01904761904761905 0.07142857142857142
1 0.3678571428571429 0.5071428571428571 0.03571428571428572 0.24285714285714285
0 0.5238095238095238 0.42857142857142855 0.01904761904761905 0.08571428571428572
0 0.980952380952381 0.7071428571428571 0.009523809523809525 0.07142857142857142
0 0.9107142857142858 0.5214285714285715 0.01666666666666667 0.12857142857142856
0 0.6511904761904762 0.5428571428571428 0.01666666666666667 0.08571428571428572
0 0.3654761904761905 0.17142857142857143 0.02142857142857143 0.14285714285714285
0 0.9785714285714286 0.16428571428571428 0.01904761904761905 0.09999999999999999
0 0.9892857142857143 0.3857142857142857 0.011904761904761906 0.05714285714285714
0 0.680952380952381 0.9428571428571428 0.014285714285714287 0.08571428571428572
0 0.6071428571428572 0.8785714285714286 0.014285714285714287 0.07142857142857142
0 0.08571428571428572 0.29285714285714287 0.014285714285714287 0.12857142857142856
