1 0.24285714285714288 0.46428571428571425 0.028571428571428574 0.18571428571428572
1 0.9011904761904763 0.7857142857142857 0.02142857142857143 0.17142857142857143
0 0.5880952380952381 0.35 0.014285714285714287 0.12857142857142856
0 0.5452380952380953 0.6071428571428571 0.014285714285714287 0.07142857142857142
0 0.20476190476190478 0.42857142857142855 0.014285714285714287 0.08571428571428572
0 0.09404761904761906 0.6 0.011904761904761906 0.08571428571428572
0 0.6035714285714286 0.5785714285714285 0.011904761904761906 0.09999999999999999
0 0.6785714285714286 0.7642857142857142 0.014285714285714287 0.09999999999999999
0 0.16071428571428573 0.6142857142857142 0.0071428571428571435 0.11428571428571428
0 0.1 0.02142857142857143 0.009523809523809525 0.04285714285714286
0 0.07023809523809524 0.5642857142857143 0.011904761904761906 0.04285714285714286
