1 0.525 0.6142857142857142 0.03571428571428572 0.2571428571428571
1 0.7702380952380953 0.5285714285714286 0.026190476190476195 0.17142857142857143
1 0.8607142857142858 0.45714285714285713 0.04047619047619048 0.2857142857142857
1 0.15476190476190477 0.8642857142857142 0.014285714285714287 0.09999999999999999
0 0.9654761904761906 0.39999999999999997 0.011904761904761906 0.08571428571428572
0 0.7928571428571429 0.3214285714285714 0.009523809523809525 0.07142857142857142
0 0.45119047619047625 0.3142857142857143 0.011904761904761906 0.05714285714285714
0 0.7392857142857143 0.09285714285714286 0.011904761904761906 0.09999999999999999
0 0.6011904761904763 0.5285714285714286 0.01666666666666667 0.08571428571428572
0 0.8464285714285715 0.9285714285714285 0.011904761904761906 0.08571428571428572
0 0.5535714285714286 0.19285714285714284 0.011904761904761906 0.07142857142857142
0 0.9916666666666668 0.39999999999999997 0.011904761904761906 0.08571428571428572
0 0.9916666666666668 0.6214285714285714 0.0071428571428571435 0.07142857142857142
0 0.8988095238095238 0.6428571428571428 0.011904761904761906 0.11428571428571428
0 0.19523809523809527 0.22857142857142856 0.009523809523809525 0.05714285714285714
0 0.07142857142857144 0.5785714285714285 0.01904761904761905 0.07142857142857142
0 0.13571428571428573 0.17142857142857143 0.009523809523809525 0.05714285714285714
0 0.19166666666666668 0.6285714285714286 0.011904761904761906 0.05714285714285714
0 0.19523809523809527 0.42142857142857143 0.009523809523809525 0.07142857142857142
0 0.5761904761904763 0.5428571428571428 0.014285714285714287 0.05714285714285714
