1 0.19166666666666668 0.6785714285714286 0.030952380952380953 0.2714285714285714
1 0.9000000000000001 0.36428571428571427 0.0380952380952381 0.24285714285714285
0 0.29404761904761906 0.5071428571428571 0.01666666666666667 0.07142857142857142
0 0.430952380952381 0.5928571428571429 0.014285714285714287 0.09999999999999999
0 0.7702380952380953 0.21428571428571427 0.01666666666666667 0.08571428571428572
0 0.8035714285714286 0.75 0.011904761904761906 0.09999999999999999
0 0.05714285714285715 0.8428571428571429 0.01904761904761905 0.11428571428571428
0 0.06785714285714287 0.5928571428571429 0.011904761904761906 0.07142857142857142
0 0.09761904761904763 0.6785714285714286 0.009523809523809525 0.04285714285714286
0 0.026190476190476195 0.95 0.009523809523809525 0.07142857142857142
0 0.7154761904761905 0.12857142857142856 0.011904761904761906 0.05714285714285714
0 0.8333333333333334 0.09285714285714286 0.014285714285714287 0.07142857142857142
