1 0.15595238095238095 0.34285714285714286 0.026190476190476195 0.19999999999999998
1 0.3642857142857143 0.41428571428571426 0.03333333333333334 0.22857142857142856
1 0.842857142857143 0.39285714285714285 0.03333333333333334 0.24285714285714285
1 0.9535714285714286 0.29285714285714287 0.01666666666666667 0.15714285714285714
0 0.730952380952381 0.8785714285714286 0.014285714285714287 0.15714285714285714
0 0.7392857142857143 0.5285714285714286 0.011904761904761906 0.08571428571428572
0 0.4821428571428572 0.8285714285714285 0.011904761904761906 0.05714285714285714
0 0.330952380952381 0.47857142857142854 0.014285714285714287 0.07142857142857142
0 0.580952380952381 0.5357142857142857 0.009523809523809525 0.07142857142857142
0 0.6083333333333334 0.8714285714285714 0.011904761904761906 0.05714285714285714
0 0.6523809523809524 0.39285714285714285 0.009523809523809525 0.07142857142857142
0 0.21666666666666667 0.3071428571428571 0.009523809523809525 0.07142857142857142
0 0.1511904761904762 0.19285714285714284 0.011904761904761906 0.07142857142857142
0 0.27142857142857146 0.09285714285714286 0.009523809523809525 0.07142857142857142
0 0.07142857142857144 0.6714285714285714 0.014285714285714287 0.02857142857142857
0 0.911904761904762 0.65 0.009523809523809525 0.04285714285714286
0 0.8880952380952382 0.9142857142857143 0.014285714285714287 0.05714285714285714
0 0.8964285714285715 0.8142857142857143 0.0071428571428571435 0.05714285714285714
0 0.9916666666666668 0.41428571428571426 0.011904761904761906 0.05714285714285714
