0 0.5011904761904762 0.7142857142857143 0.01666666666666667 0.08571428571428572
0 0.23571428571428574 0.1357142857142857 0.014285714285714287 0.07142857142857142
0 0.6428571428571429 0.85 0.009523809523809525 0.09999999999999999
0 0.6285714285714287 0.75 0.014285714285714287 0.07142857142857142
0 0.7726190476190476 0.6285714285714286 0.011904761904761906 0.05714285714285714
0 0.7773809523809525 0.19285714285714284 0.01666666666666667 0.09999999999999999
1 0.22261904761904763 0.41428571428571426 0.05 0.39999999999999997
0 0.6047619047619048 0.8642857142857142 0.02380952380952381 0.07142857142857142
0 0.955952380952381 0.7 0.011904761904761906 0.08571428571428572
0 0.736904761904762 0.5142857142857142 0.011904761904761906 0.08571428571428572
0 0.605952380952381 0.6285714285714286 0.02142857142857143 0.08571428571428572
0 0.036904761904761905 0.6571428571428571 0.011904761904761906 0.14285714285714285
0 0.6666666666666667 0.7 0.014285714285714287 0.08571428571428572
0 0.8880952380952382 0.8928571428571428 0.014285714285714287 0.04285714285714286
0 0.9880952380952381 0.3857142857142857 0.01904761904761905 0.08571428571428572
0 0.025 0.35714285714285715 0.01666666666666667 0.08571428571428572
0 0.004761904761904762 0.7785714285714286 0.009523809523809525 0.07142857142857142
0 0.17142857142857143 0.5571428571428572 0.009523809523809525 0.05714285714285714
0 0.1392857142857143 0.09285714285714286 0.01666666666666667 0.15714285714285714
0 0.6071428571428572 0.7571428571428571 0.01904761904761905 0.08571428571428572
0 0.4071428571428572 0.46428571428571425 0.01904761904761905 0.09999999999999999
0 0.2761904761904762 0.6857142857142857 0.014285714285714287 0.05714285714285714
0 0.405952380952381 0.19285714285714284 0.01666666666666667 0.07142857142857142
0 0.986904761904762 0.5499999999999999 0.011904761904761906 0.07142857142857142
