1 0.7011904761904763 0.4714285714285714 0.030952380952380953 0.22857142857142856
0 0.4190476190476191 0.5214285714285715 0.01904761904761905 0.09999999999999999
0 0.1380952380952381 0.7785714285714286 0.014285714285714287 0.07142857142857142
0 0.08690476190476192 0.25 0.01666666666666667 0.07142857142857142
0 0.04642857142857143 0.049999999999999996 0.01666666666666667 0.09999999999999999
0 0.7345238095238096 0.45 0.01666666666666667 0.09999999999999999
0 0.17857142857142858 0.32857142857142857 0.01904761904761905 0.14285714285714285
0 0.06785714285714287 0.5714285714285714 0.011904761904761906 0.05714285714285714
0 0.47380952380952385 0.25 0.01904761904761905 0.09999999999999999
0 0.8488095238095239 0.39999999999999997 0.011904761904761906 0.08571428571428572
0 0.9916666666666668 0.3857142857142857 0.011904761904761906 0.11428571428571428
0 0.5428571428571429 0.8071428571428572 0.014285714285714287 0.07142857142857142
0 0.5761904761904763 0.75 0.014285714285714287 0.09999999999999999
0 0.6071428571428572 0.8714285714285714 0.014285714285714287 0.05714285714285714
0 0.04404761904761905 0.15 0.011904761904761906 0.04285714285714286
