1 0.9416666666666668 0.39285714285714285 0.030952380952380953 0.21428571428571427
1 0.4892857142857143 0.42142857142857143 0.05 0.3857142857142857
0 0.1619047619047619 0.5285714285714286 0.02380952380952381 0.11428571428571428
0 0.1773809523809524 0.35714285714285715 0.011904761904761906 0.22857142857142856
0 0.42500000000000004 0.5785714285714285 0.01666666666666667 0.07142857142857142
0 0.7797619047619049 0.1357142857142857 0.011904761904761906 0.07142857142857142
0 0.6202380952380953 0.7357142857142857 0.011904761904761906 0.04285714285714286
0 0.5095238095238096 0.7928571428571428 0.014285714285714287 0.07142857142857142
0 0.275 0.8571428571428571 0.02142857142857143 0.08571428571428572
0 0.3380952380952381 0.5499999999999999 0.014285714285714287 0.07142857142857142
0 0.0642857142857143 0.5571428571428572 0.009523809523809525 0.05714285714285714
0 0.12023809523809526 0.7285714285714285 0.011904761904761906 0.05714285714285714
0 0.2023809523809524 0.7 0.009523809523809525 0.05714285714285714
0 0.18571428571428572 0.5499999999999999 0.009523809523809525 0.07142857142857142
0 0.23333333333333336 0.5571428571428572 0.009523809523809525 0.05714285714285714
0 0.6571428571428573 0.7142857142857143 0.009523809523809525 0.05714285714285714
0 0.761904761904762 0.34285714285714286 0.009523809523809525 0.05714285714285714
0 0.9773809523809525 0.3 0.0071428571428571435 0.05714285714285714
0 0.6738095238095239 0.15714285714285714 0.009523809523809525 0.11428571428571428
0 0.32261904761904764 0.3 0.011904761904761906 0.11428571428571428
0 0.9904761904761905 0.41428571428571426 0.009523809523809525 0.08571428571428572
