1 0.11071428571428572 0.47857142857142854 0.02142857142857143 0.12857142857142856
1 0.2690476190476191 0.42857142857142855 0.028571428571428574 0.19999999999999998
0 0.06071428571428572 0.19285714285714284 0.01666666666666667 0.09999999999999999
0 0.2154761904761905 0.5428571428571428 0.011904761904761906 0.08571428571428572
0 0.4273809523809524 0.41428571428571426 0.01666666666666667 0.11428571428571428
0 0.5071428571428572 0.3214285714285714 0.009523809523809525 0.07142857142857142
0 0.7761904761904762 0.8285714285714285 0.009523809523809525 0.05714285714285714
0 0.6083333333333334 0.8642857142857142 0.0071428571428571435 0.04285714285714286
0 0.9892857142857143 0.40714285714285714 0.0071428571428571435 0.07142857142857142
0 0.6214285714285714 0.8428571428571429 0.009523809523809525 0.05714285714285714
0 0.6345238095238096 0.7214285714285714 0.011904761904761906 0.04285714285714286
