1 0.5892857142857143 0.1357142857142857 0.01666666666666667 0.15714285714285714
1 0.7261904761904763 0.2785714285714286 0.02380952380952381 0.15714285714285714
1 0.6833333333333333 0.6571428571428571 0.02380952380952381 0.17142857142857143
0 0.6916666666666668 0.8714285714285714 0.011904761904761906 0.11428571428571428
0 0.9583333333333334 0.6571428571428571 0.011904761904761906 0.08571428571428572
0 0.955952380952381 0.14285714285714285 0.026190476190476195 0.14285714285714285
0 0.38928571428571435 0.3071428571428571 0.011904761904761906 0.07142857142857142
0 0.09880952380952382 0.7642857142857142 0.01666666666666667 0.07142857142857142
0 0.1797619047619048 0.7857142857142857 0.011904761904761906 0.05714285714285714
0 0.6857142857142857 0.4714285714285714 0.009523809523809525 0.05714285714285714
