0 0.6595238095238096 0.3857142857142857 0.014285714285714287 0.11428571428571428
0 0.4678571428571429 0.6071428571428571 0.01666666666666667 0.09999999999999999
0 0.37380952380952387 0.6428571428571428 0.014285714285714287 0.08571428571428572
0 0.8690476190476192 0.6785714285714286 0.01904761904761905 0.07142857142857142
0 0.9261904761904762 0.2357142857142857 0.009523809523809525 0.12857142857142856
2 0.2 0.36428571428571427 0.02380952380952381 0.15714285714285714
1 0.2380952380952381 0.09999999999999999 0.02380952380952381 0.19999999999999998
0 0.5642857142857144 0.7357142857142857 0.014285714285714287 0.09999999999999999
0 0.6035714285714286 0.8714285714285714 0.02142857142857143 0.05714285714285714
0 0.39761904761904765 0.4928571428571428 0.009523809523809525 0.12857142857142856
0 0.555952380952381 0.39999999999999997 0.011904761904761906 0.11428571428571428
0 0.9880952380952381 0.40714285714285714 0.014285714285714287 0.07142857142857142
0 0.3678571428571429 0.12857142857142856 0.011904761904761906 0.11428571428571428
0 0.06904761904761905 0.6642857142857143 0.014285714285714287 0.07142857142857142
0 0.7595238095238096 0.25 0.01904761904761905 0.07142857142857142
0 0.3869047619047619 0.35 0.011904761904761906 0.07142857142857142
0 0.8107142857142858 0.7857142857142857 0.01666666666666667 0.05714285714285714
0 0.8892857142857143 0.9071428571428571 0.02142857142857143 0.09999999999999999
0 0.1642857142857143 0.5 0.01904761904761905 0.08571428571428572
