1 0.49880952380952387 0.2785714285714286 0.026190476190476195 0.21428571428571427
0 0.5380952380952382 0.4928571428571428 0.01904761904761905 0.15714285714285714
0 0.5904761904761905 0.7999999999999999 0.014285714285714287 0.08571428571428572
0 0.43214285714285716 0.5428571428571428 0.01666666666666667 0.14285714285714285
0 0.18214285714285716 0.049999999999999996 0.01666666666666667 0.09999999999999999
0 0.06547619047619048 0.5785714285714285 0.01666666666666667 0.07142857142857142
0 0.2630952380952381 0.5071428571428571 0.011904761904761906 0.07142857142857142
0 0.27142857142857146 0.6071428571428571 0.009523809523809525 0.07142857142857142
0 0.4702380952380953 0.6142857142857142 0.01666666666666667 0.08571428571428572
0 0.6761904761904762 0.32857142857142857 0.014285714285714287 0.11428571428571428
0 0.9880952380952381 0.39285714285714285 0.009523809523809525 0.07142857142857142
0 0.7595238095238096 0.36428571428571427 0.014285714285714287 0.09999999999999999
0 0.12619047619047621 0.39285714285714285 0.01904761904761905 0.07142857142857142
0 0.14047619047619048 0.20714285714285713 0.014285714285714287 0.07142857142857142
0 0.2833333333333334 0.2857142857142857 0.014285714285714287 0.08571428571428572
0 0.08214285714285716 0.2642857142857143 0.011904761904761906 0.09999999999999999
0 0.38928571428571435 0.39285714285714285 0.01666666666666667 0.07142857142857142
0 0.08690476190476192 0.6928571428571428 0.026190476190476195 0.07142857142857142
0 0.605952380952381 0.8857142857142857 0.011904761904761906 0.08571428571428572
0 0.027380952380952384 0.9357142857142857 0.011904761904761906 0.09999999999999999
0 0.1630952380952381 0.5214285714285715 0.01666666666666667 0.07142857142857142
0 0.4797619047619048 0.44285714285714284 0.0071428571428571435 0.05714285714285714
0 0.8904761904761905 0.8857142857142857 0.01904761904761905 0.08571428571428572
0 0.911904761904762 0.22142857142857142 0.01904761904761905 0.09999999999999999
0 0.5607142857142857 0.9571428571428571 0.011904761904761906 0.05714285714285714
