0 0.525 0.5428571428571428 0.01666666666666667 0.11428571428571428
0 0.5738095238095239 0.18571428571428572 0.01904761904761905 0.08571428571428572
0 0.34285714285714286 0.6714285714285714 0.014285714285714287 0.11428571428571428
0 0.23214285714285715 0.7214285714285714 0.01666666666666667 0.09999999999999999
0 0.05 0.37857142857142856 0.014285714285714287 0.09999999999999999
0 0.10595238095238096 0.39999999999999997 0.01666666666666667 0.05714285714285714
0 0.028571428571428574 0.2357142857142857 0.02380952380952381 0.07142857142857142
1 0.9750000000000001 0.5642857142857143 0.030952380952380953 0.24285714285714285
0 0.4916666666666667 0.9071428571428571 0.01666666666666667 0.09999999999999999
0 0.19523809523809527 0.3857142857142857 0.014285714285714287 0.11428571428571428
0 0.7761904761904762 0.6357142857142857 0.014285714285714287 0.07142857142857142
0 0.2404761904761905 0.16428571428571428 0.028571428571428574 0.07142857142857142
0 0.6071428571428572 0.8714285714285714 0.014285714285714287 0.08571428571428572
0 0.6595238095238096 0.7214285714285714 0.01904761904761905 0.07142857142857142
0 0.5797619047619048 0.7428571428571429 0.011904761904761906 0.14285714285714285
0 0.5285714285714286 0.22142857142857142 0.01904761904761905 0.07142857142857142
0 0.3880952380952381 0.7285714285714285 0.01904761904761905 0.08571428571428572
0 0.4547619047619048 0.6714285714285714 0.014285714285714287 0.08571428571428572
0 0.5511904761904762 0.37857142857142856 0.01666666666666667 0.12857142857142856
0 0.39047619047619053 0.42857142857142855 0.01904761904761905 0.08571428571428572
0 0.051190476190476196 0.24285714285714285 0.011904761904761906 0.05714285714285714
0 0.06904761904761905 0.5785714285714285 0.014285714285714287 0.07142857142857142
