1 0.2035714285714286 0.35714285714285715 0.030952380952380953 0.22857142857142856
1 0.2 0.5785714285714285 0.028571428571428574 0.18571428571428572
0 0.6690476190476191 0.2571428571428571 0.01904761904761905 0.08571428571428572
0 0.06785714285714287 0.5857142857142857 0.01666666666666667 0.05714285714285714
0 0.04404761904761905 0.7214285714285714 0.011904761904761906 0.07142857142857142
0 0.41071428571428575 0.6 0.011904761904761906 0.05714285714285714
0 0.46071428571428574 0.19999999999999998 0.011904761904761906 0.08571428571428572
0 0.1392857142857143 0.35714285714285715 0.0071428571428571435 0.11428571428571428
0 0.942857142857143 0.8071428571428572 0.009523809523809525 0.07142857142857142
0 0.6535714285714286 0.6357142857142857 0.011904761904761906 0.07142857142857142
