0 0.7107142857142857 0.3214285714285714 0.02142857142857143 0.21428571428571427
0 0.19166666666666668 0.2857142857142857 0.026190476190476195 0.08571428571428572
0 0.8988095238095238 0.5928571428571429 0.011904761904761906 0.09999999999999999
1 0.5964285714285715 0.40714285714285714 0.030952380952380953 0.18571428571428572
0 0.026190476190476195 0.9428571428571428 0.009523809523809525 0.08571428571428572
0 0.16071428571428573 0.6571428571428571 0.011904761904761906 0.05714285714285714
0 0.5285714285714286 0.5928571428571429 0.009523809523809525 0.07142857142857142
0 0.6178571428571429 0.9428571428571428 0.011904761904761906 0.08571428571428572
0 0.40952380952380957 0.5357142857142857 0.014285714285714287 0.09999999999999999
0 0.7547619047619049 0.6714285714285714 0.014285714285714287 0.05714285714285714
0 0.9904761904761905 0.41428571428571426 0.009523809523809525 0.05714285714285714
