1 0.37142857142857144 0.2857142857142857 0.03333333333333334 0.22857142857142856
1 0.5857142857142857 0.5 0.05714285714285715 0.34285714285714286
1 0.7857142857142858 0.6142857142857142 0.04285714285714286 0.34285714285714286
1 0.06071428571428572 0.2857142857142857 0.01666666666666667 0.11428571428571428
1 0.3238095238095238 0.2785714285714286 0.01904761904761905 0.12857142857142856
0 0.07976190476190477 0.7214285714285714 0.01666666666666667 0.09999999999999999
0 0.2142857142857143 0.6785714285714286 0.014285714285714287 0.09999999999999999
0 0.8464285714285715 0.9428571428571428 0.011904761904761906 0.05714285714285714
0 0.06785714285714287 0.5714285714285714 0.011904761904761906 0.02857142857142857
0 0.7166666666666668 0.6642857142857143 0.009523809523809525 0.04285714285714286
0 0.6404761904761905 0.6285714285714286 0.009523809523809525 0.05714285714285714
0 0.7142857142857143 0.8285714285714285 0.009523809523809525 0.05714285714285714
0 0.4904761904761905 0.9 0.009523809523809525 0.05714285714285714
0 0.611904761904762 0.8785714285714286 0.009523809523809525 0.07142857142857142
0 0.2666666666666667 0.6142857142857142 0.009523809523809525 0.05714285714285714
0 0.27380952380952384 0.34285714285714286 0.009523809523809525 0.05714285714285714
0 0.992857142857143 0.41428571428571426 0.009523809523809525 0.05714285714285714
0 0.986904761904762 0.5571428571428572 0.011904761904761906 0.05714285714285714
