1 0.5464285714285715 0.4928571428571428 0.03571428571428572 0.21428571428571427
1 0.8083333333333335 0.17857142857142858 0.026190476190476195 0.18571428571428572
0 0.3023809523809524 0.6142857142857142 0.014285714285714287 0.11428571428571428
0 0.6047619047619048 0.8928571428571428 0.01904761904761905 0.09999999999999999
0 0.8702380952380954 0.20714285714285713 0.01666666666666667 0.09999999999999999
0 0.8166666666666668 0.8857142857142857 0.009523809523809525 0.08571428571428572
0 0.9904761904761905 0.39285714285714285 0.009523809523809525 0.07142857142857142
0 0.048809523809523817 0.8571428571428571 0.011904761904761906 0.05714285714285714
0 0.11547619047619048 0.16428571428571428 0.011904761904761906 0.07142857142857142
0 0.6464285714285715 0.35714285714285715 0.0071428571428571435 0.05714285714285714
