0 0.7035714285714286 0.7785714285714286 0.02142857142857143 0.09999999999999999
0 0.5702380952380953 0.7785714285714286 0.01666666666666667 0.09999999999999999
0 0.6607142857142858 0.12857142857142856 0.01666666666666667 0.11428571428571428
0 0.8738095238095239 0.7785714285714286 0.014285714285714287 0.07142857142857142
0 0.3916666666666667 0.7142857142857143 0.011904761904761906 0.11428571428571428
1 0.6392857142857143 0.3 0.030952380952380953 0.22857142857142856
0 0.43214285714285716 0.39285714285714285 0.02142857142857143 0.09999999999999999
0 0.8702380952380954 0.19999999999999998 0.02142857142857143 0.05714285714285714
0 0.9476190476190477 0.5 0.02380952380952381 0.08571428571428572
0 0.8476190476190477 0.8714285714285714 0.01904761904761905 0.11428571428571428
0 0.8880952380952382 0.8928571428571428 0.014285714285714287 0.04285714285714286
0 0.8488095238095239 0.6214285714285714 0.01666666666666667 0.09999999999999999
0 0.10952380952380954 0.5928571428571429 0.02380952380952381 0.18571428571428572
0 0.2392857142857143 0.7285714285714285 0.026190476190476195 0.14285714285714285
0 0.06785714285714287 0.5785714285714285 0.01666666666666667 0.07142857142857142
0 0.3154761904761905 0.9357142857142857 0.011904761904761906 0.09999999999999999
0 0.605952380952381 0.8714285714285714 0.01666666666666667 0.05714285714285714
0 0.028571428571428574 0.05714285714285714 0.014285714285714287 0.11428571428571428
0 0.5404761904761906 0.2857142857142857 0.01904761904761905 0.08571428571428572
