0 0.8630952380952381 0.6571428571428571 0.01666666666666667 0.14285714285714285
0 0.6714285714285715 0.12857142857142856 0.014285714285714287 0.08571428571428572
0 0.4535714285714286 0.6357142857142857 0.011904761904761906 0.07142857142857142
0 0.380952380952381 0.5428571428571428 0.014285714285714287 0.08571428571428572
1 0.5928571428571429 0.32857142857142857 0.028571428571428574 0.14285714285714285
0 0.011904761904761906 0.5499999999999999 0.014285714285714287 0.09999999999999999
0 0.9916666666666668 0.41428571428571426 0.011904761904761906 0.11428571428571428
0 0.5380952380952382 0.3071428571428571 0.014285714285714287 0.09999999999999999
0 0.5571428571428572 0.4928571428571428 0.009523809523809525 0.07142857142857142
0 0.14285714285714288 0.8428571428571429 0.009523809523809525 0.08571428571428572
0 0.125 0.5071428571428571 0.011904761904761906 0.07142857142857142
0 0.3523809523809524 0.07142857142857142 0.01904761904761905 0.11428571428571428
0 0.6035714285714286 0.8714285714285714 0.02142857142857143 0.08571428571428572
0 0.2416666666666667 0.8214285714285714 0.02142857142857143 0.07142857142857142
0 0.06904761904761905 0.5785714285714285 0.014285714285714287 0.07142857142857142
