0 0.8202380952380953 0.45 0.05952380952380953 0.41428571428571426
0 0.6738095238095239 0.15 0.009523809523809525 0.07142857142857142
0 0.7392857142857143 0.8428571428571429 0.011904761904761906 0.08571428571428572
0 0.3416666666666667 0.75 0.011904761904761906 0.07142857142857142
0 0.5 0.34285714285714286 0.014285714285714287 0.11428571428571428
0 0.5178571428571429 0.19999999999999998 0.011904761904761906 0.08571428571428572
0 0.7297619047619048 0.29285714285714287 0.011904761904761906 0.07142857142857142
0 0.5488095238095239 0.6071428571428571 0.011904761904761906 0.07142857142857142
0 0.43214285714285716 0.7999999999999999 0.01666666666666667 0.11428571428571428
0 0.11309523809523811 0.7714285714285714 0.011904761904761906 0.02857142857142857
0 0.6773809523809524 0.6928571428571428 0.011904761904761906 0.07142857142857142
0 0.015476190476190477 0.5428571428571428 0.011904761904761906 0.05714285714285714
0 0.9404761904761906 0.15714285714285714 0.009523809523809525 0.05714285714285714
0 0.8035714285714286 0.7214285714285714 0.0071428571428571435 0.04285714285714286
0 0.6107142857142858 0.8785714285714286 0.01666666666666667 0.04285714285714286
0 0.06666666666666668 0.5714285714285714 0.014285714285714287 0.08571428571428572
0 0.1142857142857143 0.12142857142857143 0.009523809523809525 0.09999999999999999
0 0.4964285714285715 0.6214285714285714 0.011904761904761906 0.15714285714285714
