0 0.12380952380952381 0.34285714285714286 0.01904761904761905 0.08571428571428572
0 0.010714285714285714 0.3 0.01666666666666667 0.05714285714285714
0 0.02023809523809524 0.8642857142857142 0.011904761904761906 0.07142857142857142
0 0.39642857142857146 0.42142857142857143 0.01666666666666667 0.09999999999999999
0 0.5750000000000001 0.8285714285714285 0.01666666666666667 0.11428571428571428
0 0.6214285714285714 0.6 0.01904761904761905 0.05714285714285714
1 0.942857142857143 0.8214285714285714 0.02380952380952381 0.18571428571428572
0 0.6511904761904762 0.2785714285714286 0.011904761904761906 0.07142857142857142
0 0.6571428571428573 0.47857142857142854 0.009523809523809525 0.09999999999999999
0 0.9821428571428572 0.41428571428571426 0.030952380952380953 0.11428571428571428
0 0.9630952380952382 0.5642857142857143 0.01666666666666667 0.07142857142857142
0 0.6011904761904763 0.6285714285714286 0.01666666666666667 0.11428571428571428
0 0.23452380952380955 0.44285714285714284 0.011904761904761906 0.11428571428571428
0 0.6047619047619048 0.8714285714285714 0.02380952380952381 0.05714285714285714
0 0.861904761904762 0.6285714285714286 0.014285714285714287 0.05714285714285714
