1 0.2904761904761905 0.42142857142857143 0.05238095238095239 0.41428571428571426
1 0.7904761904761906 0.6857142857142857 0.02380952380952381 0.17142857142857143
0 0.5845238095238096 0.7071428571428571 0.02142857142857143 0.15714285714285714
0 0.15833333333333335 0.8785714285714286 0.02142857142857143 0.15714285714285714
0 0.2535714285714286 0.45 0.011904761904761906 0.07142857142857142
0 0.6357142857142858 0.40714285714285714 0.01904761904761905 0.12857142857142856
0 0.09166666666666667 0.5142857142857142 0.011904761904761906 0.11428571428571428
0 0.06904761904761905 0.1357142857142857 0.02380952380952381 0.15714285714285714
0 0.9107142857142858 0.2642857142857143 0.02142857142857143 0.12857142857142856
0 0.405952380952381 0.5285714285714286 0.01666666666666667 0.14285714285714285
0 0.4345238095238096 0.8214285714285714 0.01666666666666667 0.09999999999999999
0 0.7666666666666667 0.5071428571428571 0.009523809523809525 0.07142857142857142
0 0.9630952380952382 0.7714285714285714 0.011904761904761906 0.05714285714285714
0 0.9892857142857143 0.39285714285714285 0.011904761904761906 0.09999999999999999
