0 0.15357142857142858 0.5142857142857142 0.01666666666666667 0.05714285714285714
0 0.4083333333333334 0.7642857142857142 0.01666666666666667 0.21428571428571427
0 0.5702380952380953 0.39999999999999997 0.03571428571428572 0.08571428571428572
0 0.005952380952380953 0.47857142857142854 0.011904761904761906 0.07142857142857142
1 0.005952380952380953 0.1357142857142857 0.011904761904761906 0.15714285714285714
0 0.6904761904761906 0.2571428571428571 0.009523809523809525 0.08571428571428572
0 0.8892857142857143 0.5214285714285715 0.02142857142857143 0.07142857142857142
0 0.6107142857142858 0.8785714285714286 0.026190476190476195 0.09999999999999999
0 0.03333333333333334 0.5499999999999999 0.01904761904761905 0.07142857142857142
0 0.9583333333333334 0.29285714285714287 0.011904761904761906 0.12857142857142856
0 0.9880952380952381 0.39999999999999997 0.009523809523809525 0.08571428571428572
0 0.8047619047619048 0.6714285714285714 0.014285714285714287 0.11428571428571428
0 0.7428571428571429 0.5857142857142857 0.009523809523809525 0.08571428571428572
0 0.7595238095238096 0.5928571428571429 0.009523809523809525 0.09999999999999999
0 0.8345238095238096 0.4857142857142857 0.01666666666666667 0.05714285714285714
0 0.7738095238095238 0.5214285714285715 0.014285714285714287 0.15714285714285714
0 0.05476190476190477 0.6214285714285714 0.014285714285714287 0.12857142857142856
