0 0.6666666666666667 0.8571428571428571 0.014285714285714287 0.08571428571428572
0 0.4214285714285715 0.7214285714285714 0.01904761904761905 0.09999999999999999
0 0.4571428571428572 0.3857142857142857 0.009523809523809525 0.11428571428571428
0 0.14047619047619048 0.5142857142857142 0.009523809523809525 0.08571428571428572
1 0.0880952380952381 0.5214285714285715 0.028571428571428574 0.21428571428571427
0 0.5130952380952382 0.5499999999999999 0.011904761904761906 0.07142857142857142
0 0.8547619047619048 0.5714285714285714 0.028571428571428574 0.22857142857142856
0 0.886904761904762 0.9 0.01666666666666667 0.05714285714285714
0 0.9821428571428572 0.5428571428571428 0.01666666666666667 0.05714285714285714
0 0.11904761904761905 0.42142857142857143 0.009523809523809525 0.07142857142857142
0 0.1892857142857143 0.8357142857142857 0.01666666666666667 0.07142857142857142
0 0.21666666666666667 0.5857142857142857 0.01904761904761905 0.08571428571428572
0 0.6035714285714286 0.8642857142857142 0.026190476190476195 0.07142857142857142
0 0.3273809523809524 0.3142857142857143 0.011904761904761906 0.08571428571428572
0 0.02023809523809524 0.5571428571428572 0.01666666666666667 0.08571428571428572
