1 0.1904761904761905 0.36428571428571427 0.0380952380952381 0.24285714285714285
1 0.6607142857142858 0.7928571428571428 0.02142857142857143 0.15714285714285714
0 0.9464285714285715 0.7 0.011904761904761906 0.08571428571428572
0 0.6214285714285714 0.2357142857142857 0.014285714285714287 0.07142857142857142
0 0.8035714285714286 0.4928571428571428 0.011904761904761906 0.07142857142857142
0 0.8285714285714286 0.19285714285714284 0.014285714285714287 0.09999999999999999
0 0.4440476190476191 0.9571428571428571 0.011904761904761906 0.05714285714285714
0 0.06904761904761905 0.5785714285714285 0.014285714285714287 0.04285714285714286
0 0.8880952380952382 0.9 0.014285714285714287 0.05714285714285714
0 0.36904761904761907 0.9357142857142857 0.009523809523809525 0.07142857142857142
