0 0.16666666666666669 0.35 0.014285714285714287 0.12857142857142856
0 0.03333333333333334 0.2785714285714286 0.01904761904761905 0.09999999999999999
0 0.4345238095238096 0.6428571428571428 0.02142857142857143 0.11428571428571428
0 0.2 0.8142857142857143 0.01904761904761905 0.08571428571428572
0 0.755952380952381 0.7642857142857142 0.01666666666666667 0.09999999999999999
1 0.5476190476190477 0.4857142857142857 0.028571428571428574 0.19999999999999998
0 0.47261904761904766 0.8571428571428571 0.01666666666666667 0.14285714285714285
0 0.7464285714285714 0.24285714285714285 0.01666666666666667 0.11428571428571428
0 0.12142857142857144 0.36428571428571427 0.014285714285714287 0.07142857142857142
0 0.505952380952381 0.6285714285714286 0.011904761904761906 0.11428571428571428
0 0.6738095238095239 0.21428571428571427 0.014285714285714287 0.05714285714285714
0 0.9178571428571429 0.8142857142857143 0.0071428571428571435 0.05714285714285714
0 0.6083333333333334 0.8642857142857142 0.011904761904761906 0.07142857142857142
0 0.27380952380952384 0.8142857142857143 0.009523809523809525 0.08571428571428572
0 0.9654761904761906 0.15714285714285714 0.01666666666666667 0.11428571428571428
0 0.1892857142857143 0.47857142857142854 0.011904761904761906 0.07142857142857142
0 0.455952380952381 0.41428571428571426 0.011904761904761906 0.08571428571428572
0 0.2023809523809524 0.6714285714285714 0.014285714285714287 0.08571428571428572
0 0.6523809523809524 0.5928571428571429 0.014285714285714287 0.09999999999999999
