1 0.1761904761904762 0.37142857142857144 0.028571428571428574 0.22857142857142856
1 0.9833333333333334 0.39999999999999997 0.02380952380952381 0.17142857142857143
0 0.06785714285714287 0.35 0.026190476190476195 0.12857142857142856
0 0.7654761904761905 0.6214285714285714 0.01666666666666667 0.09999999999999999
0 0.4047619047619048 0.6285714285714286 0.014285714285714287 0.08571428571428572
0 0.7190476190476192 0.29285714285714287 0.014285714285714287 0.09999999999999999
0 0.6142857142857143 0.7571428571428571 0.014285714285714287 0.08571428571428572
0 0.02380952380952381 0.34285714285714286 0.014285714285714287 0.2571428571428571
0 0.5321428571428571 0.6 0.0071428571428571435 0.08571428571428572
0 0.5702380952380953 0.75 0.0071428571428571435 0.09999999999999999
0 0.6761904761904762 0.4857142857142857 0.009523809523809525 0.08571428571428572
