0 0.07261904761904762 0.4857142857142857 0.011904761904761906 0.05714285714285714
0 0.09642857142857143 0.20714285714285713 0.01666666666666667 0.09999999999999999
0 0.31428571428571433 0.42142857142857143 0.014285714285714287 0.07142857142857142
0 0.5214285714285715 0.47857142857142854 0.014285714285714287 0.12857142857142856
0 0.525 0.7357142857142857 0.02142857142857143 0.12857142857142856
0 0.5440476190476191 0.85 0.01666666666666667 0.07142857142857142
0 0.9226190476190477 0.3357142857142857 0.01666666666666667 0.07142857142857142
0 0.9761904761904763 0.2857142857142857 0.04285714285714286 0.2857142857142857
1 0.013095238095238097 0.39999999999999997 0.026190476190476195 0.17142857142857143
0 0.19523809523809527 0.35 0.014285714285714287 0.07142857142857142
0 0.13095238095238096 0.6642857142857143 0.028571428571428574 0.07142857142857142
0 0.2571428571428572 0.5857142857142857 0.009523809523809525 0.11428571428571428
