1 0.10595238095238096 0.37142857142857144 0.03571428571428572 0.2857142857142857
0 0.18095238095238098 0.7571428571428571 0.014285714285714287 0.08571428571428572
0 0.7690476190476191 0.8857142857142857 0.01904761904761905 0.14285714285714285
0 0.8357142857142857 0.8357142857142857 0.009523809523809525 0.07142857142857142
0 0.8392857142857144 0.3857142857142857 0.011904761904761906 0.11428571428571428
0 0.46666666666666673 0.35 0.014285714285714287 0.09999999999999999
0 0.5690476190476191 0.08571428571428572 0.014285714285714287 0.08571428571428572
0 0.4035714285714286 0.3857142857142857 0.02142857142857143 0.08571428571428572
0 0.32023809523809527 0.12142857142857143 0.01666666666666667 0.09999999999999999
0 0.1654761904761905 0.6357142857142857 0.01666666666666667 0.09999999999999999
0 0.5761904761904763 0.5857142857142857 0.014285714285714287 0.08571428571428572
0 0.9380952380952382 0.5857142857142857 0.01904761904761905 0.08571428571428572
0 0.986904761904762 0.40714285714285714 0.02142857142857143 0.12857142857142856
0 0.6047619047619048 0.8642857142857142 0.01904761904761905 0.07142857142857142
0 0.14404761904761906 0.6428571428571428 0.01666666666666667 0.11428571428571428
0 0.19523809523809527 0.21428571428571427 0.009523809523809525 0.05714285714285714
0 0.40952380952380957 0.6642857142857143 0.01904761904761905 0.09999999999999999
0 0.7154761904761905 0.11428571428571428 0.011904761904761906 0.17142857142857143
