1 0.38452380952380955 0.4714285714285714 0.03571428571428572 0.2571428571428571
1 0.6178571428571429 0.3857142857142857 0.02142857142857143 0.17142857142857143
0 0.051190476190476196 0.7214285714285714 0.011904761904761906 0.09999999999999999
0 0.2821428571428572 0.2857142857142857 0.011904761904761906 0.11428571428571428
0 0.530952380952381 0.35714285714285715 0.01904761904761905 0.08571428571428572
0 0.7738095238095238 0.5499999999999999 0.014285714285714287 0.07142857142857142
0 0.7107142857142857 0.6357142857142857 0.011904761904761906 0.09999999999999999
0 0.6797619047619048 0.3 0.02142857142857143 0.08571428571428572
0 0.0642857142857143 0.4928571428571428 0.009523809523809525 0.07142857142857142
0 0.06904761904761905 0.5857142857142857 0.009523809523809525 0.05714285714285714
0 0.9547619047619048 0.05714285714285714 0.009523809523809525 0.05714285714285714
0 0.7202380952380953 0.39285714285714285 0.011904761904761906 0.09999999999999999
