1 0.7452380952380953 0.5785714285714285 0.04285714285714286 0.32857142857142857
0 0.5571428571428572 0.42142857142857143 0.014285714285714287 0.09999999999999999
0 0.2380952380952381 0.2642857142857143 0.014285714285714287 0.09999999999999999
0 0.65 0.09285714285714286 0.009523809523809525 0.09999999999999999
0 0.22619047619047622 0.85 0.01904761904761905 0.07142857142857142
0 0.06785714285714287 0.5928571428571429 0.011904761904761906 0.09999999999999999
0 0.13690476190476192 0.08571428571428572 0.011904761904761906 0.05714285714285714
0 0.3797619047619048 0.9428571428571428 0.011904761904761906 0.05714285714285714
0 0.5083333333333334 0.7428571428571429 0.011904761904761906 0.08571428571428572
0 0.8892857142857143 0.85 0.011904761904761906 0.07142857142857142
0 0.9452380952380953 0.3214285714285714 0.014285714285714287 0.07142857142857142
