1 0.36071428571428577 0.4714285714285714 0.02142857142857143 0.14285714285714285
1 0.8880952380952382 0.44285714285714284 0.02380952380952381 0.17142857142857143
0 0.611904761904762 0.85 0.014285714285714287 0.09999999999999999
0 0.9345238095238096 0.22142857142857142 0.01666666666666667 0.09999999999999999
0 0.13690476190476192 0.1357142857142857 0.011904761904761906 0.07142857142857142
0 0.6166666666666667 0.3142857142857143 0.009523809523809525 0.08571428571428572
0 0.7119047619047619 0.7357142857142857 0.014285714285714287 0.07142857142857142
0 0.6535714285714286 0.16428571428571428 0.01666666666666667 0.07142857142857142
0 0.2011904761904762 0.7571428571428571 0.011904761904761906 0.05714285714285714
0 0.26071428571428573 0.8142857142857143 0.01666666666666667 0.05714285714285714
0 0.39047619047619053 0.5142857142857142 0.014285714285714287 0.05714285714285714
0 0.9511904761904763 0.5285714285714286 0.011904761904761906 0.05714285714285714
