0 0.2785714285714286 0.8428571428571429 0.01904761904761905 0.08571428571428572
0 0.0380952380952381 0.39285714285714285 0.028571428571428574 0.12857142857142856
1 0.43690476190476196 0.5285714285714286 0.03571428571428572 0.2857142857142857
0 0.8452380952380953 0.24285714285714285 0.014285714285714287 0.08571428571428572
0 0.580952380952381 0.2642857142857143 0.01904761904761905 0.09999999999999999
0 0.4 0.15714285714285714 0.014285714285714287 0.14285714285714285
0 0.13452380952380955 0.25 0.02142857142857143 0.09999999999999999
0 0.7154761904761905 0.12857142857142856 0.01666666666666667 0.11428571428571428
0 0.6547619047619048 0.85 0.014285714285714287 0.07142857142857142
0 0.6047619047619048 0.8785714285714286 0.02380952380952381 0.07142857142857142
0 0.6202380952380953 0.6928571428571428 0.02142857142857143 0.07142857142857142
0 0.9904761904761905 0.39285714285714285 0.009523809523809525 0.07142857142857142
0 0.025 0.9357142857142857 0.011904761904761906 0.09999999999999999
0 0.37738095238095243 0.37857142857142856 0.01666666666666667 0.09999999999999999
0 0.6595238095238096 0.6714285714285714 0.014285714285714287 0.05714285714285714
0 0.11904761904761905 0.7142857142857143 0.009523809523809525 0.11428571428571428
0 0.9773809523809525 0.7714285714285714 0.011904761904761906 0.08571428571428572
0 0.3523809523809524 0.7642857142857142 0.014285714285714287 0.07142857142857142
0 0.6130952380952381 0.3142857142857143 0.0071428571428571435 0.08571428571428572
