1 0.2285714285714286 0.4857142857142857 0.04285714285714286 0.2857142857142857
0 0.455952380952381 0.8928571428571428 0.011904761904761906 0.07142857142857142
0 0.1797619047619048 0.5499999999999999 0.011904761904761906 0.09999999999999999
0 0.2404761904761905 0.75 0.014285714285714287 0.09999999999999999
0 0.7416666666666667 0.5785714285714285 0.011904761904761906 0.12857142857142856
0 0.8166666666666668 0.14285714285714285 0.014285714285714287 0.08571428571428572
0 0.18809523809523812 0.8214285714285714 0.014285714285714287 0.07142857142857142
0 0.6083333333333334 0.8714285714285714 0.011904761904761906 0.05714285714285714
0 0.6250000000000001 0.17142857142857143 0.011904761904761906 0.08571428571428572
0 0.842857142857143 0.5 0.014285714285714287 0.08571428571428572
0 0.5083333333333334 0.7285714285714285 0.011904761904761906 0.05714285714285714
0 0.04285714285714286 0.8214285714285714 0.009523809523809525 0.07142857142857142
