0 0.4214285714285715 0.2642857142857143 0.01904761904761905 0.12857142857142856
1 0.8130952380952382 0.36428571428571427 0.030952380952380953 0.21428571428571427
0 0.3821428571428572 0.29285714285714287 0.01666666666666667 0.07142857142857142
0 0.555952380952381 0.7071428571428571 0.01666666666666667 0.09999999999999999
0 0.7190476190476192 0.07142857142857142 0.014285714285714287 0.11428571428571428
0 0.030952380952380953 0.7285714285714285 0.01904761904761905 0.05714285714285714
0 0.19761904761904764 0.3 0.014285714285714287 0.08571428571428572
0 0.9464285714285715 0.16428571428571428 0.011904761904761906 0.12857142857142856
0 0.9857142857142858 0.37857142857142856 0.014285714285714287 0.09999999999999999
0 0.7345238095238096 0.17142857142857143 0.011904761904761906 0.08571428571428572
0 0.6023809523809525 0.8785714285714286 0.02380952380952381 0.07142857142857142
0 0.7166666666666668 0.9214285714285714 0.014285714285714287 0.07142857142857142
0 0.06904761904761905 0.5857142857142857 0.01904761904761905 0.08571428571428572
0 0.33690476190476193 0.45 0.011904761904761906 0.09999999999999999
0 0.605952380952381 0.18571428571428572 0.011904761904761906 0.11428571428571428
