1 0.48809523809523814 0.6142857142857142 0.028571428571428574 0.22857142857142856
1 0.7714285714285715 0.21428571428571427 0.02380952380952381 0.17142857142857143
0 0.011904761904761906 0.7214285714285714 0.014285714285714287 0.09999999999999999
0 0.35595238095238096 0.3857142857142857 0.01666666666666667 0.08571428571428572
0 0.5273809523809524 0.6714285714285714 0.011904761904761906 0.05714285714285714
0 0.8940476190476191 0.47857142857142854 0.01666666666666667 0.09999999999999999
0 0.9654761904761906 0.5785714285714285 0.026190476190476195 0.07142857142857142
0 0.9654761904761906 0.2785714285714286 0.02142857142857143 0.12857142857142856
0 0.380952380952381 0.16428571428571428 0.01904761904761905 0.09999999999999999
0 0.6202380952380953 0.6071428571428571 0.011904761904761906 0.07142857142857142
0 0.6071428571428572 0.8642857142857142 0.01904761904761905 0.07142857142857142
0 0.8250000000000001 0.7428571428571429 0.011904761904761906 0.08571428571428572
0 0.8702380952380954 0.6642857142857143 0.01666666666666667 0.07142857142857142
0 0.06547619047619048 0.5714285714285714 0.011904761904761906 0.05714285714285714
0 0.14523809523809525 0.36428571428571427 0.01904761904761905 0.07142857142857142
0 0.7345238095238096 0.2785714285714286 0.01666666666666667 0.07142857142857142
0 0.5464285714285715 0.5357142857142857 0.011904761904761906 0.07142857142857142
0 0.5892857142857143 0.5499999999999999 0.011904761904761906 0.07142857142857142
0 0.9904761904761905 0.39999999999999997 0.009523809523809525 0.08571428571428572
0 0.4630952380952381 0.4357142857142857 0.011904761904761906 0.07142857142857142
