1 0.7047619047619048 0.5571428571428572 0.02380952380952381 0.17142857142857143
1 0.7250000000000001 0.42142857142857143 0.026190476190476195 0.18571428571428572
1 0.7702380952380953 0.37142857142857144 0.026190476190476195 0.17142857142857143
0 0.5904761904761905 0.5642857142857143 0.01904761904761905 0.09999999999999999
0 0.9845238095238096 0.17142857142857143 0.01666666666666667 0.08571428571428572
0 0.4630952380952381 0.5571428571428572 0.011904761904761906 0.08571428571428572
0 0.5333333333333334 0.7 0.004761904761904762 0.11428571428571428
0 0.42619047619047623 0.7 0.009523809523809525 0.08571428571428572
0 0.6011904761904763 0.8785714285714286 0.02142857142857143 0.04285714285714286
0 0.8035714285714286 0.7071428571428571 0.0071428571428571435 0.07142857142857142
