0 0.325 0.29285714285714287 0.011904761904761906 0.09999999999999999
0 0.47500000000000003 0.37857142857142856 0.02142857142857143 0.07142857142857142
0 0.9821428571428572 0.7642857142857142 0.011904761904761906 0.15714285714285714
0 0.5535714285714286 0.25 0.01666666666666667 0.09999999999999999
0 0.9666666666666668 0.6214285714285714 0.01904761904761905 0.09999999999999999
0 0.6702380952380953 0.2357142857142857 0.011904761904761906 0.09999999999999999
0 0.06547619047619048 0.5714285714285714 0.01666666666666667 0.08571428571428572
0 0.6511904761904762 0.7214285714285714 0.011904761904761906 0.07142857142857142
0 0.08690476190476192 0.6785714285714286 0.01666666666666667 0.07142857142857142
0 0.38452380952380955 0.3857142857142857 0.026190476190476195 0.11428571428571428
0 0.2785714285714286 0.15714285714285714 0.014285714285714287 0.08571428571428572
0 0.7190476190476192 0.7714285714285714 0.014285714285714287 0.08571428571428572
0 0.6023809523809525 0.8642857142857142 0.02380952380952381 0.07142857142857142
0 0.9880952380952381 0.39999999999999997 0.009523809523809525 0.05714285714285714
0 0.9940476190476192 0.8071428571428572 0.0071428571428571435 0.07142857142857142
0 0.5178571428571429 0.5071428571428571 0.02142857142857143 0.12857142857142856
