0 0.8464285714285715 0.5499999999999999 0.01666666666666667 0.09999999999999999
0 0.1630952380952381 0.35 0.01666666666666667 0.09999999999999999
0 0.18809523809523812 0.7785714285714286 0.014285714285714287 0.07142857142857142
0 0.09880952380952382 0.1357142857142857 0.026190476190476195 0.21428571428571427
1 0.7714285714285715 0.4714285714285714 0.03333333333333334 0.22857142857142856
0 0.24523809523809526 0.6642857142857143 0.02380952380952381 0.09999999999999999
0 0.40952380952380957 0.8357142857142857 0.009523809523809525 0.07142857142857142
0 0.7321428571428572 0.09285714285714286 0.011904761904761906 0.07142857142857142
0 0.1392857142857143 0.16428571428571428 0.01666666666666667 0.04285714285714286
0 0.6047619047619048 0.8642857142857142 0.01904761904761905 0.07142857142857142
0 0.8035714285714286 0.8571428571428571 0.011904761904761906 0.11428571428571428
0 0.1773809523809524 0.25 0.0071428571428571435 0.07142857142857142
0 0.05238095238095239 0.4714285714285714 0.014285714285714287 0.08571428571428572
0 0.35595238095238096 0.5857142857142857 0.01666666666666667 0.05714285714285714
0 0.38452380952380955 0.7071428571428571 0.011904761904761906 0.09999999999999999
0 0.4154761904761905 0.6928571428571428 0.01666666666666667 0.07142857142857142
0 0.5619047619047619 0.1357142857142857 0.01904761904761905 0.07142857142857142
0 0.9297619047619049 0.24285714285714285 0.02142857142857143 0.08571428571428572
0 0.23452380952380955 0.3214285714285714 0.01666666666666667 0.12857142857142856
0 0.06547619047619048 0.5857142857142857 0.01666666666666667 0.08571428571428572
0 0.11904761904761905 0.9428571428571428 0.009523809523809525 0.08571428571428572
0 0.10238095238095239 0.6142857142857142 0.014285714285714287 0.11428571428571428
0 0.9904761904761905 0.40714285714285714 0.009523809523809525 0.09999999999999999
0 0.4535714285714286 0.25 0.011904761904761906 0.07142857142857142
