1 0.06547619047619048 0.15714285714285714 0.030952380952380953 0.22857142857142856
1 0.07380952380952381 0.46428571428571425 0.0380952380952381 0.2714285714285714
1 0.44523809523809527 0.6 0.02380952380952381 0.14285714285714285
1 0.6714285714285715 0.5714285714285714 0.03333333333333334 0.22857142857142856
1 0.880952380952381 0.5 0.08571428571428572 0.6
1 0.08214285714285716 0.7357142857142857 0.02142857142857143 0.09999999999999999
0 0.21904761904761907 0.7714285714285714 0.009523809523809525 0.08571428571428572
0 0.3440476190476191 0.34285714285714286 0.01666666666666667 0.08571428571428572
0 0.405952380952381 0.39285714285714285 0.011904761904761906 0.09999999999999999
1 0.7380952380952381 0.6928571428571428 0.01904761904761905 0.09999999999999999
1 0.9726190476190477 0.42142857142857143 0.02142857142857143 0.18571428571428572
0 0.7380952380952381 0.1357142857142857 0.009523809523809525 0.07142857142857142
0 0.7392857142857143 0.3 0.011904761904761906 0.08571428571428572
0 0.31428571428571433 0.16428571428571428 0.014285714285714287 0.07142857142857142
0 0.12380952380952381 0.44285714285714284 0.01904761904761905 0.08571428571428572
0 0.4190476190476191 0.5142857142857142 0.009523809523809525 0.08571428571428572
0 0.3190476190476191 0.7714285714285714 0.014285714285714287 0.08571428571428572
0 0.37023809523809526 0.07142857142857142 0.01666666666666667 0.08571428571428572
0 0.7119047619047619 0.3071428571428571 0.014285714285714287 0.09999999999999999
0 0.010714285714285714 0.7 0.011904761904761906 0.05714285714285714
0 0.4976190476190477 0.5071428571428571 0.009523809523809525 0.07142857142857142
0 0.6095238095238096 0.8714285714285714 0.009523809523809525 0.05714285714285714
