1 0.014285714285714287 0.36428571428571427 0.028571428571428574 0.21428571428571427
0 0.6857142857142857 0.2642857142857143 0.009523809523809525 0.07142857142857142
0 0.1761904761904762 0.42142857142857143 0.02380952380952381 0.18571428571428572
0 0.06785714285714287 0.6571428571428571 0.011904761904761906 0.05714285714285714
0 0.24880952380952384 0.6214285714285714 0.011904761904761906 0.09999999999999999
0 0.8035714285714286 0.9571428571428571 0.011904761904761906 0.05714285714285714
0 0.01785714285714286 0.049999999999999996 0.03571428571428572 0.09999999999999999
0 0.2547619047619048 0.22857142857142856 0.01904761904761905 0.05714285714285714
0 0.2785714285714286 0.29285714285714287 0.01904761904761905 0.09999999999999999
0 0.9035714285714287 0.5071428571428571 0.01666666666666667 0.12857142857142856
0 0.3511904761904762 0.39999999999999997 0.01666666666666667 0.11428571428571428
0 0.6035714285714286 0.8714285714285714 0.02142857142857143 0.05714285714285714
0 0.9892857142857143 0.39285714285714285 0.01666666666666667 0.07142857142857142
0 0.11309523809523811 0.11428571428571428 0.030952380952380953 0.02857142857142857
0 0.3595238095238096 0.7357142857142857 0.014285714285714287 0.07142857142857142
0 0.6904761904761906 0.42857142857142855 0.009523809523809525 0.08571428571428572
