1 0.6452380952380953 0.37857142857142856 0.04285714285714286 0.2714285714285714
0 0.5892857142857143 0.5357142857142857 0.011904761904761906 0.07142857142857142
0 0.5142857142857143 0.4714285714285714 0.01904761904761905 0.14285714285714285
0 0.3464285714285715 0.8928571428571428 0.011904761904761906 0.07142857142857142
0 0.21190476190476193 0.6142857142857142 0.03333333333333334 0.14285714285714285
0 0.3380952380952381 0.2642857142857143 0.014285714285714287 0.09999999999999999
0 0.6047619047619048 0.8714285714285714 0.01904761904761905 0.08571428571428572
0 0.7452380952380953 0.08571428571428572 0.009523809523809525 0.05714285714285714
0 0.830952380952381 0.35 0.02380952380952381 0.09999999999999999
0 0.6583333333333334 0.5928571428571429 0.011904761904761906 0.09999999999999999
0 0.8654761904761905 0.7999999999999999 0.01666666666666667 0.08571428571428572
