0 0.5511904761904762 0.5142857142857142 0.02142857142857143 0.11428571428571428
0 0.45833333333333337 0.45 0.01666666666666667 0.09999999999999999
0 0.4047619047619048 0.7142857142857143 0.014285714285714287 0.05714285714285714
0 0.6238095238095238 0.65 0.01904761904761905 0.09999999999999999
0 0.5952380952380953 0.9142857142857143 0.014285714285714287 0.08571428571428572
0 0.7761904761904762 0.17142857142857143 0.028571428571428574 0.14285714285714285
0 0.6321428571428572 0.8357142857142857 0.01666666666666667 0.09999999999999999
0 0.680952380952381 0.5428571428571428 0.014285714285714287 0.05714285714285714
0 0.28452380952380957 0.7428571428571429 0.011904761904761906 0.08571428571428572
1 0.3404761904761905 0.4857142857142857 0.03333333333333334 0.22857142857142856
2 0.8047619047619048 0.6642857142857143 0.04285714285714286 0.07142857142857142
0 0.8750000000000001 0.5 0.011904761904761906 0.08571428571428572
0 0.24761904761904763 0.95 0.014285714285714287 0.07142857142857142
0 0.06666666666666668 0.5714285714285714 0.014285714285714287 0.05714285714285714
0 0.8083333333333335 0.8428571428571429 0.011904761904761906 0.08571428571428572
0 0.8833333333333334 0.9 0.009523809523809525 0.05714285714285714
0 0.9904761904761905 0.3857142857142857 0.009523809523809525 0.11428571428571428
0 0.7011904761904763 0.17857142857142858 0.02142857142857143 0.07142857142857142
0 0.5892857142857143 0.5571428571428572 0.030952380952380953 0.19999999999999998
0 0.18214285714285716 0.2857142857142857 0.01666666666666667 0.11428571428571428
0 0.7892857142857144 0.7857142857142857 0.01666666666666667 0.05714285714285714
0 0.8833333333333334 0.39285714285714285 0.014285714285714287 0.07142857142857142
0 0.9440476190476191 0.5928571428571429 0.01666666666666667 0.12857142857142856
0 0.3404761904761905 0.4714285714285714 0.014285714285714287 0.08571428571428572
