1 0.14880952380952384 0.47857142857142854 0.03571428571428572 0.2714285714285714
0 0.05476190476190477 0.19285714285714284 0.02380952380952381 0.12857142857142856
0 0.05476190476190477 0.4928571428571428 0.014285714285714287 0.09999999999999999
0 0.49523809523809526 0.3071428571428571 0.014285714285714287 0.09999999999999999
0 0.705952380952381 0.44285714285714284 0.011904761904761906 0.08571428571428572
0 0.6511904761904762 0.6214285714285714 0.011904761904761906 0.07142857142857142
0 0.5416666666666667 0.3214285714285714 0.0071428571428571435 0.07142857142857142
0 0.9904761904761905 0.40714285714285714 0.009523809523809525 0.07142857142857142
0 0.8571428571428572 0.5857142857142857 0.009523809523809525 0.05714285714285714
0 0.23095238095238096 0.5714285714285714 0.004761904761904762 0.05714285714285714
