1 0.6440476190476191 0.2857142857142857 0.02142857142857143 0.14285714285714285
0 0.8607142857142858 0.8071428571428572 0.011904761904761906 0.09999999999999999
0 0.8011904761904762 0.8428571428571429 0.011904761904761906 0.08571428571428572
0 0.33333333333333337 0.45714285714285713 0.014285714285714287 0.11428571428571428
0 0.40952380952380957 0.7714285714285714 0.014285714285714287 0.08571428571428572
0 0.5428571428571429 0.9214285714285714 0.02380952380952381 0.07142857142857142
0 0.7238095238095239 0.17857142857142858 0.014285714285714287 0.09999999999999999
0 0.35714285714285715 0.6357142857142857 0.01904761904761905 0.07142857142857142
0 0.045238095238095244 0.15714285714285714 0.009523809523809525 0.08571428571428572
0 0.23333333333333336 0.35 0.009523809523809525 0.04285714285714286
0 0.6571428571428573 0.5214285714285715 0.014285714285714287 0.07142857142857142
0 0.12261904761904763 0.45714285714285713 0.02142857142857143 0.11428571428571428
0 0.32142857142857145 0.08571428571428572 0.009523809523809525 0.08571428571428572
0 0.992857142857143 0.35714285714285715 0.009523809523809525 0.19999999999999998
0 0.7714285714285715 0.5071428571428571 0.014285714285714287 0.09999999999999999
0 0.6035714285714286 0.8714285714285714 0.02142857142857143 0.05714285714285714
0 0.7571428571428572 0.2785714285714286 0.014285714285714287 0.09999999999999999
0 0.23690476190476192 0.049999999999999996 0.011904761904761906 0.09999999999999999
0 0.22380952380952382 0.7285714285714285 0.014285714285714287 0.08571428571428572
