1 0.07738095238095238 0.35714285714285715 0.030952380952380953 0.22857142857142856
1 0.4821428571428572 0.6142857142857142 0.03571428571428572 0.2571428571428571
0 0.36071428571428577 0.42857142857142855 0.011904761904761906 0.05714285714285714
0 0.8190476190476191 0.08571428571428572 0.014285714285714287 0.08571428571428572
0 0.6261904761904763 0.75 0.009523809523809525 0.09999999999999999
0 0.8500000000000001 0.7214285714285714 0.014285714285714287 0.07142857142857142
0 0.5011904761904762 0.32857142857142857 0.011904761904761906 0.05714285714285714
0 0.7083333333333334 0.4857142857142857 0.0071428571428571435 0.05714285714285714
0 0.7809523809523811 0.8714285714285714 0.009523809523809525 0.08571428571428572
0 0.8071428571428572 0.8857142857142857 0.009523809523809525 0.08571428571428572
0 0.8571428571428572 0.44285714285714284 0.009523809523809525 0.05714285714285714
0 0.9904761904761905 0.40714285714285714 0.009523809523809525 0.07142857142857142
0 0.028571428571428574 0.9357142857142857 0.009523809523809525 0.07142857142857142
0 0.2035714285714286 0.9142857142857143 0.011904761904761906 0.05714285714285714
