1 0.06785714285714287 0.2785714285714286 0.04047619047619048 0.2714285714285714
1 0.7821428571428573 0.5071428571428571 0.02142857142857143 0.15714285714285714
1 0.8785714285714287 0.2642857142857143 0.03333333333333334 0.21428571428571427
0 0.9654761904761906 0.8785714285714286 0.02142857142857143 0.07142857142857142
0 0.23333333333333336 0.8928571428571428 0.009523809523809525 0.12857142857142856
0 0.15595238095238095 0.5142857142857142 0.011904761904761906 0.11428571428571428
0 0.06904761904761905 0.5785714285714285 0.014285714285714287 0.07142857142857142
0 0.02380952380952381 0.3214285714285714 0.014285714285714287 0.07142857142857142
0 0.8226190476190477 0.2714285714285714 0.011904761904761906 0.08571428571428572
0 0.925 0.46428571428571425 0.011904761904761906 0.07142857142857142
0 0.034523809523809526 0.6214285714285714 0.0071428571428571435 0.07142857142857142
0 0.026190476190476195 0.9428571428571428 0.009523809523809525 0.08571428571428572
