0 0.6416666666666667 0.35714285714285715 0.01666666666666667 0.08571428571428572
0 0.3726190476190476 0.7928571428571428 0.02142857142857143 0.09999999999999999
0 0.2380952380952381 0.6785714285714286 0.01904761904761905 0.09999999999999999
0 0.6940476190476191 0.5142857142857142 0.011904761904761906 0.11428571428571428
0 0.736904761904762 0.65 0.02142857142857143 0.07142857142857142
0 0.925 0.25 0.026190476190476195 0.07142857142857142
1 0.5607142857142857 0.5285714285714286 0.030952380952380953 0.22857142857142856
1 0.9702380952380953 0.5 0.02142857142857143 0.14285714285714285
0 0.3047619047619048 0.6857142857142857 0.014285714285714287 0.05714285714285714
0 0.48571428571428577 0.7142857142857143 0.009523809523809525 0.08571428571428572
0 0.6047619047619048 0.8714285714285714 0.01904761904761905 0.05714285714285714
0 0.4428571428571429 0.7428571428571429 0.014285714285714287 0.08571428571428572
0 0.34880952380952385 0.32857142857142857 0.011904761904761906 0.05714285714285714
0 0.505952380952381 0.17142857142857143 0.011904761904761906 0.08571428571428572
0 0.7916666666666667 0.6642857142857143 0.01666666666666667 0.07142857142857142
0 0.8833333333333334 0.5214285714285715 0.014285714285714287 0.12857142857142856
0 0.02380952380952381 0.9357142857142857 0.009523809523809525 0.09999999999999999
0 0.06547619047619048 0.5857142857142857 0.011904761904761906 0.05714285714285714
0 0.1642857142857143 0.39285714285714285 0.02380952380952381 0.15714285714285714
0 0.39642857142857146 0.4857142857142857 0.01666666666666667 0.11428571428571428
0 0.8285714285714286 0.7357142857142857 0.01904761904761905 0.18571428571428572
0 0.45000000000000007 0.05714285714285714 0.014285714285714287 0.11428571428571428
0 0.3261904761904762 0.07857142857142857 0.014285714285714287 0.07142857142857142
0 0.9892857142857143 0.39999999999999997 0.011904761904761906 0.08571428571428572
