0 0.9654761904761906 0.7142857142857143 0.02142857142857143 0.2571428571428571
0 0.717857142857143 0.8714285714285714 0.011904761904761906 0.11428571428571428
0 0.20714285714285716 0.4714285714285714 0.028571428571428574 0.11428571428571428
0 0.3321428571428572 0.6142857142857142 0.01666666666666667 0.05714285714285714
0 0.775 0.15714285714285714 0.011904761904761906 0.17142857142857143
0 0.9916666666666668 0.3857142857142857 0.011904761904761906 0.14285714285714285
0 0.2416666666666667 0.37857142857142856 0.026190476190476195 0.07142857142857142
0 0.6857142857142857 0.5285714285714286 0.014285714285714287 0.08571428571428572
0 0.6071428571428572 0.8714285714285714 0.01904761904761905 0.08571428571428572
0 0.9464285714285715 0.7714285714285714 0.011904761904761906 0.08571428571428572
0 0.08214285714285716 0.8928571428571428 0.011904761904761906 0.07142857142857142
0 0.505952380952381 0.36428571428571427 0.02142857142857143 0.09999999999999999
0 0.9595238095238096 0.40714285714285714 0.014285714285714287 0.09999999999999999
0 0.8857142857142858 0.9071428571428571 0.009523809523809525 0.04285714285714286
