1 0.15357142857142858 0.18571428571428572 0.030952380952380953 0.22857142857142856
0 0.9107142857142858 0.07142857142857142 0.01666666666666667 0.08571428571428572
0 0.01904761904761905 0.32857142857142857 0.014285714285714287 0.22857142857142856
0 0.3416666666666667 0.6 0.011904761904761906 0.08571428571428572
0 0.26071428571428573 0.8285714285714285 0.011904761904761906 0.08571428571428572
0 0.3166666666666667 0.5 0.014285714285714287 0.08571428571428572
0 0.06904761904761905 0.5857142857142857 0.014285714285714287 0.05714285714285714
0 0.6011904761904763 0.6071428571428571 0.011904761904761906 0.09999999999999999
0 0.23571428571428574 0.3 0.014285714285714287 0.05714285714285714
0 0.08690476190476192 0.05714285714285714 0.011904761904761906 0.05714285714285714
0 0.9892857142857143 0.39285714285714285 0.0071428571428571435 0.07142857142857142
0 0.6083333333333334 0.8785714285714286 0.0071428571428571435 0.07142857142857142
0 0.7285714285714286 0.8071428571428572 0.009523809523809525 0.07142857142857142
0 0.880952380952381 0.6214285714285714 0.014285714285714287 0.07142857142857142
0 0.3154761904761905 0.049999999999999996 0.011904761904761906 0.07142857142857142
