1 0.33571428571428574 0.16428571428571428 0.028571428571428574 0.21428571428571427
1 0.5583333333333333 0.5499999999999999 0.04047619047619048 0.2714285714285714
0 0.330952380952381 0.6928571428571428 0.01904761904761905 0.07142857142857142
0 0.36904761904761907 0.08571428571428572 0.009523809523809525 0.08571428571428572
0 0.028571428571428574 0.9428571428571428 0.009523809523809525 0.05714285714285714
0 0.07142857142857144 0.5785714285714285 0.014285714285714287 0.04285714285714286
0 0.3273809523809524 0.41428571428571426 0.0071428571428571435 0.05714285714285714
0 0.8571428571428572 0.42142857142857143 0.009523809523809525 0.07142857142857142
0 0.7333333333333334 0.32857142857142857 0.009523809523809525 0.05714285714285714
0 0.5821428571428572 0.5857142857142857 0.0071428571428571435 0.05714285714285714
0 0.992857142857143 0.40714285714285714 0.009523809523809525 0.07142857142857142
