1 0.01666666666666667 0.5499999999999999 0.03333333333333334 0.21428571428571427
1 0.2404761904761905 0.45 0.014285714285714287 0.12857142857142856
0 0.04047619047619048 0.39285714285714285 0.01904761904761905 0.07142857142857142
0 0.6702380952380953 0.3142857142857143 0.011904761904761906 0.11428571428571428
0 0.9892857142857143 0.39285714285714285 0.01666666666666667 0.07142857142857142
0 0.27142857142857146 0.17857142857142858 0.014285714285714287 0.07142857142857142
0 0.48809523809523814 0.11428571428571428 0.014285714285714287 0.08571428571428572
0 0.6083333333333334 0.8785714285714286 0.011904761904761906 0.07142857142857142
0 0.717857142857143 0.18571428571428572 0.011904761904761906 0.05714285714285714
0 0.08452380952380953 0.5 0.011904761904761906 0.05714285714285714
0 0.7666666666666667 0.7428571428571429 0.009523809523809525 0.11428571428571428
