0 0.22380952380952382 0.45714285714285713 0.009523809523809525 0.05714285714285714
0 0.11071428571428572 0.8642857142857142 0.04047619047619048 0.07142857142857142
0 0.8083333333333335 0.7357142857142857 0.011904761904761906 0.07142857142857142
1 0.8595238095238096 0.22857142857142856 0.028571428571428574 0.19999999999999998
0 0.15476190476190477 0.8357142857142857 0.009523809523809525 0.09999999999999999
0 0.2535714285714286 0.8428571428571429 0.0071428571428571435 0.08571428571428572
0 0.9166666666666667 0.14285714285714285 0.014285714285714287 0.08571428571428572
0 0.5690476190476191 0.5357142857142857 0.01904761904761905 0.07142857142857142
0 0.9583333333333334 0.5928571428571429 0.011904761904761906 0.07142857142857142
0 0.3869047619047619 0.7285714285714285 0.02142857142857143 0.08571428571428572
0 0.07023809523809524 0.6214285714285714 0.02142857142857143 0.12857142857142856
0 0.3583333333333334 0.4928571428571428 0.011904761904761906 0.09999999999999999
0 0.09047619047619049 0.16428571428571428 0.01904761904761905 0.12857142857142856
0 0.053571428571428575 0.3857142857142857 0.011904761904761906 0.14285714285714285
0 0.18809523809523812 0.2642857142857143 0.02380952380952381 0.15714285714285714
