1 0.7976190476190477 0.4714285714285714 0.01904761904761905 0.11428571428571428
1 0.8285714285714286 0.6142857142857142 0.02380952380952381 0.14285714285714285
0 0.6321428571428572 0.8285714285714285 0.011904761904761906 0.08571428571428572
0 0.16904761904761906 0.18571428571428572 0.01904761904761905 0.05714285714285714
0 0.14642857142857144 0.3857142857142857 0.01666666666666667 0.11428571428571428
0 0.9904761904761905 0.40714285714285714 0.009523809523809525 0.07142857142857142
0 0.13214285714285715 0.6714285714285714 0.011904761904761906 0.08571428571428572
0 0.505952380952381 0.2357142857142857 0.011904761904761906 0.12857142857142856
0 0.01666666666666667 0.15 0.009523809523809525 0.07142857142857142
0 0.6976190476190477 0.17857142857142858 0.009523809523809525 0.07142857142857142
0 0.6880952380952382 0.9 0.009523809523809525 0.08571428571428572
0 0.4642857142857143 0.6714285714285714 0.009523809523809525 0.05714285714285714
0 0.4892857142857143 0.4357142857142857 0.011904761904761906 0.07142857142857142
0 0.8583333333333334 0.7785714285714286 0.011904761904761906 0.07142857142857142
