1 0.9142857142857144 0.65 0.028571428571428574 0.21428571428571427
0 0.255952380952381 0.17857142857142858 0.026190476190476195 0.09999999999999999
0 0.6035714285714286 0.41428571428571426 0.01666666666666667 0.08571428571428572
0 0.8202380952380953 0.6142857142857142 0.011904761904761906 0.17142857142857143
0 0.21190476190476193 0.5357142857142857 0.0380952380952381 0.15714285714285714
0 0.1654761904761905 0.4928571428571428 0.011904761904761906 0.07142857142857142
0 0.1630952380952381 0.34285714285714286 0.011904761904761906 0.11428571428571428
0 0.25952380952380955 0.6214285714285714 0.014285714285714287 0.09999999999999999
0 0.13333333333333336 0.7785714285714286 0.014285714285714287 0.09999999999999999
0 0.9535714285714286 0.6 0.011904761904761906 0.11428571428571428
0 0.2666666666666667 0.3857142857142857 0.009523809523809525 0.08571428571428572
0 0.3666666666666667 0.65 0.009523809523809525 0.07142857142857142
0 0.6095238095238096 0.8785714285714286 0.009523809523809525 0.04285714285714286
0 0.8750000000000001 0.2785714285714286 0.011904761904761906 0.07142857142857142
