1 0.4297619047619048 0.5857142857142857 0.030952380952380953 0.2571428571428571
0 0.7702380952380953 0.5499999999999999 0.030952380952380953 0.15714285714285714
0 0.8845238095238096 0.7571428571428571 0.01666666666666667 0.08571428571428572
0 0.9083333333333334 0.2785714285714286 0.01666666666666667 0.09999999999999999
0 0.7071428571428572 0.5285714285714286 0.014285714285714287 0.08571428571428572
0 0.19761904761904764 0.7214285714285714 0.014285714285714287 0.12857142857142856
0 0.4976190476190477 0.42142857142857143 0.01904761904761905 0.12857142857142856
1 0.986904761904762 0.3357142857142857 0.02142857142857143 0.18571428571428572
0 0.6333333333333334 0.3214285714285714 0.004761904761904762 0.04285714285714286
0 0.5142857142857143 0.3 0.009523809523809525 0.05714285714285714
0 0.6357142857142858 0.6142857142857142 0.009523809523809525 0.05714285714285714
0 0.04285714285714286 0.39999999999999997 0.009523809523809525 0.05714285714285714
0 0.04642857142857143 0.15 0.011904761904761906 0.07142857142857142
0 0.4678571428571429 0.2642857142857143 0.011904761904761906 0.07142857142857142
0 0.9833333333333334 0.5499999999999999 0.009523809523809525 0.07142857142857142
0 0.5607142857142857 0.5285714285714286 0.011904761904761906 0.05714285714285714
0 0.048809523809523817 0.7071428571428571 0.011904761904761906 0.07142857142857142
0 0.6000000000000001 0.8571428571428571 0.02380952380952381 0.05714285714285714
