0 0.7773809523809525 0.7785714285714286 0.01666666666666667 0.07142857142857142
0 0.9047619047619049 0.5571428571428572 0.009523809523809525 0.08571428571428572
0 0.8357142857142857 0.18571428571428572 0.014285714285714287 0.08571428571428572
0 0.330952380952381 0.45 0.02380952380952381 0.07142857142857142
0 0.1654761904761905 0.41428571428571426 0.011904761904761906 0.05714285714285714
1 0.9571428571428572 0.37142857142857144 0.028571428571428574 0.19999999999999998
0 0.605952380952381 0.8714285714285714 0.01666666666666667 0.08571428571428572
0 0.5976190476190477 0.6071428571428571 0.009523809523809525 0.07142857142857142
0 0.42261904761904767 0.6928571428571428 0.011904761904761906 0.09999999999999999
0 0.35595238095238096 0.37857142857142856 0.011904761904761906 0.07142857142857142
0 0.1011904761904762 0.3142857142857143 0.01666666666666667 0.08571428571428572
0 0.06785714285714287 0.5857142857142857 0.011904761904761906 0.05714285714285714
0 0.5107142857142858 0.37857142857142856 0.011904761904761906 0.09999999999999999
0 0.23690476190476192 0.5428571428571428 0.01666666666666667 0.08571428571428572
0 0.9630952380952382 0.8428571428571429 0.02142857142857143 0.11428571428571428
0 0.3273809523809524 0.2785714285714286 0.011904761904761906 0.09999999999999999
0 0.13333333333333336 0.6357142857142857 0.014285714285714287 0.07142857142857142
