1 0.3535714285714286 0.17142857142857143 0.026190476190476195 0.19999999999999998
1 0.43928571428571433 0.18571428571428572 0.030952380952380953 0.22857142857142856
1 0.4630952380952381 0.4714285714285714 0.03571428571428572 0.2571428571428571
1 0.8750000000000001 0.5571428571428572 0.02142857142857143 0.14285714285714285
0 0.7083333333333334 0.2714285714285714 0.011904761904761906 0.11428571428571428
0 0.7392857142857143 0.36428571428571427 0.011904761904761906 0.07142857142857142
0 0.7904761904761906 0.36428571428571427 0.009523809523809525 0.09999999999999999
0 0.48690476190476195 0.8142857142857143 0.011904761904761906 0.05714285714285714
0 0.15833333333333335 0.42857142857142855 0.011904761904761906 0.08571428571428572
0 0.5714285714285715 0.9214285714285714 0.009523809523809525 0.09999999999999999
0 0.2785714285714286 0.2785714285714286 0.014285714285714287 0.07142857142857142
0 0.5380952380952382 0.5285714285714286 0.014285714285714287 0.19999999999999998
0 0.4071428571428572 0.8714285714285714 0.009523809523809525 0.05714285714285714
0 0.7583333333333334 0.4857142857142857 0.011904761904761906 0.08571428571428572
0 0.8523809523809525 0.4857142857142857 0.009523809523809525 0.08571428571428572
0 0.7214285714285715 0.2357142857142857 0.009523809523809525 0.07142857142857142
0 0.06904761904761905 0.5857142857142857 0.014285714285714287 0.05714285714285714
0 0.2678571428571429 0.5214285714285715 0.011904761904761906 0.07142857142857142
0 0.6250000000000001 0.8357142857142857 0.011904761904761906 0.04285714285714286
