1 0.46071428571428574 0.3357142857142857 0.026190476190476195 0.21428571428571427
0 0.21666666666666667 0.7642857142857142 0.014285714285714287 0.09999999999999999
0 0.2535714285714286 0.41428571428571426 0.01666666666666667 0.08571428571428572
0 0.30952380952380953 0.8214285714285714 0.014285714285714287 0.09999999999999999
0 0.49404761904761907 0.29285714285714287 0.011904761904761906 0.09999999999999999
1 0.5095238095238096 0.22857142857142856 0.01904761904761905 0.11428571428571428
0 0.7690476190476191 0.21428571428571427 0.014285714285714287 0.11428571428571428
0 0.6940476190476191 0.37857142857142856 0.011904761904761906 0.07142857142857142
1 0.9404761904761906 0.5857142857142857 0.01904761904761905 0.11428571428571428
0 0.7952380952380953 0.7214285714285714 0.014285714285714287 0.12857142857142856
0 0.6440476190476191 0.3214285714285714 0.011904761904761906 0.07142857142857142
0 0.06904761904761905 0.5857142857142857 0.009523809523809525 0.05714285714285714
0 0.43214285714285716 0.5357142857142857 0.0071428571428571435 0.07142857142857142
