1 0.8404761904761906 0.41428571428571426 0.04285714285714286 0.34285714285714286
1 0.8142857142857144 0.45 0.01904761904761905 0.12857142857142856
0 0.6678571428571429 0.7785714285714286 0.011904761904761906 0.09999999999999999
0 0.37142857142857144 0.5499999999999999 0.014285714285714287 0.09999999999999999
0 0.4404761904761905 0.42857142857142855 0.009523809523809525 0.08571428571428572
0 0.06666666666666668 0.39999999999999997 0.014285714285714287 0.08571428571428572
0 0.025 0.2714285714285714 0.011904761904761906 0.05714285714285714
0 0.06547619047619048 0.5785714285714285 0.0071428571428571435 0.04285714285714286
0 0.5107142857142858 0.2785714285714286 0.0071428571428571435 0.07142857142857142
0 0.29404761904761906 0.049999999999999996 0.0071428571428571435 0.07142857142857142
0 0.22500000000000003 0.3142857142857143 0.011904761904761906 0.05714285714285714
