1 0.530952380952381 0.5 0.03333333333333334 0.22857142857142856
1 0.8571428571428572 0.8071428571428572 0.028571428571428574 0.18571428571428572
1 0.06666666666666668 0.3357142857142857 0.04761904761904762 0.35714285714285715
0 0.3797619047619048 0.2714285714285714 0.01666666666666667 0.08571428571428572
0 0.5595238095238095 0.11428571428571428 0.014285714285714287 0.08571428571428572
0 0.07142857142857144 0.7357142857142857 0.014285714285714287 0.07142857142857142
0 0.2702380952380953 0.45714285714285713 0.011904761904761906 0.08571428571428572
0 0.6345238095238096 0.6357142857142857 0.01666666666666667 0.09999999999999999
0 0.6083333333333334 0.8785714285714286 0.01666666666666667 0.07142857142857142
0 0.8857142857142858 0.6357142857142857 0.009523809523809525 0.09999999999999999
0 0.2011904761904762 0.85 0.011904761904761906 0.07142857142857142
0 0.567857142857143 0.6571428571428571 0.011904761904761906 0.05714285714285714
0 0.8821428571428572 0.14285714285714285 0.011904761904761906 0.11428571428571428
0 0.9880952380952381 0.37857142857142856 0.004761904761904762 0.07142857142857142
0 0.8333333333333334 0.05714285714285714 0.014285714285714287 0.08571428571428572
0 0.7785714285714287 0.8571428571428571 0.014285714285714287 0.08571428571428572
