1 0.009523809523809525 0.35 0.01904761904761905 0.15714285714285714
0 0.18214285714285716 0.09285714285714286 0.01666666666666667 0.07142857142857142
0 0.3154761904761905 0.5357142857142857 0.030952380952380953 0.12857142857142856
0 0.44761904761904764 0.2357142857142857 0.02380952380952381 0.09999999999999999
0 0.6238095238095238 0.4357142857142857 0.014285714285714287 0.12857142857142856
0 0.6238095238095238 0.8285714285714285 0.014285714285714287 0.05714285714285714
0 0.13333333333333336 0.19999999999999998 0.014285714285714287 0.05714285714285714
0 0.5773809523809524 0.17857142857142858 0.011904761904761906 0.12857142857142856
0 0.9226190476190477 0.7 0.011904761904761906 0.08571428571428572
0 0.7690476190476191 0.46428571428571425 0.014285714285714287 0.09999999999999999
0 0.6964285714285715 0.45714285714285713 0.01666666666666667 0.22857142857142856
