1 0.12380952380952381 0.10714285714285714 0.028571428571428574 0.21428571428571427
1 0.2380952380952381 0.22142857142857142 0.03333333333333334 0.18571428571428572
1 0.8630952380952381 0.45 0.02142857142857143 0.12857142857142856
0 0.7976190476190477 0.7642857142857142 0.014285714285714287 0.09999999999999999
0 0.4678571428571429 0.2571428571428571 0.01666666666666667 0.08571428571428572
0 0.6035714285714286 0.8642857142857142 0.02142857142857143 0.07142857142857142
0 0.7380952380952381 0.8071428571428572 0.014285714285714287 0.09999999999999999
0 0.7440476190476191 0.21428571428571427 0.011904761904761906 0.08571428571428572
0 0.9785714285714286 0.39285714285714285 0.009523809523809525 0.07142857142857142
0 0.06785714285714287 0.5785714285714285 0.011904761904761906 0.07142857142857142
