1 0.125 0.5071428571428571 0.09285714285714286 0.6428571428571428
1 0.2773809523809524 0.6857142857142857 0.01666666666666667 0.14285714285714285
1 0.8035714285714286 0.5785714285714285 0.3880952380952381 0.7857142857142857
0 0.0642857142857143 0.02142857142857143 0.009523809523809525 0.04285714285714286
0 0.2 0.75 0.01904761904761905 0.12857142857142856
0 0.26071428571428573 0.20714285714285713 0.026190476190476195 0.07142857142857142
0 0.39761904761904765 0.9428571428571428 0.014285714285714287 0.08571428571428572
0 0.06904761904761905 0.5785714285714285 0.014285714285714287 0.07142857142857142
0 0.4535714285714286 0.3857142857142857 0.01666666666666667 0.08571428571428572
0 0.11190476190476191 0.1357142857142857 0.014285714285714287 0.07142857142857142
0 0.20595238095238097 0.4357142857142857 0.01666666666666667 0.07142857142857142
0 0.3154761904761905 0.17142857142857143 0.02142857142857143 0.14285714285714285
0 0.5428571428571429 0.4928571428571428 0.01904761904761905 0.09999999999999999
0 0.4130952380952381 0.6285714285714286 0.011904761904761906 0.14285714285714285
0 0.027380952380952384 0.9428571428571428 0.011904761904761906 0.08571428571428572
0 0.3380952380952381 0.5785714285714285 0.014285714285714287 0.07142857142857142
0 0.3797619047619048 0.7428571428571429 0.01666666666666667 0.08571428571428572
