1 0.08333333333333334 0.65 0.03333333333333334 0.24285714285714285
1 0.46666666666666673 0.6428571428571428 0.03333333333333334 0.22857142857142856
1 0.6880952380952382 0.9214285714285714 0.014285714285714287 0.09999999999999999
0 0.9309523809523811 0.7785714285714286 0.01904761904761905 0.07142857142857142
0 0.5571428571428572 0.8642857142857142 0.01904761904761905 0.09999999999999999
0 0.30714285714285716 0.5 0.01904761904761905 0.08571428571428572
0 0.15595238095238095 0.9 0.01666666666666667 0.08571428571428572
0 0.4273809523809524 0.2857142857142857 0.011904761904761906 0.08571428571428572
0 0.9095238095238096 0.6142857142857142 0.009523809523809525 0.08571428571428572
0 0.37380952380952387 0.5642857142857143 0.009523809523809525 0.07142857142857142
0 0.7297619047619048 0.5571428571428572 0.011904761904761906 0.08571428571428572
0 0.705952380952381 0.4357142857142857 0.011904761904761906 0.07142857142857142
0 0.9916666666666668 0.42142857142857143 0.011904761904761906 0.09999999999999999
