1 0.19761904761904764 0.7071428571428571 0.03333333333333334 0.24285714285714285
1 0.7785714285714287 0.3857142857142857 0.028571428571428574 0.19999999999999998
0 0.6392857142857143 0.20714285714285713 0.01666666666666667 0.15714285714285714
0 0.05 0.42142857142857143 0.014285714285714287 0.09999999999999999
0 0.3547619047619048 0.5071428571428571 0.01904761904761905 0.09999999999999999
0 0.7500000000000001 0.37857142857142856 0.014285714285714287 0.09999999999999999
1 0.6678571428571429 0.42857142857142855 0.02142857142857143 0.11428571428571428
0 0.06785714285714287 0.5714285714285714 0.011904761904761906 0.05714285714285714
0 0.026190476190476195 0.9214285714285714 0.009523809523809525 0.07142857142857142
0 0.6083333333333334 0.8785714285714286 0.011904761904761906 0.04285714285714286
