1 0.9654761904761906 0.5071428571428571 0.030952380952380953 0.21428571428571427
0 0.717857142857143 0.36428571428571427 0.030952380952380953 0.35714285714285715
0 0.8904761904761905 0.5071428571428571 0.009523809523809525 0.15714285714285714
0 0.13571428571428573 0.5071428571428571 0.01904761904761905 0.09999999999999999
0 0.3285714285714286 0.07142857142857142 0.014285714285714287 0.05714285714285714
0 0.9892857142857143 0.5428571428571428 0.0071428571428571435 0.08571428571428572
0 0.2392857142857143 0.8428571428571429 0.0071428571428571435 0.08571428571428572
0 0.25952380952380955 0.7857142857142857 0.009523809523809525 0.05714285714285714
0 0.2833333333333334 0.7 0.009523809523809525 0.05714285714285714
0 0.06785714285714287 0.5785714285714285 0.0071428571428571435 0.07142857142857142
0 0.6976190476190477 0.12142857142857143 0.009523809523809525 0.07142857142857142
0 0.5380952380952382 0.7285714285714285 0.009523809523809525 0.08571428571428572
0 0.5130952380952382 0.7714285714285714 0.011904761904761906 0.08571428571428572
0 0.07261904761904762 0.18571428571428572 0.0071428571428571435 0.05714285714285714
