1 0.05238095238095239 0.6571428571428571 0.028571428571428574 0.19999999999999998
0 0.405952380952381 0.7785714285714286 0.01666666666666667 0.07142857142857142
0 0.4892857142857143 0.7785714285714286 0.01666666666666667 0.09999999999999999
0 0.9773809523809525 0.22857142857142856 0.011904761904761906 0.11428571428571428
0 0.5845238095238096 0.95 0.01666666666666667 0.07142857142857142
0 0.2142857142857143 0.8857142857142857 0.014285714285714287 0.05714285714285714
0 0.24404761904761907 0.5285714285714286 0.011904761904761906 0.05714285714285714
0 0.6095238095238096 0.5071428571428571 0.004761904761904762 0.07142857142857142
0 0.9761904761904763 0.5499999999999999 0.009523809523809525 0.07142857142857142
0 0.3273809523809524 0.9285714285714285 0.0071428571428571435 0.05714285714285714
0 0.4 0.9571428571428571 0.009523809523809525 0.05714285714285714
