1 0.04285714285714286 0.41428571428571426 0.05238095238095239 0.37142857142857144
1 0.22976190476190478 0.40714285714285714 0.05 0.32857142857142857
1 0.7678571428571429 0.2785714285714286 0.026190476190476195 0.18571428571428572
0 0.6595238095238096 0.8071428571428572 0.01904761904761905 0.09999999999999999
0 0.6880952380952382 0.7142857142857143 0.014285714285714287 0.08571428571428572
0 0.5083333333333334 0.22857142857142856 0.011904761904761906 0.08571428571428572
0 0.7702380952380953 0.7 0.02142857142857143 0.08571428571428572
0 0.21309523809523812 0.7142857142857143 0.011904761904761906 0.08571428571428572
0 0.34761904761904766 0.8428571428571429 0.009523809523809525 0.05714285714285714
0 0.6095238095238096 0.8785714285714286 0.014285714285714287 0.07142857142857142
