1 0.44642857142857145 0.6785714285714286 0.030952380952380953 0.21428571428571427
0 0.9464285714285715 0.2785714285714286 0.01666666666666667 0.12857142857142856
0 0.430952380952381 0.4857142857142857 0.014285714285714287 0.08571428571428572
0 0.17023809523809524 0.7214285714285714 0.02142857142857143 0.09999999999999999
0 0.636904761904762 0.41428571428571426 0.011904761904761906 0.08571428571428572
0 0.6392857142857143 0.5428571428571428 0.011904761904761906 0.05714285714285714
1 0.0071428571428571435 0.40714285714285714 0.014285714285714287 0.18571428571428572
0 0.32023809523809527 0.9 0.011904761904761906 0.05714285714285714
0 0.07023809523809524 0.5714285714285714 0.01666666666666667 0.02857142857142857
0 0.7214285714285715 0.6214285714285714 0.009523809523809525 0.07142857142857142
0 0.9940476190476192 0.8071428571428572 0.0071428571428571435 0.07142857142857142
