1 0.08928571428571429 0.37142857142857144 0.045238095238095244 0.3142857142857143
1 0.07976190476190477 0.5642857142857143 0.02142857142857143 0.12857142857142856
1 0.9416666666666668 0.2857142857142857 0.04047619047619048 0.3142857142857143
0 0.4035714285714286 0.6214285714285714 0.01666666666666667 0.07142857142857142
0 0.7404761904761905 0.47857142857142854 0.014285714285714287 0.09999999999999999
0 0.5571428571428572 0.12857142857142856 0.014285714285714287 0.08571428571428572
0 0.27142857142857146 0.5071428571428571 0.014285714285714287 0.09999999999999999
0 0.1892857142857143 0.7857142857142857 0.011904761904761906 0.14285714285714285
0 0.3297619047619048 0.8357142857142857 0.011904761904761906 0.04285714285714286
0 0.6047619047619048 0.34285714285714286 0.014285714285714287 0.11428571428571428
0 0.967857142857143 0.12142857142857143 0.01666666666666667 0.09999999999999999
0 0.7202380952380953 0.5499999999999999 0.011904761904761906 0.07142857142857142
0 0.9416666666666668 0.6428571428571428 0.0071428571428571435 0.08571428571428572
0 0.9904761904761905 0.41428571428571426 0.009523809523809525 0.05714285714285714
