1 0.4428571428571429 0.46428571428571425 0.03333333333333334 0.24285714285714285
1 0.5333333333333334 0.7 0.028571428571428574 0.19999999999999998
1 0.7773809523809525 0.3142857142857143 0.026190476190476195 0.17142857142857143
0 0.37023809523809526 0.12857142857142856 0.011904761904761906 0.08571428571428572
0 0.2630952380952381 0.17857142857142858 0.011904761904761906 0.07142857142857142
0 0.1285714285714286 0.9571428571428571 0.014285714285714287 0.05714285714285714
0 0.6714285714285715 0.8428571428571429 0.009523809523809525 0.05714285714285714
0 0.07023809523809524 0.5857142857142857 0.011904761904761906 0.05714285714285714
0 0.11785714285714287 0.5571428571428572 0.011904761904761906 0.05714285714285714
0 0.992857142857143 0.39285714285714285 0.009523809523809525 0.09999999999999999
