0 0.40952380952380957 0.7571428571428571 0.01904761904761905 0.11428571428571428
0 0.6761904761904762 0.2357142857142857 0.014285714285714287 0.07142857142857142
1 0.20476190476190478 0.5642857142857143 0.03333333333333334 0.2714285714285714
0 0.05238095238095239 0.39999999999999997 0.009523809523809525 0.08571428571428572
0 0.06904761904761905 0.5785714285714285 0.014285714285714287 0.07142857142857142
0 0.2035714285714286 0.7857142857142857 0.011904761904761906 0.05714285714285714
0 0.6047619047619048 0.8785714285714286 0.01904761904761905 0.07142857142857142
0 0.9440476190476191 0.85 0.02142857142857143 0.07142857142857142
0 0.805952380952381 0.45714285714285713 0.01666666666666667 0.11428571428571428
0 0.6000000000000001 0.37857142857142856 0.014285714285714287 0.09999999999999999
0 0.3297619047619048 0.7071428571428571 0.01666666666666667 0.09999999999999999
0 0.48809523809523814 0.7642857142857142 0.014285714285714287 0.07142857142857142
0 0.4488095238095238 0.8285714285714285 0.011904761904761906 0.08571428571428572
0 0.3654761904761905 0.5499999999999999 0.011904761904761906 0.09999999999999999
0 0.8857142857142858 0.5785714285714285 0.009523809523809525 0.07142857142857142
0 0.5178571428571429 0.4357142857142857 0.011904761904761906 0.09999999999999999
