1 0.980952380952381 0.5928571428571429 0.03333333333333334 0.35714285714285715
1 0.7928571428571429 0.6071428571428571 0.04285714285714286 0.35714285714285715
0 0.10714285714285715 0.65 0.014285714285714287 0.09999999999999999
0 0.27380952380952384 0.3214285714285714 0.01904761904761905 0.07142857142857142
0 0.9452380952380953 0.42857142857142855 0.009523809523809525 0.05714285714285714
1 0.9261904761904762 0.7214285714285714 0.01904761904761905 0.12857142857142856
0 0.2178571428571429 0.42142857142857143 0.01666666666666667 0.07142857142857142
0 0.3666666666666667 0.8285714285714285 0.014285714285714287 0.08571428571428572
0 0.5702380952380953 0.2642857142857143 0.011904761904761906 0.09999999999999999
0 0.9380952380952382 0.5428571428571428 0.014285714285714287 0.08571428571428572
0 0.8654761904761905 0.6857142857142857 0.011904761904761906 0.08571428571428572
0 0.886904761904762 0.8142857142857143 0.011904761904761906 0.05714285714285714
0 0.06190476190476191 0.6214285714285714 0.014285714285714287 0.07142857142857142
0 0.10476190476190478 0.05714285714285714 0.014285714285714287 0.08571428571428572
0 0.5666666666666668 0.9285714285714285 0.014285714285714287 0.08571428571428572
0 0.7797619047619049 0.8428571428571429 0.011904761904761906 0.05714285714285714
0 0.8702380952380954 0.5071428571428571 0.011904761904761906 0.07142857142857142
0 0.9452380952380953 0.07142857142857142 0.014285714285714287 0.08571428571428572
0 0.811904761904762 0.37142857142857144 0.009523809523809525 0.05714285714285714
