1 0.8654761904761905 0.5499999999999999 0.026190476190476195 0.18571428571428572
0 0.7726190476190476 0.6285714285714286 0.011904761904761906 0.14285714285714285
0 0.4285714285714286 0.6642857142857143 0.01904761904761905 0.07142857142857142
0 0.27261904761904765 0.5214285714285715 0.011904761904761906 0.07142857142857142
0 0.25238095238095243 0.6857142857142857 0.014285714285714287 0.08571428571428572
0 0.10833333333333334 0.1357142857142857 0.02142857142857143 0.07142857142857142
0 0.15952380952380954 0.3214285714285714 0.01904761904761905 0.07142857142857142
0 0.008333333333333335 0.39999999999999997 0.01666666666666667 0.11428571428571428
0 0.842857142857143 0.17142857142857143 0.028571428571428574 0.08571428571428572
0 0.2642857142857143 0.12857142857142856 0.014285714285714287 0.08571428571428572
0 0.6964285714285715 0.15714285714285714 0.01666666666666667 0.11428571428571428
0 0.11904761904761905 0.36428571428571427 0.014285714285714287 0.12857142857142856
0 0.786904761904762 0.7714285714285714 0.01666666666666667 0.08571428571428572
0 0.6083333333333334 0.8714285714285714 0.02142857142857143 0.05714285714285714
0 0.9071428571428573 0.6714285714285714 0.014285714285714287 0.08571428571428572
0 0.29642857142857143 0.7571428571428571 0.02142857142857143 0.08571428571428572
0 0.9892857142857143 0.40714285714285714 0.011904761904761906 0.07142857142857142
0 0.2619047619047619 0.35714285714285715 0.01904761904761905 0.08571428571428572
0 0.39642857142857146 0.6357142857142857 0.011904761904761906 0.12857142857142856
0 0.3023809523809524 0.2357142857142857 0.014285714285714287 0.09999999999999999
0 0.05 0.09285714285714286 0.014285714285714287 0.07142857142857142
