1 0.4285714285714286 0.4857142857142857 0.06666666666666668 0.5142857142857142
1 0.5166666666666667 0.5857142857142857 0.028571428571428574 0.19999999999999998
0 0.28095238095238095 0.7571428571428571 0.014285714285714287 0.08571428571428572
0 0.886904761904762 0.2357142857142857 0.01666666666666667 0.07142857142857142
0 0.029761904761904764 0.24285714285714285 0.011904761904761906 0.08571428571428572
0 0.7892857142857144 0.2642857142857143 0.011904761904761906 0.09999999999999999
0 0.11309523809523811 0.46428571428571425 0.0071428571428571435 0.07142857142857142
0 0.06785714285714287 0.5785714285714285 0.011904761904761906 0.07142857142857142
0 0.027380952380952384 0.9214285714285714 0.011904761904761906 0.04285714285714286
0 0.6595238095238096 0.05714285714285714 0.014285714285714287 0.05714285714285714
0 0.9916666666666668 0.41428571428571426 0.011904761904761906 0.08571428571428572
