1 0.3404761904761905 0.24285714285714285 0.03333333333333334 0.2571428571428571
0 0.9630952380952382 0.46428571428571425 0.01666666666666667 0.12857142857142856
0 0.3238095238095238 0.5571428571428572 0.02380952380952381 0.08571428571428572
0 0.7142857142857143 0.22142857142857142 0.014285714285714287 0.07142857142857142
0 0.3297619047619048 0.4357142857142857 0.011904761904761906 0.09999999999999999
0 0.06904761904761905 0.6714285714285714 0.009523809523809525 0.05714285714285714
0 0.15000000000000002 0.6142857142857142 0.009523809523809525 0.05714285714285714
0 0.6857142857142857 0.8428571428571429 0.014285714285714287 0.05714285714285714
0 0.8190476190476191 0.049999999999999996 0.009523809523809525 0.07142857142857142
0 0.6083333333333334 0.8857142857142857 0.0071428571428571435 0.05714285714285714
0 0.4345238095238096 0.4357142857142857 0.011904761904761906 0.04285714285714286
