0 0.5190476190476191 0.8071428571428572 0.014285714285714287 0.12857142857142856
0 0.5857142857142857 0.44285714285714284 0.02380952380952381 0.17142857142857143
0 0.680952380952381 0.6714285714285714 0.01904761904761905 0.08571428571428572
0 0.9178571428571429 0.41428571428571426 0.02142857142857143 0.08571428571428572
0 0.8285714285714286 0.4928571428571428 0.0380952380952381 0.07142857142857142
1 0.27976190476190477 0.5928571428571429 0.030952380952380953 0.21428571428571427
0 0.7821428571428573 0.39285714285714285 0.02142857142857143 0.09999999999999999
0 0.06666666666666668 0.5928571428571429 0.014285714285714287 0.07142857142857142
0 0.3392857142857143 0.3214285714285714 0.01666666666666667 0.09999999999999999
0 0.37619047619047624 0.5714285714285714 0.009523809523809525 0.05714285714285714
0 0.6035714285714286 0.8714285714285714 0.01666666666666667 0.05714285714285714
0 0.9202380952380953 0.8642857142857142 0.01666666666666667 0.09999999999999999
0 0.805952380952381 0.42142857142857143 0.011904761904761906 0.07142857142857142
0 0.9857142857142858 0.8428571428571429 0.01904761904761905 0.14285714285714285
0 0.9880952380952381 0.3857142857142857 0.009523809523809525 0.08571428571428572
0 0.39047619047619053 0.8071428571428572 0.009523809523809525 0.07142857142857142
0 0.5321428571428571 0.16428571428571428 0.011904761904761906 0.09999999999999999
0 0.6583333333333334 0.7714285714285714 0.011904761904761906 0.08571428571428572
