0 0.7214285714285715 0.36428571428571427 0.014285714285714287 0.18571428571428572
0 0.7416666666666667 0.29285714285714287 0.011904761904761906 0.18571428571428572
0 0.8321428571428572 0.6571428571428571 0.01666666666666667 0.08571428571428572
0 0.4642857142857143 0.9428571428571428 0.01904761904761905 0.05714285714285714
0 0.28571428571428575 0.9071428571428571 0.014285714285714287 0.09999999999999999
0 0.09166666666666667 0.5357142857142857 0.01666666666666667 0.12857142857142856
0 0.41785714285714287 0.06428571428571428 0.02142857142857143 0.09999999999999999
0 0.7476190476190477 0.6928571428571428 0.014285714285714287 0.09999999999999999
0 0.8071428571428572 0.2785714285714286 0.01904761904761905 0.12857142857142856
0 0.2535714285714286 0.6857142857142857 0.01666666666666667 0.11428571428571428
0 0.3654761904761905 0.7714285714285714 0.0071428571428571435 0.05714285714285714
0 0.6047619047619048 0.8714285714285714 0.01904761904761905 0.08571428571428572
0 0.028571428571428574 0.9357142857142857 0.009523809523809525 0.09999999999999999
0 0.17857142857142858 0.5928571428571429 0.01904761904761905 0.09999999999999999
0 0.6202380952380953 0.14285714285714285 0.011904761904761906 0.11428571428571428
0 0.4345238095238096 0.8571428571428571 0.011904761904761906 0.08571428571428572
