1 0.20476190476190478 0.4928571428571428 0.03333333333333334 0.24285714285714285
0 0.8904761904761905 0.8714285714285714 0.009523809523809525 0.14285714285714285
0 0.6880952380952382 0.9285714285714285 0.01904761904761905 0.11428571428571428
0 0.4190476190476191 0.6357142857142857 0.03333333333333334 0.09999999999999999
0 0.3023809523809524 0.5785714285714285 0.014285714285714287 0.07142857142857142
0 0.22619047619047622 0.7714285714285714 0.01904761904761905 0.08571428571428572
0 0.717857142857143 0.5785714285714285 0.01666666666666667 0.07142857142857142
0 0.3023809523809524 0.3857142857142857 0.014285714285714287 0.08571428571428572
0 0.2630952380952381 0.04285714285714286 0.01666666666666667 0.08571428571428572
0 0.7345238095238096 0.75 0.01666666666666667 0.09999999999999999
0 0.9904761904761905 0.39285714285714285 0.014285714285714287 0.07142857142857142
0 0.7583333333333334 0.2857142857142857 0.011904761904761906 0.11428571428571428
1 0.07023809523809524 0.6285714285714286 0.02142857142857143 0.11428571428571428
0 0.6071428571428572 0.8785714285714286 0.014285714285714287 0.07142857142857142
0 0.8726190476190477 0.2785714285714286 0.01666666666666667 0.12857142857142856
