0 0.7571428571428572 0.7428571428571429 0.01904761904761905 0.17142857142857143
0 0.9333333333333335 0.4357142857142857 0.01904761904761905 0.12857142857142856
0 0.530952380952381 0.07857142857142857 0.014285714285714287 0.07142857142857142
0 0.48809523809523814 0.7928571428571428 0.009523809523809525 0.07142857142857142
0 0.3452380952380953 0.7571428571428571 0.014285714285714287 0.08571428571428572
0 0.23095238095238096 0.4857142857142857 0.014285714285714287 0.08571428571428572
0 0.07261904761904762 0.25 0.01666666666666667 0.09999999999999999
0 0.10595238095238096 0.37142857142857144 0.011904761904761906 0.08571428571428572
0 0.7714285714285715 0.9142857142857143 0.01904761904761905 0.05714285714285714
1 0.4440476190476191 0.4857142857142857 0.030952380952380953 0.22857142857142856
0 0.1773809523809524 0.5071428571428571 0.011904761904761906 0.07142857142857142
0 0.19523809523809527 0.6142857142857142 0.009523809523809525 0.08571428571428572
0 0.8773809523809525 0.7357142857142857 0.030952380952380953 0.15714285714285714
0 0.9916666666666668 0.8142857142857143 0.011904761904761906 0.08571428571428572
0 0.6011904761904763 0.8857142857142857 0.026190476190476195 0.08571428571428572
0 0.8297619047619048 0.3857142857142857 0.01666666666666667 0.08571428571428572
0 0.9892857142857143 0.39285714285714285 0.0071428571428571435 0.07142857142857142
0 0.6321428571428572 0.3857142857142857 0.011904761904761906 0.11428571428571428
0 0.010714285714285714 0.7 0.011904761904761906 0.05714285714285714
0 0.3035714285714286 0.75 0.03571428571428572 0.18571428571428572
0 0.4142857142857143 0.15714285714285714 0.02380952380952381 0.14285714285714285
0 0.811904761904762 0.17142857142857143 0.009523809523809525 0.08571428571428572
0 0.37380952380952387 0.6071428571428571 0.014285714285714287 0.09999999999999999
