0 0.29880952380952386 0.6357142857142857 0.02142857142857143 0.09999999999999999
0 0.49404761904761907 0.45 0.01666666666666667 0.15714285714285714
0 0.5333333333333334 0.2357142857142857 0.05238095238095239 0.24285714285714285
0 0.9452380952380953 0.3857142857142857 0.014285714285714287 0.11428571428571428
0 0.7285714285714286 0.6 0.01904761904761905 0.08571428571428572
0 0.6071428571428572 0.8714285714285714 0.02380952380952381 0.05714285714285714
1 0.23571428571428574 0.5357142857142857 0.028571428571428574 0.21428571428571427
0 0.17023809523809524 0.17857142857142858 0.01666666666666667 0.09999999999999999
0 0.5892857142857143 0.19285714285714284 0.011904761904761906 0.07142857142857142
0 0.002380952380952381 0.04285714285714286 0.004761904761904762 0.08571428571428572
0 0.9892857142857143 0.39999999999999997 0.0071428571428571435 0.08571428571428572
0 0.46547619047619054 0.3142857142857143 0.011904761904761906 0.05714285714285714
0 0.03928571428571429 0.22857142857142856 0.01666666666666667 0.08571428571428572
