1 0.6083333333333334 0.35 0.030952380952380953 0.21428571428571427
1 0.3952380952380953 0.5928571428571429 0.02380952380952381 0.12857142857142856
1 0.7238095238095239 0.7785714285714286 0.014285714285714287 0.09999999999999999
0 0.7000000000000001 0.8357142857142857 0.02380952380952381 0.04285714285714286
0 0.9821428571428572 0.7142857142857143 0.011904761904761906 0.11428571428571428
0 0.9904761904761905 0.11428571428571428 0.014285714285714287 0.11428571428571428
0 0.07500000000000001 0.6357142857142857 0.01666666666666667 0.09999999999999999
0 0.14285714285714288 0.5428571428571428 0.009523809523809525 0.08571428571428572
0 0.37380952380952387 0.6785714285714286 0.014285714285714287 0.12857142857142856
0 0.2630952380952381 0.5142857142857142 0.011904761904761906 0.08571428571428572
0 0.3190476190476191 0.5857142857142857 0.01904761904761905 0.05714285714285714
0 0.14047619047619048 0.37857142857142856 0.01904761904761905 0.09999999999999999
0 0.2392857142857143 0.19999999999999998 0.01666666666666667 0.08571428571428572
0 0.7845238095238096 0.8214285714285714 0.01666666666666667 0.09999999999999999
0 0.6047619047619048 0.8642857142857142 0.01904761904761905 0.07142857142857142
0 0.9892857142857143 0.39999999999999997 0.0071428571428571435 0.08571428571428572
0 0.036904761904761905 0.16428571428571428 0.011904761904761906 0.09999999999999999
0 0.7440476190476191 0.7 0.011904761904761906 0.08571428571428572
0 0.3047619047619048 0.7428571428571429 0.014285714285714287 0.17142857142857143
0 0.7714285714285715 0.4714285714285714 0.02380952380952381 0.08571428571428572
0 0.23214285714285715 0.7785714285714286 0.011904761904761906 0.07142857142857142
