1 0.9404761904761906 0.3 0.02380952380952381 0.19999999999999998
0 0.43928571428571433 0.37142857142857144 0.02142857142857143 0.11428571428571428
0 0.6035714285714286 0.5142857142857142 0.011904761904761906 0.11428571428571428
0 0.3869047619047619 0.7571428571428571 0.011904761904761906 0.11428571428571428
0 0.7583333333333334 0.7285714285714285 0.01666666666666667 0.08571428571428572
0 0.6071428571428572 0.8857142857142857 0.01904761904761905 0.05714285714285714
0 0.06904761904761905 0.5714285714285714 0.009523809523809525 0.05714285714285714
0 0.07261904761904762 0.6857142857142857 0.011904761904761906 0.05714285714285714
0 0.30833333333333335 0.40714285714285714 0.0071428571428571435 0.07142857142857142
0 0.10833333333333334 0.12142857142857143 0.0071428571428571435 0.07142857142857142
0 0.9904761904761905 0.42857142857142855 0.009523809523809525 0.08571428571428572
