0 0.4773809523809524 0.8571428571428571 0.01666666666666667 0.11428571428571428
0 0.7452380952380953 0.42142857142857143 0.02380952380952381 0.07142857142857142
1 0.3880952380952381 0.17857142857142858 0.01904761904761905 0.15714285714285714
0 0.630952380952381 0.5428571428571428 0.01904761904761905 0.11428571428571428
0 0.2666666666666667 0.42857142857142855 0.009523809523809525 0.08571428571428572
0 0.03571428571428572 0.6785714285714286 0.01904761904761905 0.09999999999999999
0 0.3940476190476191 0.45 0.02142857142857143 0.21428571428571427
0 0.9726190476190477 0.4857142857142857 0.02142857142857143 0.19999999999999998
0 0.6095238095238096 0.8857142857142857 0.009523809523809525 0.08571428571428572
0 0.55 0.21428571428571427 0.01904761904761905 0.08571428571428572
0 0.23095238095238096 0.9357142857142857 0.014285714285714287 0.09999999999999999
