0 0.4535714285714286 0.25 0.01666666666666667 0.09999999999999999
0 0.4 0.7428571428571429 0.014285714285714287 0.05714285714285714
0 0.2821428571428572 0.9214285714285714 0.011904761904761906 0.07142857142857142
0 0.013095238095238097 0.6142857142857142 0.01666666666666667 0.05714285714285714
0 0.7357142857142858 0.9642857142857143 0.014285714285714287 0.04285714285714286
0 0.9238095238095239 0.3357142857142857 0.014285714285714287 0.12857142857142856
0 0.29880952380952386 0.5785714285714285 0.02142857142857143 0.07142857142857142
0 0.26071428571428573 0.6785714285714286 0.01666666666666667 0.09999999999999999
1 0.8940476190476191 0.35714285714285715 0.03571428571428572 0.2571428571428571
0 0.3547619047619048 0.3857142857142857 0.01904761904761905 0.11428571428571428
0 0.18452380952380953 0.5285714285714286 0.0071428571428571435 0.05714285714285714
0 0.14642857142857144 0.7 0.01666666666666667 0.08571428571428572
0 0.07976190476190477 0.7785714285714286 0.011904761904761906 0.07142857142857142
0 0.7488095238095239 0.6571428571428571 0.011904761904761906 0.08571428571428572
0 0.5440476190476191 0.2785714285714286 0.01666666666666667 0.07142857142857142
0 0.4357142857142858 0.7071428571428571 0.009523809523809525 0.07142857142857142
0 0.30119047619047623 0.9428571428571428 0.011904761904761906 0.08571428571428572
0 0.9845238095238096 0.45714285714285713 0.01666666666666667 0.19999999999999998
0 0.10595238095238096 0.42857142857142855 0.011904761904761906 0.08571428571428572
0 0.010714285714285714 0.6928571428571428 0.011904761904761906 0.07142857142857142
0 0.3178571428571429 0.7357142857142857 0.0071428571428571435 0.07142857142857142
0 0.9630952380952382 0.7428571428571429 0.01666666666666667 0.08571428571428572
