0 0.048809523809523817 0.5499999999999999 0.030952380952380953 0.41428571428571426
0 0.027380952380952384 0.37142857142857144 0.04047619047619048 0.14285714285714285
0 0.08095238095238096 0.44285714285714284 0.014285714285714287 0.11428571428571428
0 0.2392857142857143 0.37142857142857144 0.05 0.34285714285714286
0 0.305952380952381 0.6428571428571428 0.05 0.14285714285714285
0 0.04761904761904762 0.9142857142857143 0.01904761904761905 0.11428571428571428
0 0.08095238095238096 0.95 0.01904761904761905 0.07142857142857142
0 0.009523809523809525 0.5571428571428572 0.01904761904761905 0.08571428571428572
0 0.10714285714285715 0.6285714285714286 0.02380952380952381 0.14285714285714285
0 0.30000000000000004 0.42142857142857143 0.04761904761904762 0.21428571428571427
0 0.5035714285714287 0.6285714285714286 0.01666666666666667 0.05714285714285714
0 0.43928571428571433 0.4357142857142857 0.011904761904761906 0.07142857142857142
0 0.8583333333333334 0.32857142857142857 0.02142857142857143 0.08571428571428572
0 0.805952380952381 0.5571428571428572 0.01666666666666667 0.14285714285714285
0 0.41071428571428575 0.8714285714285714 0.011904761904761906 0.08571428571428572
0 0.24523809523809526 0.8214285714285714 0.009523809523809525 0.07142857142857142
0 0.1011904761904762 0.7928571428571428 0.011904761904761906 0.07142857142857142
0 0.11071428571428572 0.8571428571428571 0.011904761904761906 0.08571428571428572
0 0.07261904761904762 0.17142857142857143 0.011904761904761906 0.11428571428571428
0 0.36309523809523814 0.7142857142857143 0.011904761904761906 0.05714285714285714
0 0.3404761904761905 0.45714285714285713 0.01904761904761905 0.08571428571428572
0 0.4154761904761905 0.7428571428571429 0.011904761904761906 0.08571428571428572
0 0.4535714285714286 0.75 0.011904761904761906 0.07142857142857142
0 0.4797619047619048 0.8785714285714286 0.01666666666666667 0.07142857142857142
0 0.8285714285714286 0.35714285714285715 0.014285714285714287 0.08571428571428572
0 0.8928571428571429 0.6785714285714286 0.01904761904761905 0.09999999999999999
0 0.9214285714285715 0.6285714285714286 0.014285714285714287 0.08571428571428572
0 0.7321428571428572 0.42142857142857143 0.011904761904761906 0.07142857142857142
0 0.855952380952381 0.8857142857142857 0.01666666666666667 0.19999999999999998
0 0.8690476190476192 0.6071428571428571 0.009523809523809525 0.07142857142857142
0 0.8500000000000001 0.6714285714285714 0.01904761904761905 0.14285714285714285
0 0.380952380952381 0.5285714285714286 0.009523809523809525 0.08571428571428572
0 0.24523809523809526 0.9571428571428571 0.014285714285714287 0.05714285714285714
0 0.21904761904761907 0.9642857142857143 0.014285714285714287 0.04285714285714286
0 0.09047619047619049 0.7285714285714285 0.009523809523809525 0.05714285714285714
0 0.10238095238095239 0.41428571428571426 0.02380952380952381 0.17142857142857143
0 0.3166666666666667 0.21428571428571427 0.014285714285714287 0.05714285714285714
0 0.12142857142857144 0.11428571428571428 0.009523809523809525 0.08571428571428572
0 0.13690476190476192 0.09285714285714286 0.0071428571428571435 0.07142857142857142
0 0.3928571428571429 0.7285714285714285 0.01904761904761905 0.14285714285714285
0 0.4345238095238096 0.6785714285714286 0.0071428571428571435 0.04285714285714286
0 0.44761904761904764 0.9285714285714285 0.009523809523809525 0.11428571428571428
0 0.0071428571428571435 0.8642857142857142 0.009523809523809525 0.07142857142857142
0 0.12976190476190477 0.36428571428571427 0.011904761904761906 0.07142857142857142
0 0.4214285714285715 0.5428571428571428 0.009523809523809525 0.08571428571428572
0 0.36309523809523814 0.8571428571428571 0.011904761904761906 0.08571428571428572
0 0.49523809523809526 0.24285714285714285 0.009523809523809525 0.05714285714285714
0 0.8071428571428572 0.24285714285714285 0.014285714285714287 0.08571428571428572
0 0.8928571428571429 0.8714285714285714 0.009523809523809525 0.08571428571428572
0 0.8130952380952382 0.8857142857142857 0.0071428571428571435 0.11428571428571428
0 0.1904761904761905 0.9 0.01904761904761905 0.08571428571428572
0 0.36904761904761907 0.6071428571428571 0.009523809523809525 0.04285714285714286
0 0.4 0.36428571428571427 0.009523809523809525 0.07142857142857142
0 0.3940476190476191 0.4357142857142857 0.011904761904761906 0.07142857142857142
0 0.19404761904761905 0.15714285714285714 0.011904761904761906 0.08571428571428572
0 0.0035714285714285718 0.22142857142857142 0.0071428571428571435 0.04285714285714286
0 0.015476190476190477 0.6571428571428571 0.011904761904761906 0.05714285714285714
0 0.02023809523809524 0.7357142857142857 0.011904761904761906 0.07142857142857142
0 0.25833333333333336 0.8142857142857143 0.0071428571428571435 0.05714285714285714
0 0.42261904761904767 0.08571428571428572 0.011904761904761906 0.05714285714285714
0 0.46190476190476193 0.3857142857142857 0.009523809523809525 0.05714285714285714
0 0.07976190476190477 0.7785714285714286 0.0071428571428571435 0.07142857142857142
1 0.03571428571428572 0.17857142857142858 0.01904761904761905 0.12857142857142856
1 0.0880952380952381 0.6142857142857142 0.014285714285714287 0.11428571428571428
1 0.1511904761904762 0.7142857142857143 0.045238095238095244 0.3142857142857143
1 0.20833333333333334 0.6142857142857142 0.06904761904761905 0.5428571428571428
1 0.6511904761904762 0.5714285714285714 0.25 0.8285714285714285
1 0.9500000000000001 0.5857142857142857 0.09523809523809525 0.7999999999999999
1 0.880952380952381 0.5 0.01904761904761905 0.14285714285714285
0 0.33452380952380956 0.7714285714285714 0.011904761904761906 0.11428571428571428
0 0.10714285714285715 0.25 0.02380952380952381 0.04285714285714286
0 0.37619047619047624 0.08571428571428572 0.014285714285714287 0.05714285714285714
0 0.33452380952380956 0.5642857142857143 0.0071428571428571435 0.07142857142857142
0 0.8464285714285715 0.46428571428571425 0.026190476190476195 0.09999999999999999
