0 0.5178571428571429 0.45714285714285713 0.03571428571428572 0.17142857142857143
0 0.5166666666666667 0.6714285714285714 0.014285714285714287 0.08571428571428572
0 0.7345238095238096 0.35 0.011904761904761906 0.04285714285714286
0 0.8940476190476191 0.2642857142857143 0.011904761904761906 0.18571428571428572
0 0.9047619047619049 0.24285714285714285 0.009523809523809525 0.08571428571428572
0 0.9690476190476192 0.2714285714285714 0.01904761904761905 0.08571428571428572
0 0.955952380952381 0.29285714285714287 0.011904761904761906 0.09999999999999999
0 0.9440476190476191 0.3857142857142857 0.01666666666666667 0.08571428571428572
0 0.925 0.37142857142857144 0.011904761904761906 0.08571428571428572
0 0.9095238095238096 0.45 0.014285714285714287 0.18571428571428572
0 0.9583333333333334 0.8071428571428572 0.011904761904761906 0.09999999999999999
0 0.942857142857143 0.6214285714285714 0.01904761904761905 0.09999999999999999
0 0.986904761904762 0.6071428571428571 0.0071428571428571435 0.07142857142857142
0 0.8464285714285715 0.7142857142857143 0.011904761904761906 0.05714285714285714
0 0.8690476190476192 0.4714285714285714 0.014285714285714287 0.14285714285714285
0 0.9511904761904763 0.09999999999999999 0.01666666666666667 0.05714285714285714
0 0.8940476190476191 0.95 0.011904761904761906 0.07142857142857142
0 0.9738095238095239 0.37857142857142856 0.004761904761904762 0.07142857142857142
0 0.9857142857142858 0.44285714285714284 0.009523809523809525 0.05714285714285714
0 0.7785714285714287 0.11428571428571428 0.014285714285714287 0.05714285714285714
0 0.9095238095238096 0.8357142857142857 0.009523809523809525 0.09999999999999999
0 0.925 0.5857142857142857 0.011904761904761906 0.05714285714285714
0 0.9226190476190477 0.4928571428571428 0.011904761904761906 0.07142857142857142
1 0.9630952380952382 0.5571428571428572 0.030952380952380953 0.19999999999999998
1 0.9309523809523811 0.7428571428571429 0.02380952380952381 0.14285714285714285
1 0.8452380952380953 0.5571428571428572 0.11904761904761905 0.8571428571428571
0 0.9321428571428573 0.19999999999999998 0.011904761904761906 0.08571428571428572
