1 0.27380952380952384 0.7142857142857143 0.07142857142857144 0.5428571428571428
1 0.43690476190476196 0.5714285714285714 0.045238095238095244 0.3142857142857143
1 0.4678571428571429 0.32857142857142857 0.026190476190476195 0.17142857142857143
1 0.6023809523809525 0.6928571428571428 0.1 0.5857142857142857
1 0.9309523809523811 0.4857142857142857 0.028571428571428574 0.17142857142857143
0 0.11071428571428572 0.42857142857142855 0.011904761904761906 0.08571428571428572
0 0.17500000000000002 0.45 0.01666666666666667 0.21428571428571427
0 0.13571428571428573 0.85 0.009523809523809525 0.07142857142857142
0 0.1392857142857143 0.12857142857142856 0.011904761904761906 0.05714285714285714
0 0.16785714285714287 0.17857142857142858 0.01666666666666667 0.07142857142857142
0 0.2404761904761905 0.2857142857142857 0.014285714285714287 0.08571428571428572
0 0.33571428571428574 0.7785714285714286 0.014285714285714287 0.07142857142857142
0 0.3821428571428572 0.8857142857142857 0.011904761904761906 0.08571428571428572
0 0.5214285714285715 0.8714285714285714 0.014285714285714287 0.08571428571428572
0 0.4833333333333334 0.5285714285714286 0.014285714285714287 0.08571428571428572
0 0.5904761904761905 0.18571428571428572 0.01904761904761905 0.19999999999999998
0 0.6285714285714287 0.29285714285714287 0.01904761904761905 0.07142857142857142
0 0.6095238095238096 0.3357142857142857 0.014285714285714287 0.04285714285714286
0 0.7297619047619048 0.9428571428571428 0.026190476190476195 0.08571428571428572
0 0.8785714285714287 0.2714285714285714 0.014285714285714287 0.08571428571428572
0 0.9726190476190477 0.8357142857142857 0.01666666666666667 0.09999999999999999
0 0.9035714285714287 0.5857142857142857 0.011904761904761906 0.08571428571428572
0 0.9023809523809525 0.42142857142857143 0.014285714285714287 0.07142857142857142
0 0.9607142857142859 0.19285714285714284 0.01666666666666667 0.12857142857142856
0 0.9071428571428573 0.22857142857142856 0.009523809523809525 0.08571428571428572
0 0.6642857142857144 0.5928571428571429 0.009523809523809525 0.07142857142857142
0 0.3464285714285715 0.4928571428571428 0.02142857142857143 0.09999999999999999
0 0.06190476190476191 0.15 0.009523809523809525 0.12857142857142856
0 0.02380952380952381 0.19999999999999998 0.009523809523809525 0.05714285714285714
0 0.07380952380952381 0.7071428571428571 0.014285714285714287 0.04285714285714286
0 0.37619047619047624 0.24285714285714285 0.014285714285714287 0.08571428571428572
0 0.5416666666666667 0.14285714285714285 0.011904761904761906 0.08571428571428572
0 0.6916666666666668 0.7214285714285714 0.011904761904761906 0.07142857142857142
0 0.8547619047619048 0.6071428571428571 0.014285714285714287 0.07142857142857142
0 0.7166666666666668 0.6357142857142857 0.014285714285714287 0.09999999999999999
0 0.7785714285714287 0.8357142857142857 0.014285714285714287 0.07142857142857142
0 0.7047619047619048 0.6928571428571428 0.009523809523809525 0.07142857142857142
0 0.7857142857142858 0.2642857142857143 0.014285714285714287 0.07142857142857142
0 0.6630952380952382 0.22142857142857142 0.02142857142857143 0.07142857142857142
0 0.6273809523809525 0.14285714285714285 0.01666666666666667 0.05714285714285714
0 0.5607142857142857 0.2571428571428571 0.011904761904761906 0.08571428571428572
0 0.38452380952380955 0.46428571428571425 0.02142857142857143 0.09999999999999999
0 0.4047619047619048 0.45 0.009523809523809525 0.04285714285714286
0 0.29642857142857143 0.46428571428571425 0.01666666666666667 0.07142857142857142
0 0.11190476190476191 0.5285714285714286 0.014285714285714287 0.05714285714285714
0 0.14523809523809525 0.049999999999999996 0.014285714285714287 0.07142857142857142
0 0.07857142857142858 0.9357142857142857 0.009523809523809525 0.09999999999999999
0 0.16785714285714287 0.7928571428571428 0.011904761904761906 0.07142857142857142
0 0.31428571428571433 0.22142857142857142 0.009523809523809525 0.04285714285714286
0 0.21309523809523812 0.15714285714285714 0.0071428571428571435 0.08571428571428572
0 0.7404761904761905 0.5428571428571428 0.009523809523809525 0.08571428571428572
0 0.9750000000000001 0.45714285714285713 0.0071428571428571435 0.05714285714285714
0 0.7642857142857143 0.7571428571428571 0.014285714285714287 0.11428571428571428
0 0.7321428571428572 0.42142857142857143 0.01666666666666667 0.07142857142857142
0 0.1904761904761905 0.6285714285714286 0.01904761904761905 0.08571428571428572
0 0.055952380952380955 0.7785714285714286 0.01666666666666667 0.07142857142857142
0 0.05 0.12142857142857143 0.01904761904761905 0.07142857142857142
0 0.03928571428571429 0.6 0.01666666666666667 0.08571428571428572
0 0.01666666666666667 0.65 0.014285714285714287 0.07142857142857142
0 0.048809523809523817 0.45 0.01666666666666667 0.07142857142857142
0 0.46666666666666673 0.47857142857142854 0.009523809523809525 0.04285714285714286
0 0.8297619047619048 0.7785714285714286 0.01666666666666667 0.07142857142857142
0 0.3785714285714286 0.07857142857142857 0.014285714285714287 0.09999999999999999
