0 0.1 0.14285714285714285 0.014285714285714287 0.08571428571428572
0 0.21904761904761907 0.3357142857142857 0.01904761904761905 0.07142857142857142
0 0.19166666666666668 0.8357142857142857 0.02142857142857143 0.09999999999999999
0 0.27380952380952384 0.4928571428571428 0.03333333333333334 0.09999999999999999
0 0.4773809523809524 0.8214285714285714 0.026190476190476195 0.15714285714285714
0 0.42500000000000004 0.9 0.01666666666666667 0.08571428571428572
0 0.35000000000000003 0.6785714285714286 0.014285714285714287 0.09999999999999999
0 0.3392857142857143 0.8928571428571428 0.011904761904761906 0.09999999999999999
0 0.3273809523809524 0.37857142857142856 0.01666666666666667 0.07142857142857142
0 0.2761904761904762 0.2571428571428571 0.014285714285714287 0.08571428571428572
0 0.18571428571428572 0.20714285714285713 0.014285714285714287 0.07142857142857142
0 0.6940476190476191 0.65 0.01666666666666667 0.09999999999999999
0 0.805952380952381 0.41428571428571426 0.01666666666666667 0.11428571428571428
0 0.7738095238095238 0.42142857142857143 0.014285714285714287 0.12857142857142856
0 0.525 0.4714285714285714 0.01666666666666667 0.05714285714285714
0 0.22619047619047622 0.25 0.014285714285714287 0.04285714285714286
0 0.0011904761904761906 0.6357142857142857 0.002380952380952381 0.07142857142857142
1 0.9035714285714287 0.4357142857142857 0.030952380952380953 0.2714285714285714
0 0.1416666666666667 0.9142857142857143 0.02142857142857143 0.08571428571428572
0 0.22500000000000003 0.7357142857142857 0.011904761904761906 0.07142857142857142
0 0.5726190476190477 0.7357142857142857 0.011904761904761906 0.07142857142857142
0 0.37619047619047624 0.75 0.01904761904761905 0.12857142857142856
0 0.3940476190476191 0.6428571428571428 0.02142857142857143 0.11428571428571428
0 0.3511904761904762 0.4357142857142857 0.01666666666666667 0.09999999999999999
0 0.18214285714285716 0.42142857142857143 0.01666666666666667 0.07142857142857142
0 0.41785714285714287 0.3071428571428571 0.011904761904761906 0.12857142857142856
0 0.2142857142857143 0.14285714285714285 0.009523809523809525 0.11428571428571428
0 0.7916666666666667 0.9428571428571428 0.011904761904761906 0.08571428571428572
0 0.6011904761904763 0.5142857142857142 0.01666666666666667 0.11428571428571428
0 0.5238095238095238 0.12857142857142856 0.01904761904761905 0.11428571428571428
0 0.6071428571428572 0.35 0.014285714285714287 0.07142857142857142
0 0.7464285714285714 0.7357142857142857 0.011904761904761906 0.12857142857142856
0 0.8500000000000001 0.2642857142857143 0.014285714285714287 0.07142857142857142
0 0.5595238095238095 0.09999999999999999 0.014285714285714287 0.05714285714285714
0 0.3880952380952381 0.40714285714285714 0.014285714285714287 0.07142857142857142
0 0.0761904761904762 0.9285714285714285 0.009523809523809525 0.08571428571428572
0 0.3166666666666667 0.8428571428571429 0.009523809523809525 0.05714285714285714
0 0.23571428571428574 0.39999999999999997 0.01904761904761905 0.08571428571428572
0 0.6642857142857144 0.7714285714285714 0.014285714285714287 0.11428571428571428
0 0.9214285714285715 0.6142857142857142 0.014285714285714287 0.08571428571428572
0 0.6714285714285715 0.07857142857142857 0.014285714285714287 0.07142857142857142
0 0.45238095238095244 0.12857142857142856 0.01904761904761905 0.11428571428571428
0 0.5916666666666667 0.7642857142857142 0.011904761904761906 0.07142857142857142
0 0.46666666666666673 0.7 0.014285714285714287 0.05714285714285714
0 0.19166666666666668 0.7357142857142857 0.026190476190476195 0.07142857142857142
0 0.2416666666666667 0.8428571428571429 0.01666666666666667 0.08571428571428572
0 0.8833333333333334 0.9428571428571428 0.01904761904761905 0.08571428571428572
0 0.9690476190476192 0.7999999999999999 0.014285714285714287 0.08571428571428572
0 0.6738095238095239 0.4928571428571428 0.02380952380952381 0.09999999999999999
0 0.6202380952380953 0.09285714285714286 0.02142857142857143 0.07142857142857142
0 0.5285714285714286 0.5928571428571429 0.02380952380952381 0.09999999999999999
0 0.045238095238095244 0.7714285714285714 0.028571428571428574 0.11428571428571428
0 0.010714285714285714 0.9428571428571428 0.01666666666666667 0.08571428571428572
