0 0.07142857142857144 0.5785714285714285 0.1 0.2714285714285714
0 0.38333333333333336 0.5499999999999999 0.48571428571428577 0.8714285714285714
0 0.7321428571428572 0.4357142857142857 0.0880952380952381 0.3
0 0.8202380952380953 0.65 0.030952380952380953 0.3857142857142857
0 0.65 0.7357142857142857 0.01904761904761905 0.07142857142857142
0 0.9154761904761906 0.5214285714285715 0.011904761904761906 0.09999999999999999
0 0.9380952380952382 0.8714285714285714 0.014285714285714287 0.11428571428571428
0 0.8130952380952382 0.9642857142857143 0.011904761904761906 0.04285714285714286
0 0.7988095238095239 0.8357142857142857 0.011904761904761906 0.07142857142857142
0 0.7928571428571429 0.6357142857142857 0.009523809523809525 0.07142857142857142
0 0.8523809523809525 0.3357142857142857 0.014285714285714287 0.07142857142857142
0 0.730952380952381 0.7571428571428571 0.014285714285714287 0.08571428571428572
0 0.002380952380952381 0.3357142857142857 0.004761904761904762 0.07142857142857142
0 0.034523809523809526 0.37857142857142856 0.030952380952380953 0.09999999999999999
0 0.6511904761904762 0.2714285714285714 0.02142857142857143 0.17142857142857143
0 0.730952380952381 0.2571428571428571 0.01904761904761905 0.05714285714285714
0 0.8880952380952382 0.8928571428571428 0.014285714285714287 0.09999999999999999
0 0.9154761904761906 0.6642857142857143 0.011904761904761906 0.09999999999999999
0 0.8880952380952382 0.18571428571428572 0.014285714285714287 0.08571428571428572
0 0.6880952380952382 0.6785714285714286 0.014285714285714287 0.12857142857142856
0 0.0761904761904762 0.9357142857142857 0.009523809523809525 0.09999999999999999
0 0.014285714285714287 0.7071428571428571 0.014285714285714287 0.07142857142857142
0 0.9738095238095239 0.4928571428571428 0.009523809523809525 0.07142857142857142
0 0.6654761904761906 0.42142857142857143 0.0071428571428571435 0.04285714285714286
1 0.8607142857142858 0.5714285714285714 0.045238095238095244 0.37142857142857144
0 0.1011904761904762 0.2642857142857143 0.011904761904761906 0.07142857142857142
0 0.015476190476190477 0.21428571428571427 0.011904761904761906 0.05714285714285714
0 0.636904761904762 0.8428571428571429 0.011904761904761906 0.08571428571428572
0 0.9226190476190477 0.95 0.0071428571428571435 0.07142857142857142
1 0.6404761904761905 0.9571428571428571 0.02380952380952381 0.05714285714285714
