0 0.04166666666666667 0.40714285714285714 0.011904761904761906 0.07142857142857142
0 0.048809523809523817 0.7857142857142857 0.01666666666666667 0.08571428571428572
0 0.18452380952380953 0.25 0.026190476190476195 0.18571428571428572
0 0.3119047619047619 0.6571428571428571 0.0380952380952381 0.3142857142857143
0 0.42380952380952386 0.5642857142857143 0.02380952380952381 0.12857142857142856
0 0.6190476190476191 0.47857142857142854 0.01904761904761905 0.21428571428571427
0 0.30119047619047623 0.19999999999999998 0.011904761904761906 0.05714285714285714
0 0.986904761904762 0.08571428571428572 0.011904761904761906 0.05714285714285714
0 0.6452380952380953 0.11428571428571428 0.02380952380952381 0.08571428571428572
0 0.38928571428571435 0.44285714285714284 0.02142857142857143 0.14285714285714285
0 0.32023809523809527 0.2857142857142857 0.0071428571428571435 0.08571428571428572
0 0.11785714285714287 0.14285714285714285 0.011904761904761906 0.08571428571428572
0 0.4916666666666667 0.8928571428571428 0.0071428571428571435 0.07142857142857142
0 0.842857142857143 0.3 0.014285714285714287 0.08571428571428572
0 0.6464285714285715 0.21428571428571427 0.011904761904761906 0.08571428571428572
0 0.49523809523809526 0.45714285714285713 0.009523809523809525 0.05714285714285714
0 0.37380952380952387 0.7 0.014285714285714287 0.08571428571428572
0 0.06190476190476191 0.18571428571428572 0.009523809523809525 0.05714285714285714
0 0.4428571428571429 0.17857142857142858 0.009523809523809525 0.09999999999999999
0 0.46071428571428574 0.5071428571428571 0.01666666666666667 0.12857142857142856
0 0.4142857142857143 0.7428571428571429 0.01904761904761905 0.14285714285714285
0 0.44642857142857145 0.7428571428571429 0.011904761904761906 0.11428571428571428
0 0.3547619047619048 0.85 0.014285714285714287 0.07142857142857142
0 0.3452380952380953 0.5642857142857143 0.009523809523809525 0.07142857142857142
0 0.08571428571428572 0.7785714285714286 0.014285714285714287 0.07142857142857142
0 0.4702380952380953 0.36428571428571427 0.011904761904761906 0.07142857142857142
0 0.9833333333333334 0.2571428571428571 0.014285714285714287 0.08571428571428572
0 0.7154761904761905 0.4928571428571428 0.011904761904761906 0.07142857142857142
0 0.3107142857142857 0.9142857142857143 0.02142857142857143 0.14285714285714285
0 0.6107142857142858 0.6357142857142857 0.01666666666666667 0.09999999999999999
0 0.48571428571428577 0.3071428571428571 0.009523809523809525 0.07142857142857142
0 0.8761904761904763 0.1357142857142857 0.01904761904761905 0.07142857142857142
0 0.3511904761904762 0.47857142857142854 0.011904761904761906 0.07142857142857142
0 0.5988095238095239 0.5357142857142857 0.011904761904761906 0.07142857142857142
1 0.01666666666666667 0.5571428571428572 0.03333333333333334 0.8571428571428571
1 0.06785714285714287 0.6357142857142857 0.030952380952380953 0.18571428571428572
1 0.19880952380952382 0.6 0.2023809523809524 0.7714285714285714
1 0.3880952380952381 0.6071428571428571 0.03333333333333334 0.24285714285714285
1 0.5523809523809524 0.39285714285714285 0.07142857142857144 0.6714285714285714
1 0.7416666666666667 0.5357142857142857 0.2023809523809524 0.9
1 0.8583333333333334 0.8428571428571429 0.03571428571428572 0.2857142857142857
1 0.9333333333333335 0.5857142857142857 0.1142857142857143 0.7714285714285714
0 0.48571428571428577 0.5071428571428571 0.01904761904761905 0.07142857142857142
0 0.07857142857142858 0.2785714285714286 0.009523809523809525 0.07142857142857142
0 0.09404761904761906 0.32857142857142857 0.011904761904761906 0.05714285714285714
0 0.9857142857142858 0.37142857142857144 0.009523809523809525 0.05714285714285714
0 0.3642857142857143 0.3214285714285714 0.02380952380952381 0.09999999999999999
0 0.3380952380952381 0.3857142857142857 0.01904761904761905 0.05714285714285714
1 0.06190476190476191 0.9214285714285714 0.03333333333333334 0.12857142857142856
0 0.3869047619047619 0.9571428571428571 0.011904761904761906 0.05714285714285714
0 0.3392857142857143 0.6642857142857143 0.011904761904761906 0.09999999999999999
0 0.3595238095238096 0.5928571428571429 0.009523809523809525 0.04285714285714286
0 0.4833333333333334 0.7642857142857142 0.009523809523809525 0.09999999999999999
0 0.6321428571428572 0.7857142857142857 0.02142857142857143 0.08571428571428572
0 0.38928571428571435 0.3 0.011904761904761906 0.05714285714285714
0 0.5083333333333334 0.7714285714285714 0.01666666666666667 0.08571428571428572
