0 0.536904761904762 0.3142857142857143 0.030952380952380953 0.19999999999999998
0 0.6416666666666667 0.36428571428571427 0.026190476190476195 0.15714285714285714
0 0.7535714285714287 0.5571428571428572 0.05476190476190477 0.5428571428571428
0 0.7392857142857143 0.40714285714285714 0.01666666666666667 0.09999999999999999
0 0.9357142857142858 0.7214285714285714 0.014285714285714287 0.12857142857142856
0 0.511904761904762 0.9071428571428571 0.01904761904761905 0.07142857142857142
0 0.6023809523809525 0.5142857142857142 0.014285714285714287 0.11428571428571428
0 0.8226190476190477 0.5 0.011904761904761906 0.08571428571428572
0 0.7988095238095239 0.45714285714285713 0.011904761904761906 0.05714285714285714
0 0.9464285714285715 0.3071428571428571 0.011904761904761906 0.09999999999999999
0 0.8511904761904763 0.39999999999999997 0.011904761904761906 0.08571428571428572
0 0.6523809523809524 0.7214285714285714 0.009523809523809525 0.07142857142857142
0 0.6654761904761906 0.7785714285714286 0.0071428571428571435 0.07142857142857142
0 0.2785714285714286 0.6857142857142857 0.014285714285714287 0.11428571428571428
0 0.2142857142857143 0.7857142857142857 0.009523809523809525 0.05714285714285714
0 0.46190476190476193 0.3857142857142857 0.014285714285714287 0.08571428571428572
0 0.9761904761904763 0.16428571428571428 0.014285714285714287 0.21428571428571427
0 0.9047619047619049 0.8857142857142857 0.009523809523809525 0.08571428571428572
0 0.580952380952381 0.6357142857142857 0.014285714285714287 0.04285714285714286
0 0.2035714285714286 0.6142857142857142 0.01666666666666667 0.11428571428571428
0 0.22500000000000003 0.4357142857142857 0.011904761904761906 0.07142857142857142
0 0.22500000000000003 0.2357142857142857 0.011904761904761906 0.09999999999999999
0 0.4714285714285715 0.95 0.014285714285714287 0.07142857142857142
0 0.46666666666666673 0.6785714285714286 0.009523809523809525 0.09999999999999999
0 0.06666666666666668 0.08571428571428572 0.009523809523809525 0.05714285714285714
0 0.4404761904761905 0.12142857142857143 0.009523809523809525 0.09999999999999999
0 0.28095238095238095 0.3857142857142857 0.014285714285714287 0.14285714285714285
0 0.1761904761904762 0.7571428571428571 0.01904761904761905 0.11428571428571428
0 0.5523809523809524 0.47857142857142854 0.009523809523809525 0.04285714285714286
0 0.7333333333333334 0.15 0.01904761904761905 0.15714285714285714
0 0.9488095238095239 0.4357142857142857 0.011904761904761906 0.07142857142857142
0 0.3535714285714286 0.16428571428571428 0.02142857142857143 0.07142857142857142
0 0.03571428571428572 0.6785714285714286 0.009523809523809525 0.04285714285714286
0 0.15714285714285717 0.09285714285714286 0.009523809523809525 0.07142857142857142
1 0.1285714285714286 0.6142857142857142 0.0761904761904762 0.5428571428571428
1 0.11547619047619048 0.25 0.030952380952380953 0.18571428571428572
1 0.37142857142857144 0.6285714285714286 0.16666666666666669 0.7142857142857143
1 0.5583333333333333 0.8428571428571429 0.03571428571428572 0.2857142857142857
1 0.7785714285714287 0.8428571428571429 0.028571428571428574 0.22857142857142856
0 0.8357142857142857 0.32857142857142857 0.014285714285714287 0.05714285714285714
0 0.9535714285714286 0.6142857142857142 0.011904761904761906 0.08571428571428572
0 0.9059523809523811 0.7714285714285714 0.011904761904761906 0.05714285714285714
0 0.9833333333333334 0.7071428571428571 0.014285714285714287 0.07142857142857142
0 0.8654761904761905 0.6142857142857142 0.01666666666666667 0.11428571428571428
0 0.6452380952380953 0.5928571428571429 0.014285714285714287 0.07142857142857142
0 0.07976190476190477 0.5714285714285714 0.0071428571428571435 0.05714285714285714
0 0.0761904761904762 0.9428571428571428 0.009523809523809525 0.08571428571428572
0 0.09047619047619049 0.2714285714285714 0.014285714285714287 0.08571428571428572
0 0.010714285714285714 0.8785714285714286 0.011904761904761906 0.07142857142857142
0 0.31309523809523815 0.21428571428571427 0.011904761904761906 0.05714285714285714
0 0.21309523809523812 0.12857142857142856 0.0071428571428571435 0.05714285714285714
0 0.9154761904761906 0.45 0.01666666666666667 0.07142857142857142
0 0.6345238095238096 0.15 0.01666666666666667 0.09999999999999999
0 0.7940476190476191 0.1357142857142857 0.01666666666666667 0.09999999999999999
0 0.7857142857142858 0.24285714285714285 0.009523809523809525 0.05714285714285714
0 0.6666666666666667 0.3 0.014285714285714287 0.05714285714285714
0 0.255952380952381 0.39999999999999997 0.01666666666666667 0.05714285714285714
0 0.05238095238095239 0.4857142857142857 0.014285714285714287 0.05714285714285714
