0 0.11071428571428572 0.17142857142857143 0.01666666666666667 0.05714285714285714
0 0.3523809523809524 0.12857142857142856 0.014285714285714287 0.05714285714285714
0 0.38571428571428573 0.3071428571428571 0.014285714285714287 0.04285714285714286
0 0.4892857142857143 0.39285714285714285 0.01666666666666667 0.07142857142857142
0 0.7166666666666668 0.5 0.02380952380952381 0.2571428571428571
0 0.9476190476190477 0.4714285714285714 0.01904761904761905 0.08571428571428572
0 0.2404761904761905 0.5214285714285715 0.02380952380952381 0.07142857142857142
0 0.3821428571428572 0.5 0.01666666666666667 0.08571428571428572
0 0.48809523809523814 0.6357142857142857 0.014285714285714287 0.09999999999999999
0 0.4190476190476191 0.6357142857142857 0.02380952380952381 0.07142857142857142
0 0.18214285714285716 0.7928571428571428 0.01666666666666667 0.07142857142857142
0 0.16904761904761906 0.06428571428571428 0.014285714285714287 0.07142857142857142
0 0.5261904761904762 0.6071428571428571 0.014285714285714287 0.04285714285714286
0 0.7880952380952382 0.18571428571428572 0.014285714285714287 0.08571428571428572
0 0.8095238095238096 0.35 0.014285714285714287 0.07142857142857142
0 0.3797619047619048 0.15714285714285714 0.02142857142857143 0.11428571428571428
0 0.22500000000000003 0.6357142857142857 0.026190476190476195 0.07142857142857142
0 0.014285714285714287 0.8785714285714286 0.014285714285714287 0.07142857142857142
0 0.030952380952380953 0.39285714285714285 0.01904761904761905 0.2714285714285714
0 0.2 0.1357142857142857 0.01904761904761905 0.07142857142857142
0 0.8107142857142858 0.6214285714285714 0.01666666666666667 0.04285714285714286
0 0.6142857142857143 0.5785714285714285 0.03333333333333334 0.07142857142857142
0 0.37023809523809526 0.7571428571428571 0.026190476190476195 0.05714285714285714
0 0.08571428571428572 0.2571428571428571 0.01904761904761905 0.14285714285714285
0 0.5797619047619048 0.25 0.011904761904761906 0.07142857142857142
0 0.4690476190476191 0.6785714285714286 0.014285714285714287 0.09999999999999999
0 0.636904761904762 0.7785714285714286 0.01666666666666667 0.15714285714285714
0 0.6214285714285714 0.9357142857142857 0.028571428571428574 0.09999999999999999
0 0.44761904761904764 0.9285714285714285 0.028571428571428574 0.08571428571428572
0 0.9142857142857144 0.35 0.0380952380952381 0.15714285714285714
0 0.31428571428571433 0.07857142857142857 0.014285714285714287 0.07142857142857142
