0 0.9642857142857144 0.8142857142857143 0.01904761904761905 0.11428571428571428
0 0.9583333333333334 0.6785714285714286 0.01666666666666667 0.09999999999999999
0 0.9892857142857143 0.3142857142857143 0.01666666666666667 0.17142857142857143
0 0.7797619047619049 0.6 0.030952380952380953 0.11428571428571428
0 0.6833333333333333 0.9285714285714285 0.02380952380952381 0.11428571428571428
0 0.8226190476190477 0.5071428571428571 0.030952380952380953 0.21428571428571427
0 0.8452380952380953 0.7928571428571428 0.02380952380952381 0.18571428571428572
0 0.9404761904761906 0.46428571428571425 0.01904761904761905 0.09999999999999999
0 0.9452380952380953 0.3357142857142857 0.02380952380952381 0.12857142857142856
0 0.7535714285714287 0.8857142857142857 0.02142857142857143 0.14285714285714285
0 0.8654761904761905 0.44285714285714284 0.02142857142857143 0.14285714285714285
0 0.7809523809523811 0.34285714285714286 0.014285714285714287 0.11428571428571428
0 0.7678571428571429 0.19285714285714284 0.02142857142857143 0.15714285714285714
0 0.8726190476190477 0.21428571428571427 0.04047619047619048 0.11428571428571428
0 0.8500000000000001 0.06428571428571428 0.02380952380952381 0.12857142857142856
0 0.6261904761904763 0.8785714285714286 0.028571428571428574 0.21428571428571427
0 0.6023809523809525 0.9428571428571428 0.014285714285714287 0.08571428571428572
0 0.5190476190476191 0.7214285714285714 0.03333333333333334 0.24285714285714285
0 0.5750000000000001 0.7285714285714285 0.01666666666666667 0.11428571428571428
0 0.42500000000000004 0.7928571428571428 0.01666666666666667 0.09999999999999999
0 0.4690476190476191 0.24285714285714285 0.01904761904761905 0.11428571428571428
0 0.3940476190476191 0.2857142857142857 0.02142857142857143 0.14285714285714285
0 0.011904761904761906 0.6714285714285714 0.02380952380952381 0.17142857142857143
0 0.5595238095238095 0.45714285714285713 0.03333333333333334 0.11428571428571428
0 0.7250000000000001 0.14285714285714285 0.02142857142857143 0.08571428571428572
0 0.6988095238095239 0.7214285714285714 0.026190476190476195 0.12857142857142856
0 0.1904761904761905 0.5857142857142857 0.03333333333333334 0.17142857142857143
0 0.37619047619047624 0.6214285714285714 0.02380952380952381 0.09999999999999999
0 0.4630952380952381 0.05714285714285714 0.02142857142857143 0.11428571428571428
0 0.48809523809523814 0.7999999999999999 0.02380952380952381 0.08571428571428572
0 0.26071428571428573 0.8714285714285714 0.02142857142857143 0.08571428571428572
0 0.34285714285714286 0.5928571428571429 0.014285714285714287 0.07142857142857142
0 0.11071428571428572 0.3071428571428571 0.01666666666666667 0.12857142857142856
0 0.19880952380952382 0.16428571428571428 0.026190476190476195 0.09999999999999999
0 0.5404761904761906 0.22857142857142856 0.028571428571428574 0.17142857142857143
0 0.6583333333333334 0.42857142857142855 0.026190476190476195 0.11428571428571428
0 0.3464285714285715 0.45 0.01666666666666667 0.12857142857142856
0 0.4190476190476191 0.12857142857142856 0.01904761904761905 0.08571428571428572
0 0.3928571428571429 0.06428571428571428 0.02380952380952381 0.12857142857142856
0 0.125 0.08571428571428572 0.01666666666666667 0.17142857142857143
0 0.048809523809523817 0.9214285714285714 0.01666666666666667 0.09999999999999999
0 0.029761904761904764 0.24285714285714285 0.026190476190476195 0.11428571428571428
