0 0.1273809523809524 0.7 0.02142857142857143 0.22857142857142856
0 0.1273809523809524 0.9214285714285714 0.03571428571428572 0.12857142857142856
0 0.1773809523809524 0.35 0.04047619047619048 0.24285714285714285
0 0.28452380952380957 0.19999999999999998 0.02142857142857143 0.17142857142857143
0 0.3047619047619048 0.32857142857142857 0.028571428571428574 0.14285714285714285
0 0.3190476190476191 0.7142857142857143 0.0380952380952381 0.2571428571428571
0 0.0642857142857143 0.05714285714285714 0.03333333333333334 0.11428571428571428
0 0.14761904761904762 0.07142857142857142 0.0380952380952381 0.14285714285714285
0 0.5190476190476191 0.6857142857142857 0.04761904761904762 0.17142857142857143
0 0.555952380952381 0.21428571428571427 0.05 0.17142857142857143
0 0.5714285714285715 0.7571428571428571 0.028571428571428574 0.14285714285714285
0 0.6261904761904763 0.7071428571428571 0.01904761904761905 0.18571428571428572
0 0.6392857142857143 0.36428571428571427 0.05 0.21428571428571427
0 0.7690476190476191 0.6428571428571428 0.03333333333333334 0.11428571428571428
0 0.7857142857142858 0.19285714285714284 0.028571428571428574 0.15714285714285714
0 0.8261904761904763 0.07857142857142857 0.03333333333333334 0.15714285714285714
0 0.8130952380952382 0.35 0.026190476190476195 0.15714285714285714
0 0.9238095238095239 0.07857142857142857 0.02380952380952381 0.15714285714285714
0 0.9476190476190477 0.9357142857142857 0.03333333333333334 0.09999999999999999
0 0.8130952380952382 0.6928571428571428 0.026190476190476195 0.21428571428571427
