0 0.9464285714285715 0.5642857142857143 0.02142857142857143 0.09999999999999999
0 0.7904761904761906 0.7785714285714286 0.009523809523809525 0.04285714285714286
0 0.8773809523809525 0.6571428571428571 0.011904761904761906 0.05714285714285714
0 0.8476190476190477 0.3857142857142857 0.01904761904761905 0.05714285714285714
0 0.880952380952381 0.3857142857142857 0.014285714285714287 0.19999999999999998
0 0.9214285714285715 0.12142857142857143 0.009523809523809525 0.04285714285714286
0 0.8916666666666667 0.08571428571428572 0.01666666666666667 0.05714285714285714
0 0.7904761904761906 0.22142857142857142 0.014285714285714287 0.07142857142857142
0 0.8107142857142858 0.09285714285714286 0.011904761904761906 0.07142857142857142
0 0.8857142857142858 0.5642857142857143 0.009523809523809525 0.09999999999999999
0 0.9797619047619048 0.5571428571428572 0.01666666666666667 0.05714285714285714
0 0.9630952380952382 0.6428571428571428 0.011904761904761906 0.05714285714285714
0 0.7714285714285715 0.45 0.014285714285714287 0.07142857142857142
0 0.7154761904761905 0.39999999999999997 0.01666666666666667 0.05714285714285714
0 0.692857142857143 0.2357142857142857 0.01904761904761905 0.07142857142857142
0 0.6654761904761906 0.1357142857142857 0.011904761904761906 0.07142857142857142
0 0.5833333333333334 0.6214285714285714 0.01904761904761905 0.04285714285714286
0 0.5416666666666667 0.7285714285714285 0.011904761904761906 0.05714285714285714
0 0.43214285714285716 0.8785714285714286 0.01666666666666667 0.04285714285714286
0 0.4345238095238096 0.6642857142857143 0.011904761904761906 0.04285714285714286
0 0.5214285714285715 0.40714285714285714 0.01904761904761905 0.09999999999999999
0 0.4535714285714286 0.37142857142857144 0.01666666666666667 0.05714285714285714
0 0.3928571428571429 0.8357142857142857 0.014285714285714287 0.04285714285714286
0 0.33571428571428574 0.6428571428571428 0.028571428571428574 0.05714285714285714
0 0.45119047619047625 0.18571428571428572 0.01666666666666667 0.05714285714285714
0 0.5821428571428572 0.7357142857142857 0.02142857142857143 0.04285714285714286
0 0.5583333333333333 0.8428571428571429 0.01666666666666667 0.08571428571428572
0 0.6011904761904763 0.21428571428571427 0.02142857142857143 0.05714285714285714
0 0.5892857142857143 0.07142857142857142 0.011904761904761906 0.08571428571428572
0 0.2273809523809524 0.4714285714285714 0.02142857142857143 0.05714285714285714
0 0.09880952380952382 0.5714285714285714 0.01666666666666667 0.05714285714285714
0 0.002380952380952381 0.7357142857142857 0.004761904761904762 0.07142857142857142
0 0.125 0.46428571428571425 0.026190476190476195 0.07142857142857142
0 0.16904761904761906 0.44285714285714284 0.014285714285714287 0.05714285714285714
0 0.20476190476190478 0.6857142857142857 0.01904761904761905 0.05714285714285714
0 0.15595238095238095 0.8071428571428572 0.02142857142857143 0.07142857142857142
0 0.33333333333333337 0.2357142857142857 0.028571428571428574 0.09999999999999999
0 0.28095238095238095 0.10714285714285714 0.01904761904761905 0.07142857142857142
0 0.051190476190476196 0.2642857142857143 0.011904761904761906 0.04285714285714286
0 0.536904761904762 0.5357142857142857 0.011904761904761906 0.07142857142857142
0 0.6464285714285715 0.3214285714285714 0.026190476190476195 0.07142857142857142
0 0.7511904761904763 0.15714285714285714 0.030952380952380953 0.05714285714285714
0 0.6333333333333334 0.42142857142857143 0.014285714285714287 0.07142857142857142
0 0.6416666666666667 0.6357142857142857 0.01666666666666667 0.07142857142857142
0 0.5976190476190477 0.46428571428571425 0.02380952380952381 0.07142857142857142
0 0.2380952380952381 0.6357142857142857 0.02380952380952381 0.07142857142857142
