0 0.9773809523809525 0.5571428571428572 0.02142857142857143 0.14285714285714285
0 0.8880952380952382 0.7428571428571429 0.02380952380952381 0.08571428571428572
0 0.21309523809523812 0.5928571428571429 0.03571428571428572 0.15714285714285714
0 0.5035714285714287 0.6285714285714286 0.01666666666666667 0.05714285714285714
0 0.07500000000000001 0.95 0.011904761904761906 0.07142857142857142
0 0.1523809523809524 0.8714285714285714 0.014285714285714287 0.11428571428571428
0 0.21309523809523812 0.17142857142857143 0.011904761904761906 0.11428571428571428
0 0.3166666666666667 0.22142857142857142 0.014285714285714287 0.07142857142857142
0 0.7976190476190477 0.8357142857142857 0.02380952380952381 0.07142857142857142
0 0.7940476190476191 0.17142857142857143 0.01666666666666667 0.14285714285714285
0 0.4083333333333334 0.17142857142857143 0.011904761904761906 0.11428571428571428
0 0.10952380952380954 0.65 0.02380952380952381 0.18571428571428572
