0 0.06666666666666668 0.7285714285714285 0.01904761904761905 0.05714285714285714
0 0.1642857142857143 0.9428571428571428 0.014285714285714287 0.05714285714285714
0 0.7488095238095239 0.45714285714285713 0.0071428571428571435 0.02857142857142857
0 0.9654761904761906 0.02142857142857143 0.01666666666666667 0.04285714285714286
0 0.8880952380952382 0.8214285714285714 0.004761904761904762 0.04285714285714286
0 0.036904761904761905 0.8428571428571429 0.011904761904761906 0.02857142857142857
0 0.4345238095238096 0.39285714285714285 0.0071428571428571435 0.04285714285714286
0 0.22261904761904763 0.46428571428571425 0.011904761904761906 0.04285714285714286
0 0.7880952380952382 0.8642857142857142 0.014285714285714287 0.04285714285714286
0 0.034523809523809526 0.03571428571428571 0.0071428571428571435 0.07142857142857142
0 0.44642857142857145 0.4928571428571428 0.0071428571428571435 0.04285714285714286
