0 0.8345238095238096 0.5785714285714285 0.01666666666666667 0.07142857142857142
0 0.7380952380952381 0.29285714285714287 0.014285714285714287 0.09999999999999999
0 0.6761904761904762 0.5428571428571428 0.028571428571428574 0.17142857142857143
0 0.4357142857142858 0.3357142857142857 0.01904761904761905 0.12857142857142856
0 0.32142857142857145 0.2857142857142857 0.014285714285714287 0.05714285714285714
0 0.12023809523809526 0.44285714285714284 0.01666666666666667 0.08571428571428572
0 0.013095238095238097 0.2714285714285714 0.011904761904761906 0.08571428571428572
0 0.21071428571428574 0.22142857142857142 0.01666666666666667 0.09999999999999999
0 0.35595238095238096 0.9214285714285714 0.011904761904761906 0.07142857142857142
0 0.4404761904761905 0.5499999999999999 0.014285714285714287 0.07142857142857142
0 0.980952380952381 0.44285714285714284 0.014285714285714287 0.08571428571428572
0 0.6416666666666667 0.6214285714285714 0.011904761904761906 0.07142857142857142
0 0.17857142857142858 0.5285714285714286 0.028571428571428574 0.08571428571428572
0 0.46547619047619054 0.02857142857142857 0.01666666666666667 0.05714285714285714
0 0.2619047619047619 0.75 0.01904761904761905 0.07142857142857142
0 0.14880952380952384 0.6714285714285714 0.02142857142857143 0.08571428571428572
0 0.405952380952381 0.15 0.01666666666666667 0.07142857142857142
0 0.5785714285714286 0.25 0.014285714285714287 0.07142857142857142
0 0.8261904761904763 0.32857142857142857 0.01904761904761905 0.05714285714285714
0 0.9214285714285715 0.42142857142857143 0.01904761904761905 0.07142857142857142
0 0.4714285714285715 0.95 0.014285714285714287 0.07142857142857142
0 0.6238095238095238 0.7428571428571429 0.01904761904761905 0.08571428571428572
0 0.5869047619047619 0.6071428571428571 0.01666666666666667 0.09999999999999999
0 0.030952380952380953 0.7999999999999999 0.01904761904761905 0.08571428571428572
0 0.6785714285714286 0.20714285714285713 0.028571428571428574 0.07142857142857142
0 0.6476190476190476 0.39999999999999997 0.0380952380952381 0.22857142857142856
