0 0.5547619047619048 0.3142857142857143 0.0380952380952381 0.08571428571428572
0 0.6964285714285715 0.5142857142857142 0.026190476190476195 0.05714285714285714
0 0.08928571428571429 0.6642857142857143 0.02142857142857143 0.07142857142857142
0 0.39642857142857146 0.41428571428571426 0.05476190476190477 0.11428571428571428
0 0.18809523809523812 0.12142857142857143 0.02380952380952381 0.09999999999999999
0 0.1892857142857143 0.47857142857142854 0.026190476190476195 0.09999999999999999
0 0.24404761904761907 0.8428571428571429 0.011904761904761906 0.05714285714285714
0 0.1892857142857143 0.6928571428571428 0.01666666666666667 0.09999999999999999
0 0.2761904761904762 0.47857142857142854 0.01904761904761905 0.07142857142857142
0 0.3392857142857143 0.4357142857142857 0.01666666666666667 0.07142857142857142
0 0.4976190476190477 0.9071428571428571 0.014285714285714287 0.09999999999999999
0 0.4011904761904762 0.22857142857142856 0.026190476190476195 0.08571428571428572
0 0.7833333333333334 0.16428571428571428 0.014285714285714287 0.07142857142857142
0 0.7666666666666667 0.12857142857142856 0.014285714285714287 0.08571428571428572
0 0.8380952380952382 0.02857142857142857 0.014285714285714287 0.05714285714285714
0 0.9630952380952382 0.7714285714285714 0.01666666666666667 0.11428571428571428
0 0.49404761904761907 0.07857142857142857 0.01666666666666667 0.07142857142857142
0 0.48809523809523814 0.15714285714285714 0.01904761904761905 0.05714285714285714
0 0.46547619047619054 0.34285714285714286 0.04047619047619048 0.11428571428571428
0 0.07023809523809524 0.22142857142857142 0.02142857142857143 0.12857142857142856
0 0.8833333333333334 0.6071428571428571 0.01904761904761905 0.07142857142857142
0 0.967857142857143 0.41428571428571426 0.01666666666666667 0.08571428571428572
0 0.6071428571428572 0.2642857142857143 0.014285714285714287 0.07142857142857142
0 0.7250000000000001 0.8714285714285714 0.011904761904761906 0.08571428571428572
0 0.2666666666666667 0.8928571428571428 0.01904761904761905 0.07142857142857142
0 0.5607142857142857 0.8285714285714285 0.01666666666666667 0.05714285714285714
0 0.7535714285714287 0.5428571428571428 0.026190476190476195 0.05714285714285714
0 0.8369047619047619 0.2857142857142857 0.01666666666666667 0.08571428571428572
0 0.6202380952380953 0.10714285714285714 0.01666666666666667 0.07142857142857142
0 0.1 0.09285714285714286 0.02380952380952381 0.04285714285714286
0 0.008333333333333335 0.3 0.01666666666666667 0.08571428571428572
0 0.9345238095238096 0.7142857142857143 0.02142857142857143 0.11428571428571428
