0 0.6285714285714287 0.8642857142857142 0.01904761904761905 0.09999999999999999
0 0.04642857142857143 0.8714285714285714 0.02142857142857143 0.05714285714285714
0 0.05476190476190477 0.6428571428571428 0.014285714285714287 0.08571428571428572
0 0.1380952380952381 0.07857142857142857 0.014285714285714287 0.09999999999999999
0 0.18690476190476193 0.32857142857142857 0.01666666666666667 0.08571428571428572
0 0.1773809523809524 0.5285714285714286 0.01666666666666667 0.08571428571428572
0 0.430952380952381 0.29285714285714287 0.01904761904761905 0.07142857142857142
0 0.405952380952381 0.06428571428571428 0.011904761904761906 0.07142857142857142
0 0.35714285714285715 0.014285714285714285 0.01904761904761905 0.02857142857142857
0 0.5273809523809524 0.7571428571428571 0.02142857142857143 0.05714285714285714
0 0.5785714285714286 0.2357142857142857 0.014285714285714287 0.07142857142857142
0 0.7678571428571429 0.6428571428571428 0.01666666666666667 0.08571428571428572
0 0.7904761904761906 0.17857142857142858 0.01904761904761905 0.09999999999999999
0 0.8976190476190476 0.5714285714285714 0.014285714285714287 0.14285714285714285
0 0.9404761904761906 0.22857142857142856 0.0380952380952381 0.08571428571428572
0 0.4071428571428572 0.42857142857142855 0.014285714285714287 0.08571428571428572
0 0.09404761904761906 0.22857142857142856 0.01666666666666667 0.08571428571428572
0 0.3785714285714286 0.5285714285714286 0.02380952380952381 0.08571428571428572
0 0.2011904761904762 0.18571428571428572 0.026190476190476195 0.05714285714285714
