0 0.3523809523809524 0.35714285714285715 0.014285714285714287 0.11428571428571428
1 0.17261904761904764 0.21428571428571427 0.03571428571428572 0.22857142857142856
0 0.004761904761904762 0.3071428571428571 0.009523809523809525 0.07142857142857142
0 0.24404761904761907 0.6285714285714286 0.02142857142857143 0.05714285714285714
0 0.37142857142857144 0.5785714285714285 0.02380952380952381 0.07142857142857142
0 0.39880952380952384 0.09285714285714286 0.02142857142857143 0.09999999999999999
0 0.46666666666666673 0.3 0.014285714285714287 0.05714285714285714
0 0.4273809523809524 0.3857142857142857 0.01666666666666667 0.05714285714285714
0 0.11190476190476191 0.2857142857142857 0.014285714285714287 0.05714285714285714
0 0.5095238095238096 0.8642857142857142 0.01904761904761905 0.07142857142857142
0 0.5773809523809524 0.2357142857142857 0.01666666666666667 0.07142857142857142
0 0.6976190476190477 0.14285714285714285 0.014285714285714287 0.05714285714285714
0 0.8083333333333335 0.7142857142857143 0.01666666666666667 0.08571428571428572
0 0.6714285714285715 0.3142857142857143 0.009523809523809525 0.11428571428571428
0 0.9095238095238096 0.8357142857142857 0.01904761904761905 0.12857142857142856
0 0.6559523809523811 0.5 0.01666666666666667 0.05714285714285714
0 0.4702380952380953 0.8857142857142857 0.02142857142857143 0.14285714285714285
0 0.4035714285714286 0.8642857142857142 0.026190476190476195 0.07142857142857142
0 0.755952380952381 0.4714285714285714 0.026190476190476195 0.08571428571428572
0 0.9071428571428573 0.5 0.02380952380952381 0.05714285714285714
0 0.811904761904762 0.8357142857142857 0.01904761904761905 0.07142857142857142
0 0.5333333333333334 0.7357142857142857 0.02380952380952381 0.04285714285714286
0 0.5464285714285715 0.6714285714285714 0.02142857142857143 0.05714285714285714
