0 0.02142857142857143 0.5142857142857142 0.014285714285714287 0.08571428571428572
0 0.05476190476190477 0.65 0.03333333333333334 0.12857142857142856
0 0.11785714285714287 0.19285714285714284 0.01666666666666667 0.09999999999999999
0 0.20476190476190478 0.17142857142857143 0.01904761904761905 0.11428571428571428
0 0.3511904761904762 0.19999999999999998 0.01666666666666667 0.11428571428571428
0 0.42500000000000004 0.6214285714285714 0.01666666666666667 0.12857142857142856
0 0.4904761904761905 0.5142857142857142 0.02380952380952381 0.11428571428571428
0 0.5821428571428572 0.5142857142857142 0.01666666666666667 0.08571428571428572
0 0.7988095238095239 0.2357142857142857 0.011904761904761906 0.12857142857142856
0 0.7821428571428573 0.3214285714285714 0.011904761904761906 0.09999999999999999
0 0.6178571428571429 0.37142857142857144 0.011904761904761906 0.14285714285714285
0 0.555952380952381 0.05714285714285714 0.01666666666666667 0.08571428571428572
0 0.4904761904761905 0.07142857142857142 0.02380952380952381 0.11428571428571428
0 0.6011904761904763 0.75 0.02142857142857143 0.09999999999999999
0 0.11309523809523811 0.9571428571428571 0.02142857142857143 0.05714285714285714
0 0.17023809523809524 0.4928571428571428 0.02142857142857143 0.07142857142857142
0 0.12142857142857144 0.6 0.01904761904761905 0.11428571428571428
0 0.1523809523809524 0.65 0.01904761904761905 0.09999999999999999
0 0.08095238095238096 0.5285714285714286 0.014285714285714287 0.05714285714285714
0 0.05 0.37857142857142856 0.014285714285714287 0.07142857142857142
0 0.17261904761904764 0.7999999999999999 0.011904761904761906 0.08571428571428572
0 0.9273809523809524 0.8714285714285714 0.02142857142857143 0.17142857142857143
0 0.8476190476190477 0.19999999999999998 0.014285714285714287 0.08571428571428572
0 0.6738095238095239 0.02857142857142857 0.014285714285714287 0.05714285714285714
0 0.7011904761904763 0.02857142857142857 0.02142857142857143 0.05714285714285714
0 0.9023809523809525 0.35714285714285715 0.014285714285714287 0.08571428571428572
0 0.8166666666666668 0.07142857142857142 0.014285714285714287 0.08571428571428572
0 0.3880952380952381 0.9571428571428571 0.014285714285714287 0.05714285714285714
0 0.8773809523809525 0.15714285714285714 0.01666666666666667 0.11428571428571428
0 0.9000000000000001 0.8785714285714286 0.014285714285714287 0.09999999999999999
0 0.9238095238095239 0.2857142857142857 0.014285714285714287 0.11428571428571428
0 0.9273809523809524 0.5285714285714286 0.011904761904761906 0.08571428571428572
0 0.9666666666666668 0.42857142857142855 0.02380952380952381 0.11428571428571428
0 0.3404761904761905 0.6214285714285714 0.014285714285714287 0.07142857142857142
0 0.3547619047619048 0.6714285714285714 0.014285714285714287 0.05714285714285714
0 0.39642857142857146 0.5428571428571428 0.01666666666666667 0.08571428571428572
0 0.9714285714285715 0.24285714285714285 0.009523809523809525 0.08571428571428572
0 0.9892857142857143 0.3 0.011904761904761906 0.14285714285714285
0 0.8345238095238096 0.3 0.02142857142857143 0.08571428571428572
0 0.8226190476190477 0.6428571428571428 0.011904761904761906 0.08571428571428572
0 0.8095238095238096 0.47857142857142854 0.014285714285714287 0.07142857142857142
0 0.7226190476190477 0.45 0.011904761904761906 0.07142857142857142
0 0.20595238095238097 0.6285714285714286 0.011904761904761906 0.11428571428571428
0 0.3797619047619048 0.014285714285714285 0.011904761904761906 0.02857142857142857
0 0.32142857142857145 0.12857142857142856 0.009523809523809525 0.05714285714285714
0 0.9440476190476191 0.04285714285714286 0.011904761904761906 0.08571428571428572
0 0.8940476190476191 0.47857142857142854 0.02142857142857143 0.15714285714285714
0 0.04047619047619048 0.8428571428571429 0.02380952380952381 0.08571428571428572
0 0.5202380952380953 0.85 0.011904761904761906 0.07142857142857142
0 0.8107142857142858 0.9357142857142857 0.01666666666666667 0.09999999999999999
0 0.2535714285714286 0.6642857142857143 0.011904761904761906 0.07142857142857142
0 0.21309523809523812 0.7999999999999999 0.011904761904761906 0.08571428571428572
