0 0.9238095238095239 0.2571428571428571 0.014285714285714287 0.08571428571428572
0 0.5416666666666667 0.9214285714285714 0.011904761904761906 0.12857142857142856
0 0.03333333333333334 0.36428571428571427 0.014285714285714287 0.07142857142857142
0 0.05238095238095239 0.2714285714285714 0.02380952380952381 0.05714285714285714
0 0.05833333333333334 0.07857142857142857 0.02142857142857143 0.09999999999999999
0 0.14047619047619048 0.14285714285714285 0.014285714285714287 0.08571428571428572
0 0.09166666666666667 0.39285714285714285 0.01666666666666667 0.12857142857142856
0 0.14523809523809525 0.6357142857142857 0.014285714285714287 0.07142857142857142
0 0.6011904761904763 0.4714285714285714 0.026190476190476195 0.17142857142857143
0 0.6297619047619049 0.34285714285714286 0.02142857142857143 0.05714285714285714
0 0.8202380952380953 0.9642857142857143 0.026190476190476195 0.04285714285714286
0 0.9845238095238096 0.17857142857142858 0.02142857142857143 0.09999999999999999
0 0.5773809523809524 0.22142857142857142 0.01666666666666667 0.09999999999999999
0 0.6011904761904763 0.7142857142857143 0.026190476190476195 0.05714285714285714
0 0.3511904761904762 0.95 0.026190476190476195 0.04285714285714286
