0 0.3797619047619048 0.29285714285714287 0.030952380952380953 0.15714285714285714
0 0.4761904761904762 0.2857142857142857 0.01904761904761905 0.14285714285714285
0 0.19880952380952382 0.39285714285714285 0.01666666666666667 0.07142857142857142
0 0.505952380952381 0.7714285714285714 0.02142857142857143 0.11428571428571428
0 0.5869047619047619 0.17142857142857143 0.02142857142857143 0.11428571428571428
0 0.5797619047619048 0.3071428571428571 0.026190476190476195 0.12857142857142856
0 0.8154761904761906 0.46428571428571425 0.026190476190476195 0.18571428571428572
0 0.8785714285714287 0.6357142857142857 0.028571428571428574 0.21428571428571427
0 0.9190476190476191 0.9571428571428571 0.028571428571428574 0.05714285714285714
0 0.7773809523809525 0.7642857142857142 0.02142857142857143 0.12857142857142856
0 0.3380952380952381 0.7928571428571428 0.014285714285714287 0.09999999999999999
0 0.4821428571428572 0.10714285714285714 0.01666666666666667 0.12857142857142856
