0 0.5202380952380953 0.049999999999999996 0.03571428571428572 0.09999999999999999
0 0.6583333333333334 0.40714285714285714 0.02142857142857143 0.18571428571428572
0 0.8964285714285715 0.3 0.03571428571428572 0.14285714285714285
0 0.9416666666666668 0.03571428571428571 0.030952380952380953 0.07142857142857142
0 0.7880952380952382 0.6357142857142857 0.02380952380952381 0.12857142857142856
0 0.6440476190476191 0.9 0.02142857142857143 0.14285714285714285
0 0.5464285714285715 0.5499999999999999 0.02142857142857143 0.09999999999999999
0 0.43690476190476196 0.5928571428571429 0.02142857142857143 0.15714285714285714
0 0.43214285714285716 0.3214285714285714 0.02142857142857143 0.21428571428571427
0 0.36904761904761907 0.8357142857142857 0.028571428571428574 0.18571428571428572
0 0.07857142857142858 0.5 0.03333333333333334 0.17142857142857143
