0 0.430952380952381 0.32857142857142857 0.02380952380952381 0.11428571428571428
0 0.2761904761904762 0.12142857142857143 0.01904761904761905 0.09999999999999999
0 0.255952380952381 0.37142857142857144 0.01666666666666667 0.05714285714285714
0 0.12619047619047621 0.8142857142857143 0.014285714285714287 0.11428571428571428
0 0.10714285714285715 0.5428571428571428 0.01904761904761905 0.05714285714285714
0 0.013095238095238097 0.8357142857142857 0.011904761904761906 0.07142857142857142
0 0.06190476190476191 0.7142857142857143 0.01904761904761905 0.05714285714285714
0 0.1773809523809524 0.18571428571428572 0.01666666666666667 0.05714285714285714
0 0.35000000000000003 0.37142857142857144 0.014285714285714287 0.08571428571428572
0 0.4011904761904762 0.35 0.01666666666666667 0.07142857142857142
0 0.42619047619047623 0.5642857142857143 0.014285714285714287 0.09999999999999999
0 0.31309523809523815 0.5071428571428571 0.026190476190476195 0.07142857142857142
0 0.4916666666666667 0.18571428571428572 0.01666666666666667 0.08571428571428572
0 0.5785714285714286 0.25 0.014285714285714287 0.09999999999999999
0 0.8071428571428572 0.40714285714285714 0.01904761904761905 0.09999999999999999
0 0.9059523809523811 0.4928571428571428 0.01666666666666667 0.07142857142857142
0 0.7095238095238096 0.6214285714285714 0.009523809523809525 0.07142857142857142
0 0.8690476190476192 0.3357142857142857 0.028571428571428574 0.07142857142857142
0 0.9285714285714286 0.4857142857142857 0.014285714285714287 0.08571428571428572
0 0.65 0.41428571428571426 0.04285714285714286 0.14285714285714285
