0 0.22142857142857145 0.7428571428571429 0.04285714285714286 0.19999999999999998
0 0.3595238095238096 0.19285714285714284 0.01904761904761905 0.15714285714285714
0 0.5083333333333334 0.17142857142857143 0.02142857142857143 0.14285714285714285
0 0.4904761904761905 0.09285714285714286 0.014285714285714287 0.09999999999999999
0 0.32261904761904764 0.8785714285714286 0.03571428571428572 0.21428571428571427
0 0.7488095238095239 0.6571428571428571 0.01666666666666667 0.11428571428571428
0 0.5845238095238096 0.3357142857142857 0.01666666666666667 0.09999999999999999
0 0.6083333333333334 0.7857142857142857 0.026190476190476195 0.08571428571428572
0 0.6071428571428572 0.9214285714285714 0.028571428571428574 0.12857142857142856
0 0.6702380952380953 0.4357142857142857 0.01666666666666667 0.09999999999999999
0 0.9059523809523811 0.3214285714285714 0.01666666666666667 0.15714285714285714
0 0.8595238095238096 0.42857142857142855 0.014285714285714287 0.11428571428571428
0 0.8476190476190477 0.95 0.01904761904761905 0.07142857142857142
0 0.6285714285714287 0.2714285714285714 0.014285714285714287 0.08571428571428572
0 0.3678571428571429 0.8928571428571428 0.02142857142857143 0.15714285714285714
0 0.525 0.9285714285714285 0.01666666666666667 0.11428571428571428
0 0.1523809523809524 0.5071428571428571 0.028571428571428574 0.15714285714285714
0 0.1511904761904762 0.34285714285714286 0.04047619047619048 0.11428571428571428
0 0.14285714285714288 0.9357142857142857 0.02380952380952381 0.09999999999999999
0 0.3547619047619048 0.45714285714285713 0.02380952380952381 0.14285714285714285
0 0.4845238095238096 0.6214285714285714 0.03571428571428572 0.12857142857142856
0 0.6000000000000001 0.04285714285714286 0.02380952380952381 0.08571428571428572
0 0.8404761904761906 0.6 0.02380952380952381 0.14285714285714285
0 0.9095238095238096 0.7285714285714285 0.02380952380952381 0.11428571428571428
0 0.6440476190476191 0.47857142857142854 0.02142857142857143 0.21428571428571427
0 0.967857142857143 0.15714285714285714 0.01666666666666667 0.11428571428571428
0 0.7023809523809524 0.5142857142857142 0.01904761904761905 0.14285714285714285
