0 0.9226190476190477 0.5642857142857143 0.03571428571428572 0.09999999999999999
0 0.7880952380952382 0.06428571428571428 0.014285714285714287 0.07142857142857142
0 0.4821428571428572 0.15 0.01666666666666667 0.07142857142857142
0 0.13452380952380955 0.65 0.01666666666666667 0.07142857142857142
0 0.33571428571428574 0.42142857142857143 0.014285714285714287 0.07142857142857142
0 0.38928571428571435 0.02142857142857143 0.01666666666666667 0.04285714285714286
0 0.7011904761904763 0.7785714285714286 0.01666666666666667 0.07142857142857142
0 0.8452380952380953 0.6785714285714286 0.014285714285714287 0.07142857142857142
0 0.8916666666666667 0.6357142857142857 0.01666666666666667 0.09999999999999999
0 0.30714285714285716 0.35 0.01904761904761905 0.09999999999999999
0 0.04166666666666667 0.8142857142857143 0.01666666666666667 0.08571428571428572
0 0.10952380952380954 0.6714285714285714 0.01904761904761905 0.08571428571428572
0 0.06547619047619048 0.3357142857142857 0.02142857142857143 0.07142857142857142
0 0.06309523809523811 0.47857142857142854 0.011904761904761906 0.07142857142857142
0 0.08333333333333334 0.2642857142857143 0.02380952380952381 0.07142857142857142
0 0.12142857142857144 0.4928571428571428 0.01904761904761905 0.07142857142857142
0 0.6416666666666667 0.20714285714285713 0.01666666666666667 0.09999999999999999
0 0.6047619047619048 0.22142857142857142 0.01904761904761905 0.07142857142857142
0 0.5773809523809524 0.25 0.011904761904761906 0.07142857142857142
0 0.786904761904762 0.45714285714285713 0.01666666666666667 0.08571428571428572
0 0.7666666666666667 0.4714285714285714 0.009523809523809525 0.08571428571428572
0 0.8726190476190477 0.12142857142857143 0.01666666666666667 0.07142857142857142
0 0.7595238095238096 0.22142857142857142 0.014285714285714287 0.12857142857142856
0 0.5833333333333334 0.5571428571428572 0.01904761904761905 0.08571428571428572
0 0.430952380952381 0.7642857142857142 0.02380952380952381 0.07142857142857142
0 0.9154761904761906 0.8785714285714286 0.02142857142857143 0.07142857142857142
0 0.9690476190476192 0.8357142857142857 0.02380952380952381 0.07142857142857142
0 0.9571428571428572 0.5214285714285715 0.01904761904761905 0.12857142857142856
0 0.14642857142857144 0.8285714285714285 0.02142857142857143 0.05714285714285714
0 0.7380952380952381 0.7214285714285714 0.02380952380952381 0.07142857142857142
0 0.5380952380952382 0.8357142857142857 0.01904761904761905 0.07142857142857142
0 0.6880952380952382 0.22142857142857142 0.0380952380952381 0.12857142857142856
