0 0.4904761904761905 0.12142857142857143 0.02380952380952381 0.09999999999999999
0 0.6345238095238096 0.2857142857142857 0.02142857142857143 0.11428571428571428
0 0.11071428571428572 0.5857142857142857 0.01666666666666667 0.08571428571428572
0 0.20952380952380956 0.24285714285714285 0.01904761904761905 0.08571428571428572
0 0.22023809523809526 0.11428571428571428 0.01666666666666667 0.08571428571428572
0 0.3166666666666667 0.44285714285714284 0.01904761904761905 0.08571428571428572
0 0.47380952380952385 0.45 0.014285714285714287 0.09999999999999999
0 0.41190476190476194 0.24285714285714285 0.01904761904761905 0.05714285714285714
0 0.42500000000000004 0.7 0.01666666666666667 0.05714285714285714
0 0.11190476190476191 0.02142857142857143 0.014285714285714287 0.04285714285714286
0 0.5797619047619048 0.25 0.011904761904761906 0.07142857142857142
0 0.6476190476190476 0.5071428571428571 0.014285714285714287 0.07142857142857142
0 0.7845238095238096 0.5785714285714285 0.01666666666666667 0.12857142857142856
0 0.755952380952381 0.5285714285714286 0.02142857142857143 0.08571428571428572
0 0.7785714285714287 0.39999999999999997 0.009523809523809525 0.08571428571428572
0 0.8821428571428572 0.3857142857142857 0.011904761904761906 0.05714285714285714
0 0.8166666666666668 0.42857142857142855 0.014285714285714287 0.08571428571428572
0 0.7142857142857143 0.7714285714285714 0.01904761904761905 0.08571428571428572
0 0.7321428571428572 0.9571428571428571 0.01666666666666667 0.05714285714285714
0 0.8321428571428572 0.7428571428571429 0.02142857142857143 0.17142857142857143
0 0.3952380952380953 0.7714285714285714 0.01904761904761905 0.11428571428571428
