0 0.13690476190476192 0.7571428571428571 0.02142857142857143 0.11428571428571428
0 0.014285714285714287 0.6071428571428571 0.028571428571428574 0.12857142857142856
0 0.15476190476190477 0.2785714285714286 0.01904761904761905 0.12857142857142856
0 0.14047619047619048 0.46428571428571425 0.014285714285714287 0.07142857142857142
0 0.5428571428571429 0.16428571428571428 0.02380952380952381 0.09999999999999999
0 0.580952380952381 0.2571428571428571 0.014285714285714287 0.08571428571428572
0 0.7511904761904763 0.6857142857142857 0.02142857142857143 0.11428571428571428
0 0.8511904761904763 0.35 0.02142857142857143 0.12857142857142856
0 0.6440476190476191 0.6071428571428571 0.01666666666666667 0.07142857142857142
0 0.0035714285714285718 0.7071428571428571 0.0071428571428571435 0.07142857142857142
0 0.580952380952381 0.5571428571428572 0.028571428571428574 0.08571428571428572
0 0.5964285714285715 0.9285714285714285 0.01666666666666667 0.08571428571428572
