0 0.03333333333333334 0.42142857142857143 0.014285714285714287 0.07142857142857142
0 0.07261904761904762 0.8428571428571429 0.026190476190476195 0.19999999999999998
0 0.11071428571428572 0.9571428571428571 0.026190476190476195 0.05714285714285714
0 0.13214285714285715 0.5928571428571429 0.011904761904761906 0.07142857142857142
0 0.18452380952380953 0.3071428571428571 0.01666666666666667 0.07142857142857142
0 0.19404761904761905 0.18571428571428572 0.011904761904761906 0.05714285714285714
0 0.19761904761904764 0.09285714285714286 0.009523809523809525 0.07142857142857142
0 0.1630952380952381 0.02857142857142857 0.011904761904761906 0.05714285714285714
0 0.0071428571428571435 0.09285714285714286 0.014285714285714287 0.07142857142857142
0 0.46190476190476193 0.34285714285714286 0.01904761904761905 0.14285714285714285
0 0.37738095238095243 0.007142857142857143 0.026190476190476195 0.014285714285714285
0 0.31309523809523815 0.6642857142857143 0.01666666666666667 0.07142857142857142
0 0.275 0.7785714285714286 0.011904761904761906 0.07142857142857142
0 0.18690476190476193 0.7785714285714286 0.01666666666666667 0.12857142857142856
0 0.23571428571428574 0.3071428571428571 0.014285714285714287 0.07142857142857142
0 0.4357142857142858 0.8571428571428571 0.02380952380952381 0.11428571428571428
0 0.37500000000000006 0.7571428571428571 0.011904761904761906 0.08571428571428572
0 0.34880952380952385 0.8428571428571429 0.011904761904761906 0.08571428571428572
0 0.34761904761904766 0.6642857142857143 0.009523809523809525 0.07142857142857142
0 0.33452380952380956 0.6142857142857142 0.011904761904761906 0.05714285714285714
0 0.37500000000000006 0.5214285714285715 0.01666666666666667 0.07142857142857142
0 0.4023809523809524 0.08571428571428572 0.01904761904761905 0.08571428571428572
0 0.4964285714285715 0.3357142857142857 0.011904761904761906 0.07142857142857142
0 0.4773809523809524 0.02857142857142857 0.011904761904761906 0.05714285714285714
0 0.22023809523809526 0.05714285714285714 0.011904761904761906 0.08571428571428572
0 0.5071428571428572 0.8142857142857143 0.01904761904761905 0.05714285714285714
0 0.6440476190476191 0.5928571428571429 0.01666666666666667 0.18571428571428572
0 0.7500000000000001 0.20714285714285713 0.014285714285714287 0.09999999999999999
0 0.8047619047619048 0.45 0.02380952380952381 0.12857142857142856
0 0.6964285714285715 0.8428571428571429 0.026190476190476195 0.14285714285714285
0 0.6630952380952382 0.7285714285714285 0.02142857142857143 0.08571428571428572
0 0.5797619047619048 0.1357142857142857 0.011904761904761906 0.09999999999999999
0 0.886904761904762 0.3857142857142857 0.02142857142857143 0.11428571428571428
0 0.8607142857142858 0.8428571428571429 0.02142857142857143 0.08571428571428572
0 0.961904761904762 0.22857142857142856 0.009523809523809525 0.08571428571428572
0 0.9750000000000001 0.8571428571428571 0.02142857142857143 0.11428571428571428
0 0.9916666666666668 0.7 0.011904761904761906 0.08571428571428572
0 0.9607142857142859 0.02857142857142857 0.011904761904761906 0.05714285714285714
0 0.2702380952380953 0.10714285714285714 0.011904761904761906 0.09999999999999999
0 0.9190476190476191 0.2642857142857143 0.014285714285714287 0.12857142857142856
0 0.8250000000000001 0.35714285714285715 0.02142857142857143 0.11428571428571428
0 0.7273809523809525 0.12857142857142856 0.011904761904761906 0.05714285714285714
0 0.4142857142857143 0.6857142857142857 0.014285714285714287 0.08571428571428572
0 0.6773809523809524 0.4857142857142857 0.01666666666666667 0.05714285714285714
0 0.567857142857143 0.4857142857142857 0.011904761904761906 0.08571428571428572
0 0.6642857142857144 0.32857142857142857 0.014285714285714287 0.05714285714285714
0 0.8345238095238096 0.12142857142857143 0.011904761904761906 0.07142857142857142
0 0.9357142857142858 0.7928571428571428 0.014285714285714287 0.07142857142857142
