0 0.45952380952380956 0.07142857142857142 0.01904761904761905 0.08571428571428572
0 0.48571428571428577 0.15714285714285714 0.014285714285714287 0.05714285714285714
0 0.5607142857142857 0.10714285714285714 0.01666666666666667 0.07142857142857142
0 0.525 0.7285714285714285 0.011904761904761906 0.08571428571428572
0 0.5190476190476191 0.5428571428571428 0.014285714285714287 0.05714285714285714
0 0.4166666666666667 0.2714285714285714 0.014285714285714287 0.05714285714285714
0 0.430952380952381 0.09285714285714286 0.014285714285714287 0.07142857142857142
0 0.3535714285714286 0.35714285714285715 0.011904761904761906 0.05714285714285714
0 0.2023809523809524 0.10714285714285714 0.01904761904761905 0.07142857142857142
0 0.7523809523809525 0.4928571428571428 0.01904761904761905 0.04285714285714286
0 0.8678571428571429 0.8785714285714286 0.01666666666666667 0.07142857142857142
0 0.942857142857143 0.6214285714285714 0.02380952380952381 0.04285714285714286
0 0.9059523809523811 0.6714285714285714 0.02142857142857143 0.05714285714285714
0 0.8785714285714287 0.6642857142857143 0.01904761904761905 0.07142857142857142
0 0.7488095238095239 0.7999999999999999 0.011904761904761906 0.05714285714285714
0 0.6607142857142858 0.6928571428571428 0.01666666666666667 0.12857142857142856
0 0.686904761904762 0.3142857142857143 0.01666666666666667 0.08571428571428572
0 0.755952380952381 0.07142857142857142 0.02142857142857143 0.11428571428571428
0 0.8142857142857144 0.32857142857142857 0.01904761904761905 0.05714285714285714
0 0.805952380952381 0.5142857142857142 0.011904761904761906 0.05714285714285714
0 0.6464285714285715 0.5214285714285715 0.01666666666666667 0.09999999999999999
0 0.5857142857142857 0.7428571428571429 0.01904761904761905 0.05714285714285714
0 0.2547619047619048 0.8214285714285714 0.014285714285714287 0.07142857142857142
0 0.3952380952380953 0.5357142857142857 0.014285714285714287 0.07142857142857142
0 0.3166666666666667 0.1357142857142857 0.01904761904761905 0.07142857142857142
0 0.2666666666666667 0.09285714285714286 0.014285714285714287 0.07142857142857142
0 0.22380952380952382 0.25 0.02380952380952381 0.07142857142857142
0 0.2392857142857143 0.36428571428571427 0.026190476190476195 0.07142857142857142
0 0.1642857142857143 0.46428571428571425 0.014285714285714287 0.07142857142857142
0 0.1642857142857143 0.5214285714285715 0.01904761904761905 0.04285714285714286
0 0.06309523809523811 0.6214285714285714 0.011904761904761906 0.07142857142857142
0 0.06904761904761905 0.02857142857142857 0.014285714285714287 0.05714285714285714
0 0.9095238095238096 0.3 0.028571428571428574 0.11428571428571428
0 0.8166666666666668 0.65 0.028571428571428574 0.07142857142857142
0 0.525 0.10714285714285714 0.01666666666666667 0.07142857142857142
0 0.48690476190476195 0.049999999999999996 0.01666666666666667 0.04285714285714286
0 0.55 0.5285714285714286 0.014285714285714287 0.11428571428571428
0 0.3583333333333334 0.6357142857142857 0.01666666666666667 0.07142857142857142
0 0.24285714285714288 0.4928571428571428 0.014285714285714287 0.12857142857142856
0 0.002380952380952381 0.6357142857142857 0.004761904761904762 0.07142857142857142
