0 0.3928571428571429 0.6357142857142857 0.01904761904761905 0.09999999999999999
0 0.4488095238095238 0.6785714285714286 0.02142857142857143 0.07142857142857142
0 0.6392857142857143 0.5714285714285714 0.011904761904761906 0.08571428571428572
0 0.805952380952381 0.4857142857142857 0.02142857142857143 0.08571428571428572
0 0.1 0.45 0.02380952380952381 0.07142857142857142
0 0.38928571428571435 0.4357142857142857 0.01666666666666667 0.09999999999999999
0 0.6321428571428572 0.42142857142857143 0.011904761904761906 0.09999999999999999
0 0.6988095238095239 0.65 0.01666666666666667 0.12857142857142856
0 0.7773809523809525 0.85 0.01666666666666667 0.07142857142857142
0 0.9261904761904762 0.7928571428571428 0.01904761904761905 0.09999999999999999
0 0.32023809523809527 0.5714285714285714 0.01666666666666667 0.08571428571428572
0 0.22976190476190478 0.4714285714285714 0.026190476190476195 0.08571428571428572
0 0.15000000000000002 0.85 0.014285714285714287 0.12857142857142856
0 0.9750000000000001 0.3214285714285714 0.02142857142857143 0.09999999999999999
0 0.3321428571428572 0.6642857142857143 0.026190476190476195 0.07142857142857142
0 0.33690476190476193 0.37857142857142856 0.026190476190476195 0.07142857142857142
