0 0.08214285714285716 0.2857142857142857 0.03571428571428572 0.17142857142857143
0 0.32142857142857145 0.9357142857142857 0.02380952380952381 0.09999999999999999
0 0.5440476190476191 0.07142857142857142 0.02142857142857143 0.14285714285714285
0 0.4928571428571429 0.4928571428571428 0.04761904761904762 0.15714285714285714
0 0.6726190476190477 0.7714285714285714 0.026190476190476195 0.17142857142857143
0 0.7678571428571429 0.8642857142857142 0.02142857142857143 0.12857142857142856
0 0.8940476190476191 0.6214285714285714 0.011904761904761906 0.15714285714285714
0 0.6595238095238096 0.40714285714285714 0.014285714285714287 0.15714285714285714
0 0.7166666666666668 0.3142857142857143 0.01904761904761905 0.11428571428571428
0 0.5345238095238096 0.8357142857142857 0.01666666666666667 0.18571428571428572
0 0.9321428571428573 0.6214285714285714 0.026190476190476195 0.09999999999999999
0 0.3261904761904762 0.42857142857142855 0.0380952380952381 0.08571428571428572
0 0.5654761904761906 0.6642857142857143 0.030952380952380953 0.12857142857142856
0 0.605952380952381 0.35714285714285715 0.01666666666666667 0.08571428571428572
0 0.6738095238095239 0.09999999999999999 0.01904761904761905 0.11428571428571428
0 0.2535714285714286 0.09285714285714286 0.011904761904761906 0.07142857142857142
0 0.027380952380952384 0.17142857142857143 0.026190476190476195 0.08571428571428572
0 0.8464285714285715 0.3857142857142857 0.02142857142857143 0.08571428571428572
0 0.7976190476190477 0.65 0.03333333333333334 0.18571428571428572
0 0.7571428571428572 0.39999999999999997 0.03333333333333334 0.14285714285714285
0 0.9416666666666668 0.24285714285714285 0.02142857142857143 0.08571428571428572
0 0.855952380952381 0.2357142857142857 0.02142857142857143 0.09999999999999999
0 0.9821428571428572 0.7785714285714286 0.01666666666666667 0.09999999999999999
