0 0.9059523809523811 0.8785714285714286 0.04047619047619048 0.18571428571428572
0 0.8226190476190477 0.6785714285714286 0.026190476190476195 0.15714285714285714
0 0.9833333333333334 0.47857142857142854 0.028571428571428574 0.21428571428571427
0 0.7690476190476191 0.5142857142857142 0.02380952380952381 0.22857142857142856
0 0.6654761904761906 0.12857142857142856 0.04047619047619048 0.19999999999999998
0 0.5738095238095239 0.2857142857142857 0.0380952380952381 0.17142857142857143
0 0.4035714285714286 0.6214285714285714 0.02142857142857143 0.15714285714285714
0 0.7678571428571429 0.2642857142857143 0.03571428571428572 0.15714285714285714
0 0.5988095238095239 0.11428571428571428 0.030952380952380953 0.14285714285714285
0 0.9797619047619048 0.15714285714285714 0.026190476190476195 0.14285714285714285
0 0.530952380952381 0.09999999999999999 0.02380952380952381 0.17142857142857143
0 0.8011904761904762 0.2785714285714286 0.026190476190476195 0.18571428571428572
0 0.8654761904761905 0.8571428571428571 0.026190476190476195 0.2571428571428571
0 0.4892857142857143 0.17857142857142858 0.030952380952380953 0.15714285714285714
0 0.5011904761904762 0.39285714285714285 0.030952380952380953 0.18571428571428572
