0 0.8261904761904763 0.75 0.01904761904761905 0.07142857142857142
0 0.20476190476190478 0.8928571428571428 0.028571428571428574 0.09999999999999999
0 0.37500000000000006 0.39999999999999997 0.01666666666666667 0.08571428571428572
0 0.12261904761904763 0.37142857142857144 0.011904761904761906 0.08571428571428572
0 0.09404761904761906 0.2857142857142857 0.02142857142857143 0.08571428571428572
0 0.12142857142857144 0.17857142857142858 0.01904761904761905 0.07142857142857142
0 0.014285714285714287 0.75 0.014285714285714287 0.07142857142857142
0 0.2380952380952381 0.6285714285714286 0.02380952380952381 0.05714285714285714
0 0.1773809523809524 0.24285714285714285 0.01666666666666667 0.11428571428571428
0 0.2178571428571429 0.17857142857142858 0.02142857142857143 0.07142857142857142
0 0.3726190476190476 0.7928571428571428 0.01666666666666667 0.07142857142857142
0 0.5773809523809524 0.20714285714285713 0.01666666666666667 0.12857142857142856
0 0.6214285714285714 0.06428571428571428 0.02380952380952381 0.07142857142857142
0 0.736904761904762 0.45714285714285713 0.01666666666666667 0.08571428571428572
0 0.6880952380952382 0.5642857142857143 0.014285714285714287 0.09999999999999999
0 0.7880952380952382 0.7357142857142857 0.014285714285714287 0.09999999999999999
0 0.855952380952381 0.46428571428571425 0.02142857142857143 0.09999999999999999
0 0.34285714285714286 0.014285714285714285 0.01904761904761905 0.02857142857142857
0 0.1761904761904762 0.65 0.014285714285714287 0.07142857142857142
0 0.7511904761904763 0.20714285714285713 0.011904761904761906 0.12857142857142856
0 0.7785714285714287 0.29285714285714287 0.01904761904761905 0.07142857142857142
0 0.0380952380952381 0.8785714285714286 0.014285714285714287 0.07142857142857142
0 0.7666666666666667 0.6642857142857143 0.02380952380952381 0.07142857142857142
0 0.2630952380952381 0.09285714285714286 0.01666666666666667 0.07142857142857142
0 0.36904761904761907 0.5428571428571428 0.01904761904761905 0.08571428571428572
0 0.6440476190476191 0.8642857142857142 0.02142857142857143 0.07142857142857142
0 0.33452380952380956 0.15 0.026190476190476195 0.07142857142857142
