0 0.029761904761904764 0.8428571428571429 0.01666666666666667 0.05714285714285714
0 0.12976190476190477 0.5071428571428571 0.01666666666666667 0.09999999999999999
0 0.14047619047619048 0.2357142857142857 0.014285714285714287 0.07142857142857142
0 0.23452380952380955 0.3857142857142857 0.01666666666666667 0.08571428571428572
0 0.21071428571428574 0.7642857142857142 0.011904761904761906 0.07142857142857142
0 0.4202380952380953 0.9642857142857143 0.01666666666666667 0.04285714285714286
0 0.8071428571428572 0.6642857142857143 0.014285714285714287 0.07142857142857142
0 0.5178571428571429 0.5499999999999999 0.02142857142857143 0.09999999999999999
0 0.9845238095238096 0.20714285714285713 0.026190476190476195 0.07142857142857142
0 0.42619047619047623 0.6142857142857142 0.014285714285714287 0.08571428571428572
0 0.686904761904762 0.75 0.011904761904761906 0.09999999999999999
0 0.8821428571428572 0.6428571428571428 0.026190476190476195 0.08571428571428572
0 0.3547619047619048 0.5714285714285714 0.028571428571428574 0.08571428571428572
0 0.32023809523809527 0.6714285714285714 0.01666666666666667 0.08571428571428572
0 0.925 0.7 0.02142857142857143 0.08571428571428572
0 0.942857142857143 0.9142857142857143 0.014285714285714287 0.08571428571428572
0 0.09285714285714286 0.09999999999999999 0.028571428571428574 0.08571428571428572
