0 0.12976190476190477 0.2642857142857143 0.011904761904761906 0.04285714285714286
0 0.1654761904761905 0.6285714285714286 0.0071428571428571435 0.02857142857142857
0 0.21071428571428574 0.8285714285714285 0.0071428571428571435 0.08571428571428572
0 0.16071428571428573 0.9285714285714285 0.011904761904761906 0.05714285714285714
1 0.38928571428571435 0.5428571428571428 0.03571428571428572 0.22857142857142856
0 0.3726190476190476 0.22857142857142856 0.011904761904761906 0.05714285714285714
0 0.3190476190476191 0.5142857142857142 0.009523809523809525 0.05714285714285714
0 0.755952380952381 0.9285714285714285 0.02142857142857143 0.08571428571428572
0 0.7857142857142858 0.3071428571428571 0.009523809523809525 0.07142857142857142
0 0.4976190476190477 0.3857142857142857 0.009523809523809525 0.05714285714285714
0 0.42261904761904767 0.9071428571428571 0.0071428571428571435 0.07142857142857142
0 0.7916666666666667 0.7071428571428571 0.0071428571428571435 0.07142857142857142
0 0.48571428571428577 0.8928571428571428 0.009523809523809525 0.07142857142857142
0 0.6357142857142858 0.9285714285714285 0.009523809523809525 0.08571428571428572
0 0.6142857142857143 0.7857142857142857 0.009523809523809525 0.05714285714285714
0 0.6940476190476191 0.21428571428571427 0.0071428571428571435 0.05714285714285714
0 0.8714285714285716 0.42857142857142855 0.009523809523809525 0.08571428571428572
0 0.955952380952381 0.3071428571428571 0.0071428571428571435 0.07142857142857142
0 0.2392857142857143 0.3857142857142857 0.011904761904761906 0.02857142857142857
0 0.555952380952381 0.5071428571428571 0.0071428571428571435 0.07142857142857142
0 0.08095238095238096 0.29285714285714287 0.009523809523809525 0.04285714285714286
