0 0.08690476190476192 0.7999999999999999 0.02142857142857143 0.11428571428571428
0 0.11190476190476191 0.5714285714285714 0.01904761904761905 0.11428571428571428
0 0.15476190476190477 0.42142857142857143 0.01904761904761905 0.09999999999999999
0 0.33571428571428574 0.8642857142857142 0.01904761904761905 0.07142857142857142
0 0.21071428571428574 0.5499999999999999 0.011904761904761906 0.07142857142857142
0 0.2273809523809524 0.7071428571428571 0.02142857142857143 0.09999999999999999
0 0.04404761904761905 0.32857142857142857 0.011904761904761906 0.11428571428571428
0 0.22500000000000003 0.09999999999999999 0.02142857142857143 0.11428571428571428
0 0.14404761904761906 0.2571428571428571 0.011904761904761906 0.08571428571428572
0 0.14404761904761906 0.05714285714285714 0.011904761904761906 0.08571428571428572
0 0.8333333333333334 0.75 0.028571428571428574 0.12857142857142856
0 0.8250000000000001 0.5499999999999999 0.01666666666666667 0.09999999999999999
0 0.8464285714285715 0.6357142857142857 0.011904761904761906 0.09999999999999999
0 0.8023809523809524 0.8642857142857142 0.01904761904761905 0.12857142857142856
0 0.7476190476190477 0.37857142857142856 0.014285714285714287 0.12857142857142856
0 0.7226190476190477 0.12857142857142856 0.01666666666666667 0.08571428571428572
0 0.7202380952380953 0.6142857142857142 0.01666666666666667 0.11428571428571428
0 0.7261904761904763 0.7571428571428571 0.01904761904761905 0.05714285714285714
0 0.8142857142857144 0.2714285714285714 0.028571428571428574 0.14285714285714285
0 0.842857142857143 0.14285714285714285 0.01904761904761905 0.11428571428571428
0 0.8702380952380954 0.09999999999999999 0.011904761904761906 0.11428571428571428
0 0.8880952380952382 0.34285714285714286 0.014285714285714287 0.14285714285714285
0 0.9023809523809525 0.4357142857142857 0.014285714285714287 0.09999999999999999
0 0.9238095238095239 0.2785714285714286 0.009523809523809525 0.04285714285714286
0 0.5273809523809524 0.6428571428571428 0.02142857142857143 0.11428571428571428
0 0.27142857142857146 0.8357142857142857 0.014285714285714287 0.09999999999999999
0 0.03571428571428572 0.5499999999999999 0.014285714285714287 0.07142857142857142
0 0.3166666666666667 0.2857142857142857 0.014285714285714287 0.11428571428571428
0 0.255952380952381 0.02857142857142857 0.02142857142857143 0.05714285714285714
0 0.6666666666666667 0.7642857142857142 0.014285714285714287 0.07142857142857142
0 0.5476190476190477 0.09285714285714286 0.01904761904761905 0.07142857142857142
0 0.636904761904762 0.17857142857142858 0.01666666666666667 0.09999999999999999
0 0.5928571428571429 0.2857142857142857 0.01904761904761905 0.11428571428571428
0 0.9880952380952381 0.22857142857142856 0.01904761904761905 0.08571428571428572
0 0.9857142857142858 0.7285714285714285 0.014285714285714287 0.08571428571428572
0 0.9071428571428573 0.9 0.02380952380952381 0.14285714285714285
0 0.46547619047619054 0.39999999999999997 0.02142857142857143 0.08571428571428572
0 0.46547619047619054 0.5642857142857143 0.011904761904761906 0.09999999999999999
0 0.34761904761904766 0.07857142857142857 0.014285714285714287 0.12857142857142856
0 0.11309523809523811 0.9571428571428571 0.02142857142857143 0.05714285714285714
0 0.5726190476190477 0.3857142857142857 0.02142857142857143 0.08571428571428572
0 0.4345238095238096 0.8571428571428571 0.011904761904761906 0.08571428571428572
0 0.4761904761904762 0.2714285714285714 0.01904761904761905 0.08571428571428572
0 0.5357142857142858 0.9285714285714285 0.014285714285714287 0.11428571428571428
0 0.5952380952380953 0.6 0.014285714285714287 0.11428571428571428
0 0.02142857142857143 0.12857142857142856 0.014285714285714287 0.08571428571428572
0 0.7083333333333334 0.8857142857142857 0.011904761904761906 0.08571428571428572
0 0.8166666666666668 0.007142857142857143 0.009523809523809525 0.014285714285714285
0 0.18809523809523812 0.35714285714285715 0.01904761904761905 0.08571428571428572
0 0.5404761904761906 0.2571428571428571 0.014285714285714287 0.08571428571428572
0 0.2654761904761905 0.45 0.0071428571428571435 0.07142857142857142
0 0.22500000000000003 0.37857142857142856 0.011904761904761906 0.07142857142857142
0 0.6416666666666667 0.6285714285714286 0.01666666666666667 0.08571428571428572
0 0.8880952380952382 0.15714285714285714 0.014285714285714287 0.08571428571428572
0 0.761904761904762 0.2571428571428571 0.014285714285714287 0.05714285714285714
0 0.6738095238095239 0.6571428571428571 0.009523809523809525 0.08571428571428572
