0 0.3238095238095238 0.40714285714285714 0.03333333333333334 0.21428571428571427
0 0.08928571428571429 0.07142857142857142 0.03571428571428572 0.14285714285714285
0 0.10833333333333334 0.8285714285714285 0.026190476190476195 0.17142857142857143
0 0.6690476190476191 0.5642857142857143 0.0380952380952381 0.2714285714285714
0 0.7678571428571429 0.6642857142857143 0.026190476190476195 0.09999999999999999
0 0.7392857142857143 0.5071428571428571 0.030952380952380953 0.18571428571428572
0 0.7976190476190477 0.5428571428571428 0.02380952380952381 0.17142857142857143
0 0.8440476190476192 0.4928571428571428 0.045238095238095244 0.24285714285714285
0 0.8857142857142858 0.40714285714285714 0.01904761904761905 0.21428571428571427
0 0.5571428571428572 0.3142857142857143 0.028571428571428574 0.17142857142857143
0 0.49404761904761907 0.45714285714285713 0.03571428571428572 0.22857142857142856
0 0.536904761904762 0.6785714285714286 0.026190476190476195 0.18571428571428572
0 0.6583333333333334 0.2357142857142857 0.030952380952380953 0.24285714285714285
0 0.580952380952381 0.8428571428571429 0.0380952380952381 0.19999999999999998
0 0.8511904761904763 0.8785714285714286 0.01666666666666667 0.18571428571428572
0 0.9833333333333334 0.5928571428571429 0.028571428571428574 0.12857142857142856
0 0.7476190476190477 0.09285714285714286 0.08095238095238096 0.15714285714285714
