0 0.6023809523809525 0.5214285714285715 0.01904761904761905 0.07142857142857142
0 0.4976190476190477 0.3071428571428571 0.01904761904761905 0.09999999999999999
0 0.5154761904761905 0.6642857142857143 0.01666666666666667 0.07142857142857142
0 0.5404761904761906 0.7357142857142857 0.014285714285714287 0.07142857142857142
0 0.1892857142857143 0.4357142857142857 0.01666666666666667 0.07142857142857142
0 0.21309523809523812 0.15 0.011904761904761906 0.09999999999999999
0 0.07500000000000001 0.9428571428571428 0.011904761904761906 0.08571428571428572
0 0.01904761904761905 0.5357142857142857 0.009523809523809525 0.12857142857142856
0 0.3928571428571429 0.7071428571428571 0.01904761904761905 0.04285714285714286
0 0.7583333333333334 0.8642857142857142 0.01666666666666667 0.09999999999999999
0 0.9690476190476192 0.6214285714285714 0.014285714285714287 0.18571428571428572
0 0.7904761904761906 0.15 0.014285714285714287 0.09999999999999999
0 0.3178571428571429 0.6357142857142857 0.02142857142857143 0.09999999999999999
0 0.09642857142857143 0.46428571428571425 0.01666666666666667 0.09999999999999999
0 0.1511904761904762 0.37142857142857144 0.011904761904761906 0.11428571428571428
0 0.3166666666666667 0.22142857142857142 0.01904761904761905 0.07142857142857142
0 0.5821428571428572 0.8714285714285714 0.01666666666666667 0.08571428571428572
0 0.7226190476190477 0.5642857142857143 0.01666666666666667 0.07142857142857142
0 0.24285714285714288 0.6857142857142857 0.01904761904761905 0.08571428571428572
0 0.4428571428571429 0.5499999999999999 0.01904761904761905 0.07142857142857142
