0 0.5785714285714286 0.41428571428571426 0.02380952380952381 0.17142857142857143
0 0.4273809523809524 0.5785714285714285 0.011904761904761906 0.07142857142857142
0 0.986904761904762 0.4357142857142857 0.02142857142857143 0.12857142857142856
1 0.8654761904761905 0.37857142857142856 0.04047619047619048 0.35714285714285715
0 0.17261904761904764 0.7571428571428571 0.02142857142857143 0.05714285714285714
0 0.45000000000000007 0.17142857142857143 0.02380952380952381 0.05714285714285714
0 0.6857142857142857 0.4714285714285714 0.01904761904761905 0.08571428571428572
0 0.5785714285714286 0.2571428571428571 0.009523809523809525 0.05714285714285714
0 0.8678571428571429 0.7642857142857142 0.011904761904761906 0.09999999999999999
0 0.49880952380952387 0.6428571428571428 0.030952380952380953 0.08571428571428572
0 0.3380952380952381 0.75 0.028571428571428574 0.07142857142857142
