0 0.24880952380952384 0.35714285714285715 0.02142857142857143 0.14285714285714285
0 0.5488095238095239 0.22142857142857142 0.05 0.09999999999999999
0 0.16785714285714287 0.46428571428571425 0.01666666666666667 0.07142857142857142
0 0.5797619047619048 0.45 0.01666666666666667 0.09999999999999999
0 0.5452380952380953 0.5714285714285714 0.01904761904761905 0.05714285714285714
0 0.4345238095238096 0.15714285714285714 0.02142857142857143 0.08571428571428572
0 0.23571428571428574 0.5 0.014285714285714287 0.05714285714285714
0 0.3273809523809524 0.37857142857142856 0.026190476190476195 0.07142857142857142
0 0.2035714285714286 0.8714285714285714 0.02142857142857143 0.08571428571428572
0 0.805952380952381 0.9285714285714285 0.03571428571428572 0.08571428571428572
0 0.3678571428571429 0.36428571428571427 0.01666666666666667 0.07142857142857142
