0 0.04404761904761905 0.4857142857142857 0.011904761904761906 0.05714285714285714
0 0.1 0.85 0.009523809523809525 0.04285714285714286
0 0.29285714285714287 0.37857142857142856 0.014285714285714287 0.07142857142857142
0 0.55 0.14285714285714285 0.009523809523809525 0.05714285714285714
0 0.38928571428571435 0.3357142857142857 0.0071428571428571435 0.04285714285714286
0 0.6511904761904762 0.6642857142857143 0.011904761904761906 0.07142857142857142
0 0.6904761904761906 0.6428571428571428 0.014285714285714287 0.05714285714285714
0 0.9380952380952382 0.6071428571428571 0.009523809523809525 0.07142857142857142
0 0.967857142857143 0.42857142857142855 0.0071428571428571435 0.05714285714285714
0 0.34761904761904766 0.6142857142857142 0.004761904761904762 0.05714285714285714
0 0.38452380952380955 0.4928571428571428 0.0071428571428571435 0.04285714285714286
0 0.10357142857142858 0.4714285714285714 0.0071428571428571435 0.05714285714285714
0 0.14642857142857144 0.6571428571428571 0.01666666666666667 0.02857142857142857
0 0.2761904761904762 0.8714285714285714 0.009523809523809525 0.05714285714285714
0 0.3238095238095238 0.7571428571428571 0.009523809523809525 0.05714285714285714
0 0.6261904761904763 0.07857142857142857 0.004761904761904762 0.04285714285714286
0 0.6559523809523811 0.2357142857142857 0.011904761904761906 0.04285714285714286
0 0.9773809523809525 0.75 0.011904761904761906 0.04285714285714286
0 0.980952380952381 0.8357142857142857 0.009523809523809525 0.07142857142857142
0 0.9940476190476192 0.19285714285714284 0.0071428571428571435 0.07142857142857142
0 0.2273809523809524 0.46428571428571425 0.011904761904761906 0.04285714285714286
0 0.705952380952381 0.5499999999999999 0.0071428571428571435 0.04285714285714286
