0 0.6071428571428572 0.7 0.02380952380952381 0.11428571428571428
0 0.01785714285714286 0.40714285714285714 0.01666666666666667 0.09999999999999999
0 0.2833333333333334 0.7714285714285714 0.02380952380952381 0.08571428571428572
0 0.3511904761904762 0.3142857142857143 0.01666666666666667 0.08571428571428572
0 0.405952380952381 0.3142857142857143 0.030952380952380953 0.05714285714285714
0 0.580952380952381 0.25 0.014285714285714287 0.07142857142857142
0 0.49404761904761907 0.15714285714285714 0.02142857142857143 0.08571428571428572
0 0.8357142857142857 0.24285714285714285 0.014285714285714287 0.05714285714285714
0 0.6976190476190477 0.8714285714285714 0.01904761904761905 0.05714285714285714
0 0.36190476190476195 0.7857142857142857 0.028571428571428574 0.08571428571428572
0 0.6250000000000001 0.46428571428571425 0.02142857142857143 0.09999999999999999
0 0.24285714285714288 0.04285714285714286 0.01904761904761905 0.05714285714285714
