0 0.5595238095238095 0.5142857142857142 0.014285714285714287 0.08571428571428572
0 0.49880952380952387 0.5714285714285714 0.01666666666666667 0.05714285714285714
0 0.5428571428571429 0.95 0.014285714285714287 0.07142857142857142
0 0.04404761904761905 0.6285714285714286 0.01666666666666667 0.14285714285714285
0 0.010714285714285714 0.32857142857142857 0.011904761904761906 0.17142857142857143
0 0.125 0.3 0.02142857142857143 0.05714285714285714
0 0.6000000000000001 0.7142857142857143 0.01904761904761905 0.05714285714285714
0 0.5797619047619048 0.25 0.011904761904761906 0.07142857142857142
0 0.705952380952381 0.7214285714285714 0.02142857142857143 0.07142857142857142
0 0.7678571428571429 0.37857142857142856 0.01666666666666667 0.07142857142857142
0 0.18214285714285716 0.05714285714285714 0.026190476190476195 0.08571428571428572
0 0.3928571428571429 0.41428571428571426 0.014285714285714287 0.08571428571428572
0 0.16666666666666669 0.4714285714285714 0.01904761904761905 0.08571428571428572
0 0.9333333333333335 0.4857142857142857 0.014285714285714287 0.08571428571428572
0 0.7357142857142858 0.6571428571428571 0.014285714285714287 0.08571428571428572
0 0.8297619047619048 0.4857142857142857 0.026190476190476195 0.08571428571428572
0 0.8750000000000001 0.5 0.01666666666666667 0.08571428571428572
0 0.5023809523809524 0.37142857142857144 0.0380952380952381 0.08571428571428572
0 0.2404761904761905 0.2714285714285714 0.02380952380952381 0.05714285714285714
0 0.8690476190476192 0.2571428571428571 0.028571428571428574 0.08571428571428572
0 0.505952380952381 0.06428571428571428 0.026190476190476195 0.07142857142857142
