0 0.942857142857143 0.8214285714285714 0.04761904761904762 0.3
0 0.6642857142857144 0.6642857142857143 0.028571428571428574 0.15714285714285714
0 0.8452380952380953 0.7714285714285714 0.028571428571428574 0.19999999999999998
0 0.7821428571428573 0.8642857142857142 0.045238095238095244 0.24285714285714285
0 0.9702380952380953 0.5857142857142857 0.01666666666666667 0.19999999999999998
0 0.9321428571428573 0.5142857142857142 0.02142857142857143 0.11428571428571428
0 0.22261904761904763 0.6714285714285714 0.026190476190476195 0.14285714285714285
0 0.11547619047619048 0.7285714285714285 0.04047619047619048 0.14285714285714285
0 0.43690476190476196 0.8928571428571428 0.026190476190476195 0.12857142857142856
0 0.6345238095238096 0.7142857142857143 0.026190476190476195 0.19999999999999998
0 0.7166666666666668 0.5571428571428572 0.03333333333333334 0.14285714285714285
