0 0.4714285714285715 0.9285714285714285 0.03333333333333334 0.11428571428571428
0 0.5392857142857144 0.36428571428571427 0.02142857142857143 0.18571428571428572
0 0.6547619047619048 0.03571428571428571 0.028571428571428574 0.07142857142857142
0 0.8261904761904763 0.65 0.01904761904761905 0.12857142857142856
0 0.8297619047619048 0.8285714285714285 0.026190476190476195 0.19999999999999998
0 0.55 0.06428571428571428 0.02380952380952381 0.12857142857142856
0 0.6273809523809525 0.8928571428571428 0.026190476190476195 0.15714285714285714
0 0.6011904761904763 0.9357142857142857 0.01666666666666667 0.09999999999999999
0 0.8964285714285715 0.07857142857142857 0.01666666666666667 0.12857142857142856
0 0.4285714285714286 0.5642857142857143 0.02380952380952381 0.12857142857142856
0 0.39642857142857146 0.8214285714285714 0.030952380952380953 0.18571428571428572
0 0.34761904761904766 0.6571428571428571 0.02380952380952381 0.11428571428571428
0 0.3297619047619048 0.24285714285714285 0.02142857142857143 0.11428571428571428
0 0.01666666666666667 0.2785714285714286 0.014285714285714287 0.09999999999999999
0 0.008333333333333335 0.16428571428571428 0.01666666666666667 0.09999999999999999
0 0.21309523809523812 0.07857142857142857 0.02142857142857143 0.12857142857142856
0 0.1630952380952381 0.04285714285714286 0.02142857142857143 0.08571428571428572
0 0.20476190476190478 0.5928571428571429 0.02380952380952381 0.09999999999999999
0 0.7714285714285715 0.37142857142857144 0.01904761904761905 0.11428571428571428
0 0.7726190476190476 0.05714285714285714 0.026190476190476195 0.11428571428571428
0 0.7285714285714286 0.06428571428571428 0.014285714285714287 0.12857142857142856
0 0.7142857142857143 0.19285714285714284 0.01904761904761905 0.09999999999999999
0 0.5047619047619049 0.8714285714285714 0.014285714285714287 0.08571428571428572
0 0.9416666666666668 0.12142857142857143 0.02142857142857143 0.24285714285714285
0 0.9154761904761906 0.2642857142857143 0.026190476190476195 0.12857142857142856
0 0.8892857142857143 0.3071428571428571 0.02142857142857143 0.12857142857142856
0 0.8690476190476192 0.08571428571428572 0.01904761904761905 0.17142857142857143
0 0.25952380952380955 0.6571428571428571 0.01904761904761905 0.11428571428571428
0 0.9107142857142858 0.6142857142857142 0.01666666666666667 0.11428571428571428
0 0.6214285714285714 0.7357142857142857 0.01904761904761905 0.09999999999999999
0 0.380952380952381 0.39285714285714285 0.01904761904761905 0.09999999999999999
0 0.13214285714285715 0.4857142857142857 0.01666666666666667 0.11428571428571428
0 0.29880952380952386 0.8857142857142857 0.026190476190476195 0.14285714285714285
0 0.5607142857142857 0.5285714285714286 0.02142857142857143 0.14285714285714285
0 0.5523809523809524 0.6785714285714286 0.04761904761904762 0.09999999999999999
0 0.6000000000000001 0.6214285714285714 0.02380952380952381 0.12857142857142856
0 0.41071428571428575 0.18571428571428572 0.01666666666666667 0.11428571428571428
0 0.41190476190476194 0.35 0.02380952380952381 0.07142857142857142
0 0.08452380952380953 0.9285714285714285 0.02142857142857143 0.11428571428571428
0 0.07857142857142858 0.7785714285714286 0.01904761904761905 0.15714285714285714
0 0.4976190476190477 0.32857142857142857 0.01904761904761905 0.11428571428571428
0 0.7500000000000001 0.6642857142857143 0.01904761904761905 0.09999999999999999
