0 0.37380952380952387 0.8142857142857143 0.014285714285714287 0.14285714285714285
0 0.4440476190476191 0.7 0.01666666666666667 0.05714285714285714
0 0.9297619047619049 0.2785714285714286 0.011904761904761906 0.09999999999999999
0 0.8773809523809525 0.3214285714285714 0.01666666666666667 0.07142857142857142
0 0.9583333333333334 0.3142857142857143 0.0071428571428571435 0.11428571428571428
0 0.8666666666666667 0.17142857142857143 0.014285714285714287 0.08571428571428572
0 0.2273809523809524 0.5285714285714286 0.01666666666666667 0.08571428571428572
0 0.3178571428571429 0.42857142857142855 0.01666666666666667 0.05714285714285714
0 0.47500000000000003 0.3071428571428571 0.011904761904761906 0.07142857142857142
0 0.06071428571428572 0.41428571428571426 0.011904761904761906 0.11428571428571428
0 0.6654761904761906 0.44285714285714284 0.01666666666666667 0.08571428571428572
0 0.7154761904761905 0.7714285714285714 0.02142857142857143 0.08571428571428572
0 0.830952380952381 0.7214285714285714 0.01904761904761905 0.07142857142857142
