0 0.06785714285714287 0.9071428571428571 0.030952380952380953 0.15714285714285714
0 0.11071428571428572 0.02857142857142857 0.030952380952380953 0.05714285714285714
0 0.5428571428571429 0.8785714285714286 0.02380952380952381 0.09999999999999999
0 0.6416666666666667 0.35714285714285715 0.02142857142857143 0.11428571428571428
0 0.36190476190476195 0.05714285714285714 0.02380952380952381 0.11428571428571428
0 0.6988095238095239 0.014285714285714285 0.026190476190476195 0.02857142857142857
0 0.26071428571428573 0.46428571428571425 0.026190476190476195 0.09999999999999999
0 0.480952380952381 0.7857142857142857 0.028571428571428574 0.14285714285714285
0 0.6821428571428572 0.7 0.026190476190476195 0.11428571428571428
0 0.5178571428571429 0.42142857142857143 0.01666666666666667 0.09999999999999999
0 0.7273809523809525 0.9 0.030952380952380953 0.08571428571428572
0 0.6547619047619048 0.8428571428571429 0.02380952380952381 0.08571428571428572
0 0.7535714285714287 0.2357142857142857 0.026190476190476195 0.18571428571428572
0 0.46071428571428574 0.6142857142857142 0.04047619047619048 0.14285714285714285
0 0.4678571428571429 0.04285714285714286 0.03571428571428572 0.08571428571428572
0 0.880952380952381 0.4714285714285714 0.02380952380952381 0.14285714285714285
