0 0.6452380952380953 0.8714285714285714 0.03333333333333334 0.11428571428571428
0 0.594047619047619 0.8214285714285714 0.02142857142857143 0.15714285714285714
0 0.4797619047619048 0.8071428571428572 0.026190476190476195 0.12857142857142856
0 0.786904761904762 0.05714285714285714 0.026190476190476195 0.11428571428571428
0 0.6714285714285715 0.05714285714285714 0.03333333333333334 0.11428571428571428
0 0.5452380952380953 0.10714285714285714 0.02380952380952381 0.09999999999999999
0 0.5738095238095239 0.22142857142857142 0.028571428571428574 0.12857142857142856
0 0.4416666666666667 0.09285714285714286 0.02142857142857143 0.15714285714285714
0 0.37380952380952387 0.2714285714285714 0.028571428571428574 0.11428571428571428
0 0.11190476190476191 0.8714285714285714 0.028571428571428574 0.22857142857142856
