0 0.6130952380952381 0.8571428571428571 0.01666666666666667 0.08571428571428572
0 0.7952380952380953 0.09999999999999999 0.014285714285714287 0.08571428571428572
0 0.8261904761904763 0.9428571428571428 0.014285714285714287 0.08571428571428572
0 0.33333333333333337 0.7214285714285714 0.04285714285714286 0.12857142857142856
0 0.027380952380952384 0.8928571428571428 0.026190476190476195 0.07142857142857142
0 0.03214285714285715 0.65 0.01666666666666667 0.09999999999999999
0 0.25238095238095243 0.04285714285714286 0.014285714285714287 0.05714285714285714
0 0.38333333333333336 0.09999999999999999 0.01904761904761905 0.08571428571428572
0 0.6154761904761905 0.5857142857142857 0.01666666666666667 0.05714285714285714
0 0.35595238095238096 0.8571428571428571 0.02142857142857143 0.05714285714285714
0 0.37500000000000006 0.7428571428571429 0.026190476190476195 0.08571428571428572
0 0.580952380952381 0.25 0.014285714285714287 0.07142857142857142
0 0.830952380952381 0.29285714285714287 0.02380952380952381 0.07142857142857142
0 0.9440476190476191 0.7142857142857143 0.01666666666666667 0.05714285714285714
0 0.8500000000000001 0.44285714285714284 0.014285714285714287 0.11428571428571428
0 0.1642857142857143 0.17857142857142858 0.02380952380952381 0.07142857142857142
0 0.2273809523809524 0.6928571428571428 0.04047619047619048 0.09999999999999999
0 0.5702380952380953 0.9571428571428571 0.026190476190476195 0.05714285714285714
