0 0.12142857142857144 0.42857142857142855 0.028571428571428574 0.11428571428571428
0 0.17857142857142858 0.06428571428571428 0.02380952380952381 0.12857142857142856
0 0.6011904761904763 0.8928571428571428 0.03571428571428572 0.15714285714285714
0 0.6761904761904762 0.8285714285714285 0.028571428571428574 0.14285714285714285
0 0.6130952380952381 0.35714285714285715 0.026190476190476195 0.17142857142857143
0 0.6142857142857143 0.12142857142857143 0.03333333333333334 0.12857142857142856
0 0.6000000000000001 0.02857142857142857 0.0380952380952381 0.05714285714285714
0 0.6595238095238096 0.049999999999999996 0.028571428571428574 0.09999999999999999
0 0.6440476190476191 0.6571428571428571 0.04047619047619048 0.19999999999999998
0 0.786904761904762 0.7928571428571428 0.030952380952380953 0.15714285714285714
0 0.8047619047619048 0.20714285714285713 0.0380952380952381 0.18571428571428572
0 0.9690476190476192 0.8928571428571428 0.03333333333333334 0.15714285714285714
0 0.9607142857142859 0.5214285714285715 0.030952380952380953 0.18571428571428572
0 0.7357142857142858 0.12142857142857143 0.03333333333333334 0.15714285714285714
0 0.886904761904762 0.24285714285714285 0.026190476190476195 0.14285714285714285
