0 0.2642857142857143 0.12142857142857143 0.014285714285714287 0.09999999999999999
0 0.21666666666666667 0.6571428571428571 0.02380952380952381 0.11428571428571428
0 0.4035714285714286 0.8571428571428571 0.02142857142857143 0.11428571428571428
0 0.5619047619047619 0.4357142857142857 0.02380952380952381 0.12857142857142856
0 0.6190476190476191 0.39999999999999997 0.01904761904761905 0.11428571428571428
0 0.6297619047619049 0.7785714285714286 0.026190476190476195 0.15714285714285714
0 0.6690476190476191 0.9071428571428571 0.01904761904761905 0.09999999999999999
0 0.6476190476190476 0.9428571428571428 0.01904761904761905 0.08571428571428572
0 0.6214285714285714 0.9357142857142857 0.02380952380952381 0.09999999999999999
0 0.530952380952381 0.9214285714285714 0.02380952380952381 0.12857142857142856
0 0.4845238095238096 0.8071428571428572 0.02142857142857143 0.12857142857142856
0 0.25952380952380955 0.8571428571428571 0.02380952380952381 0.14285714285714285
0 0.3928571428571429 0.6142857142857142 0.01904761904761905 0.11428571428571428
0 0.3785714285714286 0.39999999999999997 0.01904761904761905 0.11428571428571428
0 0.4297619047619048 0.35714285714285715 0.01666666666666667 0.11428571428571428
0 0.4678571428571429 0.14285714285714285 0.02142857142857143 0.11428571428571428
0 0.7833333333333334 0.7142857142857143 0.01904761904761905 0.14285714285714285
0 0.7392857142857143 0.7142857142857143 0.030952380952380953 0.17142857142857143
0 0.942857142857143 0.3214285714285714 0.01904761904761905 0.15714285714285714
0 0.9702380952380953 0.6357142857142857 0.01666666666666667 0.15714285714285714
0 0.7321428571428572 0.19285714285714284 0.026190476190476195 0.18571428571428572
0 0.8464285714285715 0.17857142857142858 0.026190476190476195 0.18571428571428572
0 0.9464285714285715 0.17142857142857143 0.02142857142857143 0.14285714285714285
0 0.9702380952380953 0.16428571428571428 0.01666666666666667 0.12857142857142856
0 0.9785714285714286 0.9 0.028571428571428574 0.17142857142857143
0 0.9285714285714286 0.7714285714285714 0.02380952380952381 0.14285714285714285
0 0.6702380952380953 0.5857142857142857 0.02142857142857143 0.14285714285714285
0 0.6607142857142858 0.18571428571428572 0.02142857142857143 0.11428571428571428
0 0.6250000000000001 0.09999999999999999 0.01666666666666667 0.11428571428571428
0 0.5904761904761905 0.08571428571428572 0.01904761904761905 0.14285714285714285
0 0.13095238095238096 0.5071428571428571 0.02380952380952381 0.12857142857142856
0 0.01666666666666667 0.35714285714285715 0.03333333333333334 0.11428571428571428
0 0.1011904761904762 0.7357142857142857 0.02142857142857143 0.15714285714285714
0 0.045238095238095244 0.18571428571428572 0.01904761904761905 0.11428571428571428
0 0.511904761904762 0.6785714285714286 0.02380952380952381 0.09999999999999999
0 0.5261904761904762 0.47857142857142854 0.028571428571428574 0.15714285714285714
0 0.5261904761904762 0.17142857142857143 0.02380952380952381 0.14285714285714285
0 0.7047619047619048 0.9142857142857143 0.02380952380952381 0.11428571428571428
0 0.7202380952380953 0.5357142857142857 0.02142857142857143 0.12857142857142856
0 0.805952380952381 0.22857142857142856 0.01666666666666667 0.08571428571428572
0 0.23571428571428574 0.6285714285714286 0.014285714285714287 0.11428571428571428
0 0.2 0.08571428571428572 0.03333333333333334 0.14285714285714285
