1 0.04404761904761905 0.7785714285714286 0.04047619047619048 0.3857142857142857
1 0.40952380952380957 0.3 0.02380952380952381 0.14285714285714285
0 0.3154761904761905 0.22142857142857142 0.01666666666666667 0.09999999999999999
0 0.1773809523809524 0.40714285714285714 0.01666666666666667 0.07142857142857142
0 0.24404761904761907 0.7285714285714285 0.02142857142857143 0.08571428571428572
0 0.21309523809523812 0.15714285714285714 0.011904761904761906 0.11428571428571428
0 0.12619047619047621 0.6928571428571428 0.02380952380952381 0.07142857142857142
0 0.014285714285714287 0.41428571428571426 0.01904761904761905 0.08571428571428572
0 0.2761904761904762 0.6428571428571428 0.014285714285714287 0.08571428571428572
0 0.17261904761904764 0.9214285714285714 0.011904761904761906 0.09999999999999999
