0 0.5190476190476191 0.3 0.01904761904761905 0.14285714285714285
0 0.6583333333333334 0.39285714285714285 0.02142857142857143 0.18571428571428572
0 0.6773809523809524 0.65 0.011904761904761906 0.09999999999999999
0 0.9035714285714287 0.7928571428571428 0.01666666666666667 0.12857142857142856
0 0.9261904761904762 0.07142857142857142 0.01904761904761905 0.08571428571428572
0 0.9035714285714287 0.5785714285714285 0.011904761904761906 0.09999999999999999
0 0.7904761904761906 0.3214285714285714 0.02380952380952381 0.15714285714285714
0 0.6392857142857143 0.07142857142857142 0.02142857142857143 0.14285714285714285
0 0.5476190476190477 0.3071428571428571 0.014285714285714287 0.15714285714285714
0 0.5845238095238096 0.8285714285714285 0.030952380952380953 0.19999999999999998
0 0.24642857142857144 0.42857142857142855 0.03571428571428572 0.22857142857142856
