0 0.42619047619047623 0.8785714285714286 0.01904761904761905 0.09999999999999999
0 0.5047619047619049 0.7214285714285714 0.02380952380952381 0.12857142857142856
0 0.505952380952381 0.9071428571428571 0.01666666666666667 0.12857142857142856
0 0.17023809523809524 0.7928571428571428 0.026190476190476195 0.12857142857142856
0 0.3726190476190476 0.02142857142857143 0.030952380952380953 0.04285714285714286
0 0.7154761904761905 0.85 0.026190476190476195 0.21428571428571427
0 0.8107142857142858 0.1357142857142857 0.026190476190476195 0.15714285714285714
0 0.48571428571428577 0.24285714285714285 0.02380952380952381 0.11428571428571428
0 0.5845238095238096 0.05714285714285714 0.01666666666666667 0.11428571428571428
0 0.9226190476190477 0.7785714285714286 0.030952380952380953 0.12857142857142856
0 0.8797619047619049 0.5071428571428571 0.030952380952380953 0.09999999999999999
0 0.3416666666666667 0.5071428571428571 0.01666666666666667 0.09999999999999999
0 0.10357142857142858 0.16428571428571428 0.02142857142857143 0.09999999999999999
0 0.7940476190476191 0.2857142857142857 0.01666666666666667 0.08571428571428572
0 0.6880952380952382 0.6357142857142857 0.01904761904761905 0.12857142857142856
