0 0.5130952380952382 0.8357142857142857 0.01666666666666667 0.09999999999999999
0 0.24761904761904763 0.6928571428571428 0.01904761904761905 0.09999999999999999
0 0.5416666666666667 0.5499999999999999 0.01666666666666667 0.15714285714285714
0 0.4535714285714286 0.7214285714285714 0.02142857142857143 0.12857142857142856
0 0.7452380952380953 0.9357142857142857 0.01904761904761905 0.09999999999999999
0 0.7714285714285715 0.45714285714285713 0.014285714285714287 0.11428571428571428
0 0.39642857142857146 0.3857142857142857 0.02142857142857143 0.11428571428571428
0 0.5130952380952382 0.22142857142857142 0.02142857142857143 0.09999999999999999
0 0.45833333333333337 0.15 0.011904761904761906 0.09999999999999999
0 0.9261904761904762 0.9142857142857143 0.01904761904761905 0.14285714285714285
0 0.8833333333333334 0.04285714285714286 0.014285714285714287 0.08571428571428572
0 0.775 0.7714285714285714 0.01666666666666667 0.11428571428571428
