0 0.8845238095238096 0.7214285714285714 0.026190476190476195 0.15714285714285714
0 0.28690476190476194 0.8142857142857143 0.011904761904761906 0.11428571428571428
0 0.025 0.11428571428571428 0.01666666666666667 0.08571428571428572
0 0.6583333333333334 0.4928571428571428 0.05 0.2714285714285714
0 0.3035714285714286 0.9285714285714285 0.011904761904761906 0.11428571428571428
0 0.3726190476190476 0.04285714285714286 0.011904761904761906 0.08571428571428572
0 0.8321428571428572 0.7 0.02142857142857143 0.14285714285714285
0 0.6083333333333334 0.07857142857142857 0.026190476190476195 0.15714285714285714
0 0.6107142857142858 0.42142857142857143 0.026190476190476195 0.09999999999999999
0 0.23095238095238096 0.32857142857142857 0.009523809523809525 0.08571428571428572
0 0.8023809523809524 0.6142857142857142 0.01904761904761905 0.05714285714285714
0 0.15952380952380954 0.1357142857142857 0.014285714285714287 0.09999999999999999
0 0.2571428571428572 0.8285714285714285 0.01904761904761905 0.05714285714285714
0 0.6035714285714286 0.7214285714285714 0.10714285714285715 0.12857142857142856
0 0.8690476190476192 0.5 0.02380952380952381 0.08571428571428572
0 0.9226190476190477 0.95 0.026190476190476195 0.07142857142857142
0 0.1630952380952381 0.7 0.026190476190476195 0.08571428571428572
0 0.028571428571428574 0.6142857142857142 0.01904761904761905 0.05714285714285714
0 0.7988095238095239 0.3857142857142857 0.01666666666666667 0.08571428571428572
0 0.19642857142857145 0.7928571428571428 0.02142857142857143 0.09999999999999999
0 0.6238095238095238 0.2571428571428571 0.01904761904761905 0.05714285714285714
0 0.6964285714285715 0.5428571428571428 0.01666666666666667 0.08571428571428572
0 0.12619047619047621 0.5928571428571429 0.02380952380952381 0.09999999999999999
0 0.3535714285714286 0.40714285714285714 0.02142857142857143 0.09999999999999999
0 0.4142857142857143 0.8714285714285714 0.028571428571428574 0.08571428571428572
0 0.8261904761904763 0.9142857142857143 0.028571428571428574 0.11428571428571428
0 0.8678571428571429 0.24285714285714285 0.01666666666666667 0.08571428571428572
0 0.717857142857143 0.18571428571428572 0.02142857142857143 0.05714285714285714
0 0.9785714285714286 0.6428571428571428 0.014285714285714287 0.05714285714285714
0 0.8988095238095238 0.3857142857142857 0.01666666666666667 0.08571428571428572
