0 0.8321428571428572 0.8785714285714286 0.02142857142857143 0.18571428571428572
0 0.6261904761904763 0.8785714285714286 0.03333333333333334 0.21428571428571427
0 0.6523809523809524 0.08571428571428572 0.03333333333333334 0.17142857142857143
0 0.8928571428571429 0.14285714285714285 0.02380952380952381 0.11428571428571428
0 0.8928571428571429 0.35714285714285715 0.01904761904761905 0.11428571428571428
0 0.9404761904761906 0.06428571428571428 0.03333333333333334 0.12857142857142856
0 0.9821428571428572 0.04285714285714286 0.01666666666666667 0.08571428571428572
0 0.967857142857143 0.15 0.01666666666666667 0.07142857142857142
0 0.8273809523809524 0.6571428571428571 0.026190476190476195 0.14285714285714285
0 0.7333333333333334 0.7857142857142857 0.01904761904761905 0.11428571428571428
0 0.7726190476190476 0.40714285714285714 0.01666666666666667 0.12857142857142856
0 0.8214285714285715 0.2357142857142857 0.02380952380952381 0.09999999999999999
0 0.5345238095238096 0.39999999999999997 0.026190476190476195 0.17142857142857143
0 0.5488095238095239 0.12142857142857143 0.026190476190476195 0.09999999999999999
0 0.5380952380952382 0.02857142857142857 0.014285714285714287 0.05714285714285714
0 0.4297619047619048 0.6428571428571428 0.02142857142857143 0.14285714285714285
0 0.3940476190476191 0.8642857142857142 0.030952380952380953 0.15714285714285714
0 0.20714285714285716 0.6428571428571428 0.028571428571428574 0.14285714285714285
0 0.3023809523809524 0.19999999999999998 0.014285714285714287 0.14285714285714285
0 0.5785714285714286 0.39999999999999997 0.01904761904761905 0.17142857142857143
0 0.6071428571428572 0.39285714285714285 0.02380952380952381 0.24285714285714285
0 0.6357142857142858 0.34285714285714286 0.02380952380952381 0.17142857142857143
0 0.7261904761904763 0.5285714285714286 0.02380952380952381 0.08571428571428572
0 0.7000000000000001 0.9357142857142857 0.02380952380952381 0.09999999999999999
0 0.9821428571428572 0.6 0.01666666666666667 0.08571428571428572
0 0.8190476190476191 0.12142857142857143 0.01904761904761905 0.09999999999999999
0 0.7809523809523811 0.06428571428571428 0.02380952380952381 0.12857142857142856
0 0.5 0.39285714285714285 0.014285714285714287 0.09999999999999999
0 0.5619047619047619 0.7285714285714285 0.014285714285714287 0.08571428571428572
0 0.5464285714285715 0.6071428571428571 0.030952380952380953 0.09999999999999999
0 0.0761904761904762 0.8642857142857142 0.02380952380952381 0.24285714285714285
0 0.25833333333333336 0.8785714285714286 0.01666666666666667 0.15714285714285714
0 0.30952380952380953 0.9 0.014285714285714287 0.17142857142857143
0 0.2666666666666667 0.34285714285714286 0.014285714285714287 0.08571428571428572
0 0.4023809523809524 0.7 0.014285714285714287 0.08571428571428572
0 0.605952380952381 0.6428571428571428 0.030952380952380953 0.14285714285714285
0 0.12619047619047621 0.5142857142857142 0.02380952380952381 0.08571428571428572
0 0.861904761904762 0.45 0.01904761904761905 0.15714285714285714
0 0.33452380952380956 0.9 0.02142857142857143 0.11428571428571428
0 0.1619047619047619 0.35714285714285715 0.02380952380952381 0.08571428571428572
0 0.14404761904761906 0.04285714285714286 0.02142857142857143 0.08571428571428572
0 0.4035714285714286 0.15714285714285714 0.01666666666666667 0.08571428571428572
0 0.4285714285714286 0.3 0.01904761904761905 0.11428571428571428
