0 0.07857142857142858 0.37142857142857144 0.01904761904761905 0.14285714285714285
0 0.10595238095238096 0.17857142857142858 0.011904761904761906 0.07142857142857142
0 0.33452380952380956 0.9 0.02142857142857143 0.11428571428571428
0 0.23095238095238096 0.7571428571428571 0.01904761904761905 0.11428571428571428
0 0.7607142857142858 0.2714285714285714 0.026190476190476195 0.17142857142857143
0 0.830952380952381 0.2857142857142857 0.02380952380952381 0.17142857142857143
0 0.8297619047619048 0.07142857142857142 0.011904761904761906 0.08571428571428572
0 0.8940476190476191 0.8285714285714285 0.011904761904761906 0.11428571428571428
0 0.6428571428571429 0.8142857142857143 0.01904761904761905 0.08571428571428572
0 0.9761904761904763 0.6071428571428571 0.014285714285714287 0.09999999999999999
0 0.8023809523809524 0.6928571428571428 0.01904761904761905 0.09999999999999999
0 0.9095238095238096 0.22857142857142856 0.01904761904761905 0.11428571428571428
0 0.12261904761904763 0.8357142857142857 0.01666666666666667 0.12857142857142856
0 0.07142857142857144 0.8571428571428571 0.014285714285714287 0.05714285714285714
0 0.14642857142857144 0.2857142857142857 0.01666666666666667 0.11428571428571428
0 0.21309523809523812 0.25 0.01666666666666667 0.09999999999999999
0 0.18571428571428572 0.32857142857142857 0.014285714285714287 0.05714285714285714
0 0.6642857142857144 0.5 0.014285714285714287 0.08571428571428572
0 0.7226190476190477 0.19999999999999998 0.01666666666666667 0.08571428571428572
0 0.6964285714285715 0.37142857142857144 0.011904761904761906 0.08571428571428572
0 0.9500000000000001 0.7785714285714286 0.014285714285714287 0.07142857142857142
0 0.9916666666666668 0.4928571428571428 0.011904761904761906 0.07142857142857142
0 0.38452380952380955 0.65 0.01666666666666667 0.09999999999999999
0 0.2619047619047619 0.37857142857142856 0.009523809523809525 0.09999999999999999
0 0.4416666666666667 0.05714285714285714 0.011904761904761906 0.08571428571428572
0 0.4678571428571429 0.09999999999999999 0.01666666666666667 0.08571428571428572
0 0.5095238095238096 0.1357142857142857 0.02380952380952381 0.07142857142857142
0 0.27976190476190477 0.6571428571428571 0.011904761904761906 0.11428571428571428
0 0.125 0.07857142857142857 0.011904761904761906 0.07142857142857142
0 0.48809523809523814 0.7285714285714285 0.009523809523809525 0.05714285714285714
0 0.8654761904761905 0.7642857142857142 0.011904761904761906 0.07142857142857142
0 0.05952380952380953 0.5571428571428572 0.009523809523809525 0.05714285714285714
0 0.430952380952381 0.47857142857142854 0.014285714285714287 0.09999999999999999
0 0.41071428571428575 0.2642857142857143 0.0071428571428571435 0.04285714285714286
0 0.4202380952380953 0.15714285714285714 0.0071428571428571435 0.08571428571428572
0 0.33452380952380956 0.04285714285714286 0.011904761904761906 0.05714285714285714
0 0.6297619047619049 0.17857142857142858 0.011904761904761906 0.09999999999999999
0 0.5666666666666668 0.7214285714285714 0.009523809523809525 0.07142857142857142
0 0.5892857142857143 0.47857142857142854 0.01666666666666667 0.09999999999999999
0 0.9547619047619048 0.32857142857142857 0.009523809523809525 0.08571428571428572
0 0.6785714285714286 0.2714285714285714 0.009523809523809525 0.05714285714285714
0 0.6988095238095239 0.19285714285714284 0.011904761904761906 0.09999999999999999
0 0.986904761904762 0.049999999999999996 0.01666666666666667 0.09999999999999999
0 0.8488095238095239 0.07142857142857142 0.01666666666666667 0.08571428571428572
0 0.7273809523809525 0.6714285714285714 0.011904761904761906 0.05714285714285714
0 0.6857142857142857 0.9214285714285714 0.014285714285714287 0.09999999999999999
0 0.3916666666666667 0.37142857142857144 0.01666666666666667 0.08571428571428572
0 0.11547619047619048 0.37142857142857144 0.011904761904761906 0.08571428571428572
0 0.6011904761904763 0.07142857142857142 0.011904761904761906 0.08571428571428572
0 0.536904761904762 0.18571428571428572 0.01666666666666667 0.05714285714285714
0 0.6988095238095239 0.7999999999999999 0.011904761904761906 0.08571428571428572
0 0.7690476190476191 0.02857142857142857 0.014285714285714287 0.05714285714285714
0 0.9285714285714286 0.09285714285714286 0.009523809523809525 0.07142857142857142
0 0.7440476190476191 0.5785714285714285 0.01666666666666667 0.09999999999999999
0 0.20595238095238097 0.6928571428571428 0.011904761904761906 0.04285714285714286
0 0.525 0.45714285714285713 0.0071428571428571435 0.05714285714285714
0 0.661904761904762 0.12142857142857143 0.009523809523809525 0.07142857142857142
0 0.9142857142857144 0.45714285714285713 0.014285714285714287 0.08571428571428572
0 0.305952380952381 0.42857142857142855 0.011904761904761906 0.08571428571428572
0 0.7464285714285714 0.9142857142857143 0.0071428571428571435 0.05714285714285714
0 0.38571428571428573 0.95 0.009523809523809525 0.07142857142857142
0 0.4702380952380953 0.8357142857142857 0.01666666666666667 0.07142857142857142
0 0.7904761904761906 0.40714285714285714 0.014285714285714287 0.09999999999999999
0 0.880952380952381 0.02857142857142857 0.01904761904761905 0.05714285714285714
0 0.9773809523809525 0.8785714285714286 0.011904761904761906 0.09999999999999999
0 0.6190476190476191 0.9214285714285714 0.009523809523809525 0.04285714285714286
0 0.4488095238095238 0.7571428571428571 0.011904761904761906 0.05714285714285714
0 0.25 0.02142857142857143 0.014285714285714287 0.04285714285714286
0 0.07976190476190477 0.22857142857142856 0.011904761904761906 0.05714285714285714
0 0.036904761904761905 0.7357142857142857 0.011904761904761906 0.07142857142857142
0 0.8261904761904763 0.5714285714285714 0.009523809523809525 0.05714285714285714
