0 0.5964285714285715 0.9357142857142857 0.026190476190476195 0.09999999999999999
0 0.3380952380952381 0.5928571428571429 0.02380952380952381 0.12857142857142856
0 0.06309523809523811 0.37857142857142856 0.01666666666666667 0.09999999999999999
0 0.12619047619047621 0.5357142857142857 0.01904761904761905 0.07142857142857142
0 0.10595238095238096 0.34285714285714286 0.026190476190476195 0.11428571428571428
0 0.05 0.85 0.01904761904761905 0.09999999999999999
0 0.19642857142857145 0.17857142857142858 0.01666666666666667 0.07142857142857142
0 0.2416666666666667 0.9357142857142857 0.02142857142857143 0.09999999999999999
0 0.3523809523809524 0.8142857142857143 0.02380952380952381 0.08571428571428572
0 0.5607142857142857 0.7714285714285714 0.01666666666666667 0.11428571428571428
0 0.5785714285714286 0.25 0.01904761904761905 0.09999999999999999
0 0.4440476190476191 0.34285714285714286 0.01666666666666667 0.08571428571428572
0 0.37738095238095243 0.1357142857142857 0.02142857142857143 0.09999999999999999
0 0.7690476190476191 0.20714285714285713 0.01904761904761905 0.09999999999999999
0 0.7976190476190477 0.3 0.01904761904761905 0.08571428571428572
0 0.8690476190476192 0.5928571428571429 0.01904761904761905 0.09999999999999999
0 0.8357142857142857 0.7571428571428571 0.014285714285714287 0.08571428571428572
0 0.9107142857142858 0.7 0.02142857142857143 0.08571428571428572
0 0.9357142857142858 0.9071428571428571 0.028571428571428574 0.09999999999999999
0 0.7357142857142858 0.4714285714285714 0.01904761904761905 0.11428571428571428
0 0.2654761904761905 0.8285714285714285 0.01666666666666667 0.08571428571428572
0 0.6976190476190477 0.3857142857142857 0.028571428571428574 0.08571428571428572
