0 0.05952380952380953 0.10714285714285714 0.0380952380952381 0.15714285714285714
0 0.008333333333333335 0.3214285714285714 0.01666666666666667 0.18571428571428572
0 0.1011904761904762 0.6214285714285714 0.02142857142857143 0.24285714285714285
0 0.2023809523809524 0.34285714285714286 0.028571428571428574 0.17142857142857143
0 0.4202380952380953 0.6428571428571428 0.02142857142857143 0.08571428571428572
0 0.44761904761904764 0.5571428571428572 0.01904761904761905 0.14285714285714285
0 0.5190476190476191 0.7999999999999999 0.02380952380952381 0.14285714285714285
0 0.6095238095238096 0.7714285714285714 0.028571428571428574 0.14285714285714285
0 0.6095238095238096 0.03571428571428571 0.04285714285714286 0.07142857142857142
0 0.6702380952380953 0.7142857142857143 0.026190476190476195 0.34285714285714286
0 0.6285714285714287 0.19999999999999998 0.03333333333333334 0.14285714285714285
0 0.8130952380952382 0.8428571428571429 0.02142857142857143 0.14285714285714285
0 0.6797619047619048 0.25 0.04047619047619048 0.24285714285714285
0 0.7857142857142858 0.42857142857142855 0.04285714285714286 0.19999999999999998
