0 0.4214285714285715 0.3 0.03333333333333334 0.17142857142857143
0 0.38928571428571435 0.7142857142857143 0.01666666666666667 0.08571428571428572
0 0.38928571428571435 0.8142857142857143 0.02142857142857143 0.08571428571428572
0 0.4630952380952381 0.35 0.01666666666666667 0.07142857142857142
0 0.9142857142857144 0.18571428571428572 0.014285714285714287 0.08571428571428572
0 0.5464285714285715 0.3214285714285714 0.0071428571428571435 0.04285714285714286
0 0.5404761904761906 0.8285714285714285 0.009523809523809525 0.11428571428571428
0 0.38928571428571435 0.44285714285714284 0.0071428571428571435 0.05714285714285714
0 0.41190476190476194 0.5714285714285714 0.014285714285714287 0.08571428571428572
0 0.5607142857142857 0.12857142857142856 0.011904761904761906 0.11428571428571428
0 0.3869047619047619 0.24285714285714285 0.01666666666666667 0.08571428571428572
0 0.5261904761904762 0.25 0.02380952380952381 0.18571428571428572
0 0.2404761904761905 0.85 0.01904761904761905 0.09999999999999999
0 0.4821428571428572 0.40714285714285714 0.011904761904761906 0.07142857142857142
0 0.5750000000000001 0.22142857142857142 0.0071428571428571435 0.07142857142857142
0 0.5011904761904762 0.35714285714285715 0.01666666666666667 0.05714285714285714
0 0.5166666666666667 0.4857142857142857 0.014285714285714287 0.08571428571428572
1 0.1142857142857143 0.5357142857142857 0.2285714285714286 0.9
1 0.24404761904761907 0.7214285714285714 0.01666666666666667 0.09999999999999999
1 0.3261904761904762 0.5499999999999999 0.11904761904761905 0.8714285714285714
1 0.45000000000000007 0.8214285714285714 0.028571428571428574 0.24285714285714285
1 0.4845238095238096 0.7357142857142857 0.05 0.35714285714285715
1 0.5416666666666667 0.6357142857142857 0.03571428571428572 0.2714285714285714
1 0.7952380952380953 0.5357142857142857 0.4047619047619048 0.9
