0 0.17500000000000002 0.5 0.01666666666666667 0.08571428571428572
0 0.5190476190476191 0.40714285714285714 0.02380952380952381 0.12857142857142856
0 0.5928571428571429 0.09285714285714286 0.01904761904761905 0.07142857142857142
0 0.6380952380952382 0.3071428571428571 0.01904761904761905 0.07142857142857142
0 0.7511904761904763 0.4357142857142857 0.02142857142857143 0.07142857142857142
0 0.9130952380952382 0.6357142857142857 0.02142857142857143 0.07142857142857142
0 0.7190476190476192 0.45 0.01904761904761905 0.07142857142857142
0 0.5130952380952382 0.8428571428571429 0.01666666666666667 0.05714285714285714
0 0.5404761904761906 0.75 0.014285714285714287 0.07142857142857142
0 0.3547619047619048 0.65 0.014285714285714287 0.07142857142857142
0 0.38452380952380955 0.7785714285714286 0.01666666666666667 0.07142857142857142
0 0.45000000000000007 0.65 0.014285714285714287 0.07142857142857142
0 0.46190476190476193 0.8071428571428572 0.014285714285714287 0.07142857142857142
0 0.39642857142857146 0.8857142857142857 0.01666666666666667 0.05714285714285714
0 0.23571428571428574 0.2357142857142857 0.02380952380952381 0.07142857142857142
0 0.0761904761904762 0.5 0.03333333333333334 0.08571428571428572
0 0.12619047619047621 0.45714285714285713 0.02380952380952381 0.05714285714285714
0 0.02380952380952381 0.2571428571428571 0.014285714285714287 0.08571428571428572
0 0.03333333333333334 0.7785714285714286 0.014285714285714287 0.07142857142857142
0 0.0071428571428571435 0.95 0.014285714285714287 0.07142857142857142
0 0.14761904761904762 0.5071428571428571 0.014285714285714287 0.07142857142857142
0 0.1285714285714286 0.5499999999999999 0.01904761904761905 0.07142857142857142
0 0.08571428571428572 0.7 0.014285714285714287 0.14285714285714285
0 0.06666666666666668 0.5785714285714285 0.01904761904761905 0.07142857142857142
0 0.3416666666666667 0.5571428571428572 0.02142857142857143 0.05714285714285714
0 0.4714285714285715 0.7285714285714285 0.01904761904761905 0.05714285714285714
0 0.4702380952380953 0.5499999999999999 0.01666666666666667 0.07142857142857142
0 0.4702380952380953 0.12142857142857143 0.026190476190476195 0.07142857142857142
0 0.5738095238095239 0.15 0.014285714285714287 0.07142857142857142
0 0.8190476190476191 0.2714285714285714 0.01904761904761905 0.08571428571428572
0 0.9392857142857144 0.6 0.01666666666666667 0.08571428571428572
0 0.9785714285714286 0.2642857142857143 0.01904761904761905 0.07142857142857142
0 0.9011904761904763 0.32857142857142857 0.011904761904761906 0.05714285714285714
0 0.8607142857142858 0.3071428571428571 0.01666666666666667 0.07142857142857142
0 0.6630952380952382 0.7071428571428571 0.02142857142857143 0.07142857142857142
0 0.6821428571428572 0.65 0.01666666666666667 0.07142857142857142
0 0.34880952380952385 0.7285714285714285 0.02142857142857143 0.05714285714285714
0 0.4083333333333334 0.42142857142857143 0.02142857142857143 0.09999999999999999
0 0.42380952380952386 0.19285714285714284 0.01904761904761905 0.04285714285714286
0 0.40952380952380957 0.12857142857142856 0.01904761904761905 0.05714285714285714
0 0.2666666666666667 0.45714285714285713 0.02380952380952381 0.08571428571428572
0 0.2547619047619048 0.6428571428571428 0.02380952380952381 0.08571428571428572
0 0.27976190476190477 0.7285714285714285 0.02142857142857143 0.05714285714285714
0 0.1273809523809524 0.36428571428571427 0.01666666666666667 0.09999999999999999
0 0.01785714285714286 0.46428571428571425 0.030952380952380953 0.07142857142857142
0 0.025 0.1357142857142857 0.026190476190476195 0.07142857142857142
0 0.26071428571428573 0.3142857142857143 0.02142857142857143 0.08571428571428572
0 0.5202380952380953 0.17142857142857143 0.01666666666666667 0.05714285714285714
1 0.5547619047619048 0.5928571428571429 0.04285714285714286 0.24285714285714285
