0 0.028571428571428574 0.16428571428571428 0.009523809523809525 0.07142857142857142
0 0.5238095238095238 0.5357142857142857 0.009523809523809525 0.07142857142857142
0 0.8214285714285715 0.5642857142857143 0.014285714285714287 0.07142857142857142
0 0.7428571428571429 0.6 0.004761904761904762 0.05714285714285714
0 0.7011904761904763 0.37857142857142856 0.011904761904761906 0.04285714285714286
0 0.5107142857142858 0.35 0.0071428571428571435 0.04285714285714286
0 0.2535714285714286 0.5714285714285714 0.011904761904761906 0.05714285714285714
0 0.5571428571428572 0.8357142857142857 0.009523809523809525 0.04285714285714286
0 0.65 0.95 0.014285714285714287 0.04285714285714286
0 0.24523809523809526 0.06428571428571428 0.004761904761904762 0.04285714285714286
0 0.029761904761904764 0.7999999999999999 0.011904761904761906 0.02857142857142857
0 0.8976190476190476 0.5285714285714286 0.014285714285714287 0.05714285714285714
0 0.9416666666666668 0.3 0.0071428571428571435 0.05714285714285714
