0 0.16666666666666669 0.04285714285714286 0.02380952380952381 0.08571428571428572
0 0.430952380952381 0.3357142857142857 0.028571428571428574 0.09999999999999999
0 0.5011904761904762 0.6071428571428571 0.026190476190476195 0.15714285714285714
0 0.4678571428571429 0.8714285714285714 0.02142857142857143 0.11428571428571428
0 0.48571428571428577 0.9428571428571428 0.01904761904761905 0.05714285714285714
0 0.705952380952381 0.15714285714285714 0.04047619047619048 0.14285714285714285
0 0.6964285714285715 0.7285714285714285 0.01666666666666667 0.08571428571428572
0 0.7809523809523811 0.95 0.014285714285714287 0.07142857142857142
0 0.9261904761904762 0.35 0.02380952380952381 0.12857142857142856
0 0.8904761904761905 0.08571428571428572 0.014285714285714287 0.08571428571428572
0 0.630952380952381 0.9 0.014285714285714287 0.08571428571428572
