0 0.8071428571428572 0.7214285714285714 0.01904761904761905 0.07142857142857142
0 0.42380952380952386 0.65 0.014285714285714287 0.09999999999999999
0 0.7000000000000001 0.4857142857142857 0.01904761904761905 0.08571428571428572
0 0.9023809523809525 0.03571428571428571 0.01904761904761905 0.07142857142857142
0 0.7904761904761906 0.5785714285714285 0.02380952380952381 0.18571428571428572
0 0.08571428571428572 0.2714285714285714 0.014285714285714287 0.11428571428571428
0 0.38928571428571435 0.6071428571428571 0.01666666666666667 0.07142857142857142
0 0.5 0.6642857142857143 0.02380952380952381 0.07142857142857142
0 0.5214285714285715 0.20714285714285713 0.014285714285714287 0.09999999999999999
0 0.1416666666666667 0.7 0.030952380952380953 0.08571428571428572
0 0.14047619047619048 0.45 0.009523809523809525 0.09999999999999999
0 0.09285714285714286 0.3857142857142857 0.014285714285714287 0.05714285714285714
0 0.35000000000000003 0.12142857142857143 0.014285714285714287 0.07142857142857142
0 0.8095238095238096 0.37857142857142856 0.02380952380952381 0.07142857142857142
0 0.8500000000000001 0.9 0.01904761904761905 0.08571428571428572
0 0.5797619047619048 0.21428571428571427 0.011904761904761906 0.11428571428571428
0 0.7357142857142858 0.36428571428571427 0.014285714285714287 0.07142857142857142
0 0.8142857142857144 0.1357142857142857 0.028571428571428574 0.09999999999999999
0 0.9523809523809524 0.8214285714285714 0.01904761904761905 0.09999999999999999
0 0.27261904761904765 0.18571428571428572 0.011904761904761906 0.11428571428571428
0 0.28452380952380957 0.07142857142857142 0.01666666666666667 0.05714285714285714
0 0.4130952380952381 0.2357142857142857 0.02142857142857143 0.09999999999999999
0 0.3928571428571429 0.7142857142857143 0.01904761904761905 0.05714285714285714
0 0.3952380952380953 0.8714285714285714 0.01904761904761905 0.08571428571428572
0 0.17023809523809524 0.3857142857142857 0.011904761904761906 0.11428571428571428
