0 0.4535714285714286 0.5714285714285714 0.01666666666666667 0.11428571428571428
0 0.4785714285714286 0.45 0.01904761904761905 0.07142857142857142
0 0.11071428571428572 0.09999999999999999 0.011904761904761906 0.08571428571428572
0 0.29523809523809524 0.5142857142857142 0.01904761904761905 0.11428571428571428
0 0.053571428571428575 0.37142857142857144 0.01666666666666667 0.05714285714285714
0 0.11309523809523811 0.8357142857142857 0.01666666666666667 0.07142857142857142
0 0.22142857142857145 0.09999999999999999 0.014285714285714287 0.08571428571428572
0 0.29761904761904767 0.18571428571428572 0.02380952380952381 0.05714285714285714
0 0.555952380952381 0.8285714285714285 0.01666666666666667 0.08571428571428572
0 0.6297619047619049 0.8071428571428572 0.01666666666666667 0.09999999999999999
0 0.6714285714285715 0.9142857142857143 0.014285714285714287 0.08571428571428572
0 0.7476190476190477 0.7857142857142857 0.014285714285714287 0.08571428571428572
0 0.775 0.3857142857142857 0.01666666666666667 0.05714285714285714
0 0.5797619047619048 0.2571428571428571 0.011904761904761906 0.05714285714285714
0 0.5130952380952382 0.5214285714285715 0.011904761904761906 0.07142857142857142
0 0.3154761904761905 0.8642857142857142 0.01666666666666667 0.07142857142857142
0 0.12619047619047621 0.41428571428571426 0.014285714285714287 0.05714285714285714
0 0.9821428571428572 0.5428571428571428 0.01666666666666667 0.08571428571428572
0 0.8297619047619048 0.8714285714285714 0.011904761904761906 0.05714285714285714
0 0.6547619047619048 0.5285714285714286 0.01904761904761905 0.05714285714285714
0 0.41785714285714287 0.2642857142857143 0.011904761904761906 0.04285714285714286
0 0.02142857142857143 0.8285714285714285 0.01904761904761905 0.08571428571428572
