0 0.0071428571428571435 0.049999999999999996 0.009523809523809525 0.04285714285714286
0 0.004761904761904762 0.3071428571428571 0.009523809523809525 0.09999999999999999
0 0.025 0.5071428571428571 0.011904761904761906 0.04285714285714286
0 0.3261904761904762 0.7357142857142857 0.014285714285714287 0.04285714285714286
0 0.3273809523809524 0.15 0.01666666666666667 0.15714285714285714
0 0.37380952380952387 0.39999999999999997 0.009523809523809525 0.05714285714285714
0 0.3642857142857143 0.46428571428571425 0.009523809523809525 0.04285714285714286
1 0.43214285714285716 0.19999999999999998 0.02142857142857143 0.17142857142857143
1 0.2619047619047619 0.5642857142857143 0.0380952380952381 0.32857142857142857
1 0.14761904761904762 0.09285714285714286 0.028571428571428574 0.15714285714285714
0 0.4642857142857143 0.6642857142857143 0.014285714285714287 0.09999999999999999
0 0.4845238095238096 0.39999999999999997 0.02142857142857143 0.11428571428571428
0 0.430952380952381 0.42857142857142855 0.01904761904761905 0.11428571428571428
0 0.45000000000000007 0.22857142857142856 0.009523809523809525 0.05714285714285714
0 0.45833333333333337 0.12142857142857143 0.011904761904761906 0.04285714285714286
0 0.37380952380952387 0.05714285714285714 0.009523809523809525 0.05714285714285714
0 0.305952380952381 0.5499999999999999 0.0071428571428571435 0.04285714285714286
0 0.31428571428571433 0.6285714285714286 0.009523809523809525 0.02857142857142857
0 0.2547619047619048 0.95 0.014285714285714287 0.04285714285714286
0 0.2773809523809524 0.7999999999999999 0.01666666666666667 0.05714285714285714
0 0.2773809523809524 0.9 0.0071428571428571435 0.02857142857142857
0 0.10952380952380954 0.9071428571428571 0.009523809523809525 0.04285714285714286
0 0.10595238095238096 0.7857142857142857 0.0071428571428571435 0.02857142857142857
0 0.09880952380952382 0.6714285714285714 0.01666666666666667 0.08571428571428572
0 0.11666666666666668 0.5142857142857142 0.009523809523809525 0.02857142857142857
0 0.05238095238095239 0.6428571428571428 0.009523809523809525 0.05714285714285714
0 0.0380952380952381 0.44285714285714284 0.009523809523809525 0.05714285714285714
0 0.07857142857142858 0.41428571428571426 0.009523809523809525 0.05714285714285714
0 0.10714285714285715 0.32857142857142857 0.03333333333333334 0.19999999999999998
0 0.1523809523809524 0.5 0.04285714285714286 0.14285714285714285
0 0.29642857142857143 0.3071428571428571 0.0071428571428571435 0.04285714285714286
0 0.2916666666666667 0.049999999999999996 0.0071428571428571435 0.04285714285714286
0 0.5071428571428572 0.65 0.014285714285714287 0.07142857142857142
0 0.525 0.6 0.011904761904761906 0.05714285714285714
0 0.536904761904762 0.5214285714285715 0.0071428571428571435 0.04285714285714286
0 0.7154761904761905 0.4714285714285714 0.38333333333333336 0.7999999999999999
0 0.5916666666666667 0.75 0.011904761904761906 0.04285714285714286
0 0.6285714285714287 0.7571428571428571 0.009523809523809525 0.02857142857142857
0 0.5166666666666667 0.7785714285714286 0.004761904761904762 0.04285714285714286
0 0.6142857142857143 0.10714285714285714 0.004761904761904762 0.04285714285714286
0 0.6321428571428572 0.15 0.0071428571428571435 0.04285714285714286
0 0.6333333333333334 0.22142857142857142 0.004761904761904762 0.04285714285714286
0 0.6464285714285715 0.21428571428571427 0.0071428571428571435 0.02857142857142857
0 0.6690476190476191 0.1357142857142857 0.009523809523809525 0.04285714285714286
0 0.4571428571428572 0.7857142857142857 0.004761904761904762 0.02857142857142857
0 0.4214285714285715 0.6785714285714286 0.009523809523809525 0.07142857142857142
0 0.4190476190476191 0.7714285714285714 0.009523809523809525 0.02857142857142857
0 0.4345238095238096 0.8142857142857143 0.0071428571428571435 0.02857142857142857
0 0.19285714285714287 0.6214285714285714 0.009523809523809525 0.04285714285714286
0 0.20952380952380956 0.4857142857142857 0.009523809523809525 0.02857142857142857
0 0.20476190476190478 0.37857142857142856 0.009523809523809525 0.04285714285714286
0 0.23452380952380955 0.37142857142857144 0.0071428571428571435 0.05714285714285714
0 0.18333333333333335 0.2785714285714286 0.009523809523809525 0.04285714285714286
0 0.14761904761904762 0.2714285714285714 0.009523809523809525 0.05714285714285714
0 0.1773809523809524 0.03571428571428571 0.0071428571428571435 0.04285714285714286
0 0.18095238095238098 0.3071428571428571 0.0380952380952381 0.2714285714285714
0 0.22261904761904763 0.3 0.0071428571428571435 0.02857142857142857
0 0.01785714285714286 0.9642857142857143 0.0071428571428571435 0.04285714285714286
1 0.0035714285714285718 0.8285714285714285 0.0071428571428571435 0.2571428571428571
1 0.05476190476190477 0.22142857142857142 0.009523809523809525 0.09999999999999999
1 0.036904761904761905 0.32857142857142857 0.0071428571428571435 0.05714285714285714
1 0.01666666666666667 0.6142857142857142 0.009523809523809525 0.05714285714285714
1 0.002380952380952381 0.6 0.004761904761904762 0.05714285714285714
1 0.010714285714285714 0.5571428571428572 0.0071428571428571435 0.05714285714285714
1 0.09166666666666667 0.05714285714285714 0.011904761904761906 0.05714285714285714
1 0.07023809523809524 0.1357142857142857 0.0071428571428571435 0.04285714285714286
1 0.06904761904761905 0.21428571428571427 0.009523809523809525 0.05714285714285714
1 0.06547619047619048 0.4357142857142857 0.011904761904761906 0.07142857142857142
1 0.22976190476190478 0.06428571428571428 0.011904761904761906 0.04285714285714286
1 0.23571428571428574 0.12142857142857143 0.014285714285714287 0.04285714285714286
1 0.24642857142857144 0.05714285714285714 0.0071428571428571435 0.02857142857142857
1 0.505952380952381 0.2357142857142857 0.01666666666666667 0.04285714285714286
1 0.3452380952380953 0.8928571428571428 0.009523809523809525 0.04285714285714286
1 0.3666666666666667 0.7428571428571429 0.014285714285714287 0.08571428571428572
1 0.3928571428571429 0.6 0.009523809523809525 0.05714285714285714
1 0.4690476190476191 0.04285714285714286 0.014285714285714287 0.05714285714285714
1 0.36190476190476195 0.6428571428571428 0.009523809523809525 0.02857142857142857
1 0.3547619047619048 0.3214285714285714 0.01904761904761905 0.15714285714285714
1 0.3916666666666667 0.7999999999999999 0.0071428571428571435 0.05714285714285714
0 0.36190476190476195 0.9428571428571428 0.009523809523809525 0.05714285714285714
0 0.3047619047619048 0.8857142857142857 0.009523809523809525 0.05714285714285714
0 0.3023809523809524 0.7714285714285714 0.028571428571428574 0.11428571428571428
0 0.3285714285714286 0.5571428571428572 0.08571428571428572 0.2571428571428571
0 0.430952380952381 0.5571428571428572 0.009523809523809525 0.02857142857142857
0 0.39047619047619053 0.7 0.009523809523809525 0.05714285714285714
0 0.4035714285714286 0.2571428571428571 0.0071428571428571435 0.05714285714285714
0 0.4142857142857143 0.14285714285714285 0.009523809523809525 0.02857142857142857
0 0.45000000000000007 0.05714285714285714 0.004761904761904762 0.05714285714285714
0 0.42261904761904767 0.06428571428571428 0.0071428571428571435 0.04285714285714286
0 0.6392857142857143 0.04285714285714286 0.01666666666666667 0.08571428571428572
0 0.6107142857142858 0.03571428571428571 0.0071428571428571435 0.04285714285714286
0 0.5952380952380953 0.06428571428571428 0.009523809523809525 0.04285714285714286
0 0.6047619047619048 0.9571428571428571 0.009523809523809525 0.05714285714285714
0 0.7154761904761905 0.7714285714285714 0.011904761904761906 0.05714285714285714
0 0.7035714285714286 0.7214285714285714 0.011904761904761906 0.04285714285714286
0 0.7035714285714286 0.6285714285714286 0.01666666666666667 0.05714285714285714
0 0.7226190476190477 0.5642857142857143 0.011904761904761906 0.04285714285714286
0 0.49880952380952387 0.7928571428571428 0.0071428571428571435 0.04285714285714286
0 0.5023809523809524 0.85 0.009523809523809525 0.04285714285714286
0 0.42619047619047623 0.8714285714285714 0.009523809523809525 0.05714285714285714
0 0.3952380952380953 0.9285714285714285 0.009523809523809525 0.05714285714285714
0 0.4130952380952381 0.9428571428571428 0.011904761904761906 0.05714285714285714
0 0.48809523809523814 0.5571428571428572 0.009523809523809525 0.02857142857142857
0 0.48690476190476195 0.6571428571428571 0.011904761904761906 0.05714285714285714
0 0.4821428571428572 0.7071428571428571 0.0071428571428571435 0.04285714285714286
0 0.14404761904761906 0.8428571428571429 0.030952380952380953 0.08571428571428572
0 0.1654761904761905 0.7071428571428571 0.01666666666666667 0.04285714285714286
0 0.17857142857142858 0.65 0.009523809523809525 0.04285714285714286
0 0.20952380952380956 0.6571428571428571 0.009523809523809525 0.05714285714285714
0 0.20476190476190478 0.7428571428571429 0.004761904761904762 0.02857142857142857
0 0.1654761904761905 0.8928571428571428 0.0071428571428571435 0.04285714285714286
0 0.17500000000000002 0.95 0.0071428571428571435 0.07142857142857142
0 0.18333333333333335 0.8928571428571428 0.009523809523809525 0.04285714285714286
0 0.21071428571428574 0.9428571428571428 0.011904761904761906 0.05714285714285714
0 0.21071428571428574 0.8571428571428571 0.011904761904761906 0.02857142857142857
0 0.07142857142857144 0.75 0.014285714285714287 0.04285714285714286
0 0.025 0.8785714285714286 0.0071428571428571435 0.04285714285714286
0 0.051190476190476196 0.5285714285714286 0.011904761904761906 0.05714285714285714
0 0.03928571428571429 0.7214285714285714 0.0071428571428571435 0.04285714285714286
0 0.01904761904761905 0.19999999999999998 0.009523809523809525 0.02857142857142857
0 0.04166666666666667 0.19999999999999998 0.0071428571428571435 0.05714285714285714
0 0.026190476190476195 0.2642857142857143 0.009523809523809525 0.04285714285714286
0 0.04404761904761905 0.07142857142857142 0.011904761904761906 0.02857142857142857
0 0.24880952380952384 0.34285714285714286 0.0071428571428571435 0.05714285714285714
0 0.18214285714285716 0.5 0.011904761904761906 0.05714285714285714
0 0.18690476190476193 0.5642857142857143 0.01666666666666667 0.04285714285714286
0 0.13333333333333336 0.7571428571428571 0.014285714285714287 0.05714285714285714
0 0.23095238095238096 0.9714285714285714 0.009523809523809525 0.02857142857142857
0 0.23690476190476192 0.8428571428571429 0.0071428571428571435 0.05714285714285714
0 0.3940476190476191 0.19999999999999998 0.0071428571428571435 0.02857142857142857
0 0.34880952380952385 0.07142857142857142 0.0071428571428571435 0.02857142857142857
0 0.5190476190476191 0.10714285714285714 0.004761904761904762 0.04285714285714286
0 0.4761904761904762 0.22857142857142856 0.01904761904761905 0.05714285714285714
0 0.49523809523809526 0.19285714285714284 0.004761904761904762 0.04285714285714286
0 0.45952380952380956 0.17857142857142858 0.004761904761904762 0.04285714285714286
0 0.3642857142857143 0.21428571428571427 0.014285714285714287 0.05714285714285714
0 0.37500000000000006 0.5071428571428571 0.0071428571428571435 0.07142857142857142
0 0.4 0.5357142857142857 0.004761904761904762 0.04285714285714286
0 0.405952380952381 0.6214285714285714 0.0071428571428571435 0.04285714285714286
0 0.4047619047619048 0.8142857142857143 0.004761904761904762 0.02857142857142857
0 0.45119047619047625 0.9285714285714285 0.0071428571428571435 0.02857142857142857
0 0.45952380952380956 0.8928571428571428 0.009523809523809525 0.04285714285714286
0 0.430952380952381 0.7357142857142857 0.004761904761904762 0.04285714285714286
0 0.5345238095238096 0.6785714285714286 0.011904761904761906 0.04285714285714286
0 0.5321428571428571 0.7285714285714285 0.0071428571428571435 0.02857142857142857
0 0.5321428571428571 0.8428571428571429 0.0071428571428571435 0.02857142857142857
0 0.5511904761904762 0.8142857142857143 0.0071428571428571435 0.05714285714285714
0 0.5511904761904762 0.95 0.002380952380952381 0.07142857142857142
0 0.5785714285714286 0.85 0.009523809523809525 0.04285714285714286
0 0.5523809523809524 0.7357142857142857 0.009523809523809525 0.04285714285714286
0 0.5773809523809524 0.5714285714285714 0.01666666666666667 0.02857142857142857
0 0.5702380952380953 0.5285714285714286 0.011904761904761906 0.05714285714285714
0 0.5464285714285715 0.46428571428571425 0.0071428571428571435 0.04285714285714286
0 0.5583333333333333 0.4714285714285714 0.002380952380952381 0.02857142857142857
0 0.1892857142857143 0.7857142857142857 0.0071428571428571435 0.05714285714285714
0 0.2011904761904762 0.5714285714285714 0.011904761904761906 0.05714285714285714
0 0.2142857142857143 0.24285714285714285 0.014285714285714287 0.02857142857142857
0 0.19404761904761905 0.04285714285714286 0.0071428571428571435 0.02857142857142857
0 0.25238095238095243 0.19285714285714284 0.009523809523809525 0.04285714285714286
0 0.23571428571428574 0.2714285714285714 0.009523809523809525 0.05714285714285714
0 0.2535714285714286 0.11428571428571428 0.0071428571428571435 0.02857142857142857
0 0.2702380952380953 0.20714285714285713 0.011904761904761906 0.04285714285714286
0 0.2702380952380953 0.2714285714285714 0.011904761904761906 0.02857142857142857
0 0.2630952380952381 0.07857142857142857 0.0071428571428571435 0.04285714285714286
0 0.2773809523809524 0.04285714285714286 0.011904761904761906 0.05714285714285714
0 0.3404761904761905 0.39285714285714285 0.009523809523809525 0.04285714285714286
0 0.07976190476190477 0.5214285714285715 0.0071428571428571435 0.04285714285714286
0 0.1 0.46428571428571425 0.004761904761904762 0.04285714285714286
0 0.1142857142857143 0.18571428571428572 0.004761904761904762 0.02857142857142857
0 0.08571428571428572 0.9642857142857143 0.009523809523809525 0.04285714285714286
0 0.0642857142857143 0.014285714285714285 0.009523809523809525 0.02857142857142857
0 0.015476190476190477 0.7 0.011904761904761906 0.05714285714285714
0 0.01785714285714286 0.36428571428571427 0.0071428571428571435 0.04285714285714286
0 0.0071428571428571435 0.22142857142857142 0.009523809523809525 0.04285714285714286
0 0.022619047619047622 0.07857142857142857 0.0071428571428571435 0.04285714285714286
0 0.02380952380952381 0.02142857142857143 0.009523809523809525 0.04285714285714286
0 0.2142857142857143 0.42142857142857143 0.004761904761904762 0.04285714285714286
0 0.22976190476190478 0.45 0.0071428571428571435 0.04285714285714286
0 0.21309523809523812 0.5357142857142857 0.0071428571428571435 0.04285714285714286
0 0.2285714285714286 0.5142857142857142 0.009523809523809525 0.02857142857142857
0 0.2630952380952381 0.5 0.0071428571428571435 0.02857142857142857
0 0.47261904761904766 0.3 0.0071428571428571435 0.02857142857142857
0 0.46071428571428574 0.34285714285714286 0.011904761904761906 0.05714285714285714
0 0.44523809523809527 0.6 0.009523809523809525 0.02857142857142857
0 0.44761904761904764 0.5642857142857143 0.009523809523809525 0.04285714285714286
0 0.47500000000000003 0.8928571428571428 0.0071428571428571435 0.04285714285714286
0 0.5178571428571429 0.39999999999999997 0.011904761904761906 0.02857142857142857
0 0.511904761904762 0.46428571428571425 0.009523809523809525 0.04285714285714286
0 0.5011904761904762 0.5357142857142857 0.0071428571428571435 0.04285714285714286
0 0.5023809523809524 0.07857142857142857 0.004761904761904762 0.04285714285714286
0 0.4761904761904762 0.1357142857142857 0.009523809523809525 0.04285714285714286
0 0.38571428571428573 0.15714285714285714 0.009523809523809525 0.02857142857142857
0 0.380952380952381 0.22857142857142856 0.009523809523809525 0.02857142857142857
0 0.380952380952381 0.3142857142857143 0.009523809523809525 0.05714285714285714
0 0.3940476190476191 0.3 0.0071428571428571435 0.05714285714285714
0 0.4214285714285715 0.3142857142857143 0.009523809523809525 0.05714285714285714
0 0.37380952380952387 0.6214285714285714 0.004761904761904762 0.04285714285714286
0 0.3047619047619048 0.07857142857142857 0.009523809523809525 0.04285714285714286
0 0.3940476190476191 0.07142857142857142 0.0071428571428571435 0.02857142857142857
0 0.4904761904761905 0.03571428571428571 0.009523809523809525 0.04285714285714286
0 0.6916666666666668 0.04285714285714286 0.0071428571428571435 0.02857142857142857
0 0.6904761904761906 0.7785714285714286 0.009523809523809525 0.04285714285714286
0 0.7190476190476192 0.8642857142857142 0.009523809523809525 0.04285714285714286
0 0.5607142857142857 0.8857142857142857 0.0071428571428571435 0.05714285714285714
0 0.5750000000000001 0.65 0.011904761904761906 0.04285714285714286
0 0.5440476190476191 0.5857142857142857 0.011904761904761906 0.05714285714285714
0 0.06666666666666668 0.8928571428571428 0.009523809523809525 0.04285714285714286
0 0.03928571428571429 0.6714285714285714 0.0071428571428571435 0.02857142857142857
0 0.11785714285714287 0.6357142857142857 0.0071428571428571435 0.04285714285714286
0 0.12619047619047621 0.5785714285714285 0.009523809523809525 0.04285714285714286
0 0.11071428571428572 0.9714285714285714 0.0071428571428571435 0.02857142857142857
0 0.09642857142857143 0.8214285714285714 0.0071428571428571435 0.04285714285714286
0 0.0642857142857143 0.5571428571428572 0.009523809523809525 0.05714285714285714
0 0.05 0.36428571428571427 0.014285714285714287 0.04285714285714286
0 0.21904761904761907 0.7357142857142857 0.009523809523809525 0.04285714285714286
0 0.14285714285714288 0.39999999999999997 0.009523809523809525 0.05714285714285714
0 0.14761904761904762 0.35 0.004761904761904762 0.04285714285714286
0 0.3154761904761905 0.39285714285714285 0.0071428571428571435 0.04285714285714286
0 0.3166666666666667 0.3357142857142857 0.004761904761904762 0.04285714285714286
0 0.3035714285714286 0.2357142857142857 0.011904761904761906 0.07142857142857142
0 0.28095238095238095 0.17857142857142858 0.004761904761904762 0.04285714285714286
0 0.4 0.45 0.004761904761904762 0.014285714285714285
0 0.38928571428571435 0.42857142857142855 0.011904761904761906 0.08571428571428572
0 0.5190476190476191 0.9285714285714285 0.009523809523809525 0.02857142857142857
0 0.4428571428571429 0.7785714285714286 0.009523809523809525 0.04285714285714286
0 0.4702380952380953 0.4714285714285714 0.0071428571428571435 0.02857142857142857
0 0.4761904761904762 0.5428571428571428 0.009523809523809525 0.02857142857142857
0 0.44642857142857145 0.4357142857142857 0.0071428571428571435 0.07142857142857142
0 0.44642857142857145 0.35714285714285715 0.0071428571428571435 0.02857142857142857
0 0.5023809523809524 0.3 0.009523809523809525 0.02857142857142857
0 0.04285714285714286 0.7857142857142857 0.009523809523809525 0.05714285714285714
0 0.330952380952381 0.8071428571428572 0.009523809523809525 0.04285714285714286
0 0.6166666666666667 0.8785714285714286 0.004761904761904762 0.04285714285714286
0 0.5773809523809524 0.7999999999999999 0.0071428571428571435 0.05714285714285714
0 0.37500000000000006 0.9 0.0071428571428571435 0.02857142857142857
0 0.34880952380952385 0.7999999999999999 0.0071428571428571435 0.02857142857142857
0 0.09047619047619049 0.5928571428571429 0.009523809523809525 0.04285714285714286
0 0.6321428571428572 0.85 0.0071428571428571435 0.04285714285714286
0 0.7071428571428572 0.35714285714285715 0.009523809523809525 0.02857142857142857
0 0.13452380952380955 0.9357142857142857 0.0071428571428571435 0.04285714285714286
0 0.2571428571428572 0.7571428571428571 0.004761904761904762 0.05714285714285714
0 0.761904761904762 0.007142857142857143 0.009523809523809525 0.014285714285714285
0 0.9666666666666668 0.18571428571428572 0.004761904761904762 0.05714285714285714
0 0.942857142857143 0.37142857142857144 0.014285714285714287 0.05714285714285714
0 0.9583333333333334 0.2785714285714286 0.011904761904761906 0.04285714285714286
0 0.9595238095238096 0.5142857142857142 0.009523809523809525 0.02857142857142857
0 0.9880952380952381 0.7285714285714285 0.009523809523809525 0.08571428571428572
0 0.9940476190476192 0.8071428571428572 0.0071428571428571435 0.07142857142857142
0 0.9202380952380953 0.9357142857142857 0.011904761904761906 0.04285714285714286
0 0.9404761904761906 0.9428571428571428 0.009523809523809525 0.05714285714285714
0 0.9202380952380953 0.7999999999999999 0.011904761904761906 0.05714285714285714
0 0.8476190476190477 0.9 0.009523809523809525 0.05714285714285714
0 0.8190476190476191 0.5714285714285714 0.014285714285714287 0.08571428571428572
0 0.8047619047619048 0.4857142857142857 0.01904761904761905 0.05714285714285714
0 0.8321428571428572 0.4714285714285714 0.011904761904761906 0.05714285714285714
0 0.8273809523809524 0.3071428571428571 0.011904761904761906 0.04285714285714286
0 0.7726190476190476 0.2571428571428571 0.0071428571428571435 0.02857142857142857
0 0.5904761904761905 0.6571428571428571 0.009523809523809525 0.05714285714285714
0 0.6940476190476191 0.85 0.011904761904761906 0.07142857142857142
0 0.8035714285714286 0.41428571428571426 0.011904761904761906 0.02857142857142857
0 0.9011904761904763 0.22142857142857142 0.011904761904761906 0.12857142857142856
0 0.8976190476190476 0.45 0.009523809523809525 0.07142857142857142
0 0.8797619047619049 0.35 0.0071428571428571435 0.07142857142857142
0 0.7500000000000001 0.20714285714285713 0.009523809523809525 0.07142857142857142
0 0.8523809523809525 0.014285714285714285 0.009523809523809525 0.02857142857142857
0 0.9642857142857144 0.1357142857142857 0.014285714285714287 0.04285714285714286
0 0.9142857142857144 0.02857142857142857 0.004761904761904762 0.05714285714285714
0 0.9178571428571429 0.5499999999999999 0.011904761904761906 0.04285714285714286
0 0.9226190476190477 0.5 0.011904761904761906 0.08571428571428572
0 0.9654761904761906 0.6857142857142857 0.0071428571428571435 0.02857142857142857
0 0.9464285714285715 0.6857142857142857 0.011904761904761906 0.08571428571428572
0 0.9833333333333334 0.6071428571428571 0.009523809523809525 0.07142857142857142
0 0.992857142857143 0.5142857142857142 0.009523809523809525 0.05714285714285714
0 0.9821428571428572 0.2357142857142857 0.0071428571428571435 0.04285714285714286
0 0.9738095238095239 0.2785714285714286 0.009523809523809525 0.07142857142857142
0 0.7404761904761905 0.7 0.009523809523809525 0.05714285714285714
0 0.7345238095238096 0.11428571428571428 0.011904761904761906 0.05714285714285714
0 0.9345238095238096 0.05714285714285714 0.011904761904761906 0.02857142857142857
0 0.9130952380952382 0.22142857142857142 0.011904761904761906 0.04285714285714286
0 0.9154761904761906 0.3214285714285714 0.0071428571428571435 0.04285714285714286
0 0.8214285714285715 0.02142857142857143 0.014285714285714287 0.04285714285714286
0 0.9654761904761906 0.6142857142857142 0.0071428571428571435 0.02857142857142857
0 0.9285714285714286 0.6214285714285714 0.004761904761904762 0.04285714285714286
0 0.8976190476190476 0.7 0.009523809523809525 0.02857142857142857
0 0.9916666666666668 0.09999999999999999 0.011904761904761906 0.05714285714285714
0 0.9940476190476192 0.20714285714285713 0.0071428571428571435 0.07142857142857142
0 0.9202380952380953 0.12142857142857143 0.011904761904761906 0.04285714285714286
0 0.7666666666666667 0.9642857142857143 0.009523809523809525 0.04285714285714286
0 0.6702380952380953 0.9214285714285714 0.011904761904761906 0.04285714285714286
0 0.7833333333333334 0.4357142857142857 0.009523809523809525 0.04285714285714286
0 0.8654761904761905 0.09999999999999999 0.011904761904761906 0.05714285714285714
0 0.8797619047619049 0.19999999999999998 0.0071428571428571435 0.05714285714285714
0 0.9761904761904763 0.09285714285714286 0.009523809523809525 0.04285714285714286
0 0.9488095238095239 0.22142857142857142 0.011904761904761906 0.04285714285714286
0 0.9547619047619048 0.8714285714285714 0.004761904761904762 0.05714285714285714
0 0.9321428571428573 0.7714285714285714 0.011904761904761906 0.02857142857142857
0 0.8261904761904763 0.95 0.009523809523809525 0.04285714285714286
0 0.8857142857142858 0.8785714285714286 0.009523809523809525 0.07142857142857142
0 0.9000000000000001 0.7999999999999999 0.009523809523809525 0.05714285714285714
0 0.7119047619047619 0.9428571428571428 0.009523809523809525 0.02857142857142857
0 0.9880952380952381 0.39285714285714285 0.009523809523809525 0.04285714285714286
0 0.9654761904761906 0.36428571428571427 0.0071428571428571435 0.04285714285714286
0 0.9702380952380953 0.44285714285714284 0.011904761904761906 0.02857142857142857
0 0.9666666666666668 0.014285714285714285 0.014285714285714287 0.02857142857142857
0 0.9452380952380953 0.14285714285714285 0.009523809523809525 0.05714285714285714
0 0.9202380952380953 0.3857142857142857 0.011904761904761906 0.05714285714285714
0 0.9452380952380953 0.3214285714285714 0.009523809523809525 0.04285714285714286
0 0.942857142857143 0.4714285714285714 0.009523809523809525 0.02857142857142857
0 0.9440476190476191 0.5571428571428572 0.011904761904761906 0.05714285714285714
0 0.9607142857142859 0.9357142857142857 0.011904761904761906 0.04285714285714286
0 0.9666666666666668 0.8571428571428571 0.009523809523809525 0.02857142857142857
0 0.9630952380952382 0.7714285714285714 0.0071428571428571435 0.05714285714285714
0 0.936904761904762 0.02142857142857143 0.011904761904761906 0.04285714285714286
0 0.7880952380952382 0.02142857142857143 0.009523809523809525 0.04285714285714286
0 0.511904761904762 0.007142857142857143 0.004761904761904762 0.014285714285714285
0 0.5416666666666667 0.02142857142857143 0.011904761904761906 0.04285714285714286
0 0.5761904761904763 0.007142857142857143 0.014285714285714287 0.014285714285714285
0 0.8678571428571429 0.007142857142857143 0.0071428571428571435 0.014285714285714285
0 0.8988095238095238 0.014285714285714285 0.011904761904761906 0.02857142857142857
0 0.8857142857142858 0.7071428571428571 0.009523809523809525 0.04285714285714286
0 0.7511904761904763 0.8928571428571428 0.0071428571428571435 0.04285714285714286
0 0.6190476190476191 0.19999999999999998 0.009523809523809525 0.05714285714285714
0 0.11785714285714287 0.014285714285714285 0.0071428571428571435 0.02857142857142857
