0 0.053571428571428575 0.12857142857142856 0.011904761904761906 0.05714285714285714
0 0.24404761904761907 0.12142857142857143 0.011904761904761906 0.07142857142857142
0 0.4928571428571429 0.4928571428571428 0.009523809523809525 0.07142857142857142
0 0.4845238095238096 0.7642857142857142 0.011904761904761906 0.04285714285714286
0 0.811904761904762 0.5071428571428571 0.02380952380952381 0.09999999999999999
1 0.7892857142857144 0.7928571428571428 0.04047619047619048 0.3
1 0.6321428571428572 0.19285714285714284 0.011904761904761906 0.04285714285714286
1 0.6166666666666667 0.6357142857142857 0.009523809523809525 0.04285714285714286
1 0.30119047619047623 0.7999999999999999 0.011904761904761906 0.02857142857142857
1 0.05714285714285715 0.37142857142857144 0.009523809523809525 0.05714285714285714
1 0.6380952380952382 0.3071428571428571 0.009523809523809525 0.07142857142857142
1 0.7107142857142857 0.3142857142857143 0.0071428571428571435 0.05714285714285714
0 0.5095238095238096 0.16428571428571428 0.009523809523809525 0.07142857142857142
0 0.1630952380952381 0.8071428571428572 0.0071428571428571435 0.07142857142857142
0 0.6690476190476191 0.75 0.004761904761904762 0.04285714285714286
