0 0.530952380952381 0.6071428571428571 0.028571428571428574 0.12857142857142856
0 0.43809523809523815 0.37857142857142856 0.01904761904761905 0.09999999999999999
0 0.10833333333333334 0.75 0.01666666666666667 0.07142857142857142
0 0.4202380952380953 0.6571428571428571 0.03571428571428572 0.17142857142857143
0 0.7357142857142858 0.25 0.014285714285714287 0.07142857142857142
0 0.3261904761904762 0.15714285714285714 0.01904761904761905 0.08571428571428572
0 0.20476190476190478 0.25 0.014285714285714287 0.07142857142857142
0 0.6238095238095238 0.2571428571428571 0.01904761904761905 0.08571428571428572
0 0.6023809523809525 0.5642857142857143 0.02380952380952381 0.15714285714285714
0 0.5214285714285715 0.4714285714285714 0.02380952380952381 0.14285714285714285
0 0.3023809523809524 0.95 0.014285714285714287 0.07142857142857142
0 0.07380952380952381 0.35714285714285715 0.014285714285714287 0.05714285714285714
0 0.36309523809523814 0.12142857142857143 0.01666666666666667 0.09999999999999999
0 0.4714285714285715 0.9071428571428571 0.01904761904761905 0.09999999999999999
0 0.6261904761904763 0.8214285714285714 0.014285714285714287 0.07142857142857142
0 0.5714285714285715 0.7285714285714285 0.014285714285714287 0.05714285714285714
0 0.5797619047619048 0.25 0.011904761904761906 0.09999999999999999
0 0.46071428571428574 0.35 0.011904761904761906 0.09999999999999999
0 0.22500000000000003 0.5571428571428572 0.02142857142857143 0.11428571428571428
0 0.07261904761904762 0.14285714285714285 0.01666666666666667 0.08571428571428572
0 0.06785714285714287 0.29285714285714287 0.01666666666666667 0.04285714285714286
0 0.7761904761904762 0.5499999999999999 0.01904761904761905 0.07142857142857142
0 0.6797619047619048 0.35714285714285715 0.01666666666666667 0.08571428571428572
0 0.7166666666666668 0.37142857142857144 0.02380952380952381 0.08571428571428572
0 0.9035714285714287 0.15714285714285714 0.02142857142857143 0.08571428571428572
0 0.7904761904761906 0.9214285714285714 0.02380952380952381 0.09999999999999999
0 0.0880952380952381 0.5 0.02380952380952381 0.05714285714285714
0 0.9857142857142858 0.6142857142857142 0.02380952380952381 0.19999999999999998
0 0.830952380952381 0.6642857142857143 0.02380952380952381 0.09999999999999999
0 0.3678571428571429 0.45714285714285713 0.02142857142857143 0.08571428571428572
0 0.45119047619047625 0.5 0.026190476190476195 0.05714285714285714
