0 0.9880952380952381 0.2571428571428571 0.01904761904761905 0.11428571428571428
0 0.9845238095238096 0.11428571428571428 0.026190476190476195 0.11428571428571428
0 0.9892857142857143 0.7428571428571429 0.01666666666666667 0.14285714285714285
0 0.9130952380952382 0.5285714285714286 0.01666666666666667 0.14285714285714285
0 0.8988095238095238 0.42142857142857143 0.01666666666666667 0.15714285714285714
0 0.6511904761904762 0.17142857142857143 0.03571428571428572 0.19999999999999998
0 0.8357142857142857 0.8214285714285714 0.01904761904761905 0.12857142857142856
0 0.6250000000000001 0.8714285714285714 0.026190476190476195 0.14285714285714285
0 0.26071428571428573 0.2714285714285714 0.04047619047619048 0.2571428571428571
0 0.5535714285714286 0.09285714285714286 0.026190476190476195 0.12857142857142856
0 0.6226190476190476 0.03571428571428571 0.01666666666666667 0.07142857142857142
0 0.5702380952380953 0.44285714285714284 0.02142857142857143 0.11428571428571428
0 0.5428571428571429 0.5285714285714286 0.028571428571428574 0.14285714285714285
0 0.55 0.41428571428571426 0.01904761904761905 0.08571428571428572
0 0.5892857142857143 0.41428571428571426 0.011904761904761906 0.08571428571428572
0 0.5023809523809524 0.6571428571428571 0.01904761904761905 0.14285714285714285
0 0.38928571428571435 0.7 0.026190476190476195 0.11428571428571428
0 0.480952380952381 0.19285714285714284 0.0380952380952381 0.21428571428571427
0 0.47261904761904766 0.5071428571428571 0.02142857142857143 0.12857142857142856
0 0.02023809523809524 0.3857142857142857 0.026190476190476195 0.14285714285714285
0 0.15952380952380954 0.32857142857142857 0.02380952380952381 0.11428571428571428
0 0.7785714285714287 0.37857142857142856 0.01904761904761905 0.12857142857142856
