0 0.10952380952380954 0.8285714285714285 0.028571428571428574 0.11428571428571428
0 0.013095238095238097 0.40714285714285714 0.026190476190476195 0.15714285714285714
0 0.20595238095238097 0.2357142857142857 0.011904761904761906 0.15714285714285714
0 0.008333333333333335 0.8928571428571428 0.01666666666666667 0.18571428571428572
0 0.5452380952380953 0.9428571428571428 0.009523809523809525 0.08571428571428572
0 0.5226190476190476 0.20714285714285713 0.02142857142857143 0.09999999999999999
0 0.5523809523809524 0.4357142857142857 0.009523809523809525 0.12857142857142856
0 0.5071428571428572 0.39999999999999997 0.014285714285714287 0.08571428571428572
0 0.6297619047619049 0.37857142857142856 0.011904761904761906 0.12857142857142856
0 0.6130952380952381 0.05714285714285714 0.030952380952380953 0.11428571428571428
0 0.6000000000000001 0.39285714285714285 0.03333333333333334 0.15714285714285714
0 0.5833333333333334 0.22857142857142856 0.02380952380952381 0.14285714285714285
0 0.7726190476190476 0.09285714285714286 0.026190476190476195 0.12857142857142856
0 0.7607142857142858 0.39285714285714285 0.01666666666666667 0.09999999999999999
0 0.7440476190476191 0.3214285714285714 0.011904761904761906 0.09999999999999999
0 0.8226190476190477 0.8071428571428572 0.011904761904761906 0.07142857142857142
0 0.817857142857143 0.6714285714285714 0.02142857142857143 0.08571428571428572
0 0.9642857142857144 0.22142857142857142 0.009523809523809525 0.12857142857142856
