0 0.04166666666666667 0.9428571428571428 0.04047619047619048 0.08571428571428572
0 0.2035714285714286 0.5071428571428571 0.05952380952380953 0.2714285714285714
0 0.5916666666666667 0.07142857142857142 0.030952380952380953 0.14285714285714285
0 0.5404761904761906 0.45714285714285713 0.0380952380952381 0.14285714285714285
0 0.6130952380952381 0.3 0.05952380952380953 0.19999999999999998
0 0.6023809523809525 0.7214285714285714 0.03333333333333334 0.18571428571428572
0 0.49880952380952387 0.9214285714285714 0.045238095238095244 0.12857142857142856
0 0.6666666666666667 0.5857142857142857 0.01904761904761905 0.11428571428571428
0 0.6833333333333333 0.7714285714285714 0.01904761904761905 0.17142857142857143
0 0.6511904761904762 0.8857142857142857 0.02142857142857143 0.17142857142857143
0 0.7773809523809525 0.5714285714285714 0.02142857142857143 0.17142857142857143
0 0.7214285714285715 0.5642857142857143 0.01904761904761905 0.15714285714285714
0 0.8107142857142858 0.5214285714285715 0.011904761904761906 0.07142857142857142
0 0.7952380952380953 0.42142857142857143 0.014285714285714287 0.09999999999999999
0 0.8857142857142858 0.9285714285714285 0.01904761904761905 0.11428571428571428
0 0.730952380952381 0.17857142857142858 0.028571428571428574 0.21428571428571427
