0 0.24880952380952384 0.07142857142857142 0.026190476190476195 0.14285714285714285
0 0.2642857142857143 0.5 0.01904761904761905 0.14285714285714285
0 0.10714285714285715 0.12142857142857143 0.028571428571428574 0.12857142857142856
0 0.20476190476190478 0.4357142857142857 0.02380952380952381 0.15714285714285714
0 0.013095238095238097 0.36428571428571427 0.026190476190476195 0.12857142857142856
0 0.05 0.6428571428571428 0.01904761904761905 0.11428571428571428
0 0.04642857142857143 0.5 0.01666666666666667 0.08571428571428572
0 0.04047619047619048 0.40714285714285714 0.01904761904761905 0.09999999999999999
0 0.053571428571428575 0.16428571428571428 0.026190476190476195 0.09999999999999999
0 0.14047619047619048 0.7928571428571428 0.02380952380952381 0.15714285714285714
0 0.6261904761904763 0.9142857142857143 0.0380952380952381 0.14285714285714285
0 0.6940476190476191 0.9214285714285714 0.030952380952380953 0.12857142857142856
0 0.5654761904761906 0.9214285714285714 0.026190476190476195 0.12857142857142856
0 0.7880952380952382 0.06428571428571428 0.02380952380952381 0.12857142857142856
0 0.7285714285714286 0.6714285714285714 0.028571428571428574 0.11428571428571428
0 0.8416666666666668 0.5428571428571428 0.02142857142857143 0.11428571428571428
0 0.9607142857142859 0.5428571428571428 0.026190476190476195 0.17142857142857143
0 0.9714285714285715 0.8642857142857142 0.02380952380952381 0.12857142857142856
0 0.5130952380952382 0.7785714285714286 0.030952380952380953 0.18571428571428572
0 0.43333333333333335 0.8428571428571429 0.028571428571428574 0.14285714285714285
0 0.6607142857142858 0.44285714285714284 0.01666666666666667 0.17142857142857143
0 0.7523809523809525 0.2357142857142857 0.01904761904761905 0.12857142857142856
0 0.7345238095238096 0.05714285714285714 0.01666666666666667 0.11428571428571428
0 0.4690476190476191 0.6357142857142857 0.01904761904761905 0.12857142857142856
0 0.47500000000000003 0.42142857142857143 0.030952380952380953 0.21428571428571427
0 0.6214285714285714 0.6571428571428571 0.01904761904761905 0.14285714285714285
0 0.5619047619047619 0.7285714285714285 0.028571428571428574 0.11428571428571428
0 0.2035714285714286 0.16428571428571428 0.026190476190476195 0.12857142857142856
0 0.9416666666666668 0.12142857142857143 0.01666666666666667 0.12857142857142856
0 0.8404761904761906 0.39285714285714285 0.02380952380952381 0.12857142857142856
0 0.6607142857142858 0.07142857142857142 0.030952380952380953 0.14285714285714285
0 0.7273809523809525 0.5071428571428571 0.02142857142857143 0.15714285714285714
0 0.46547619047619054 0.05714285714285714 0.02142857142857143 0.11428571428571428
