0 0.02023809523809524 0.7714285714285714 0.04047619047619048 0.11428571428571428
0 0.12023809523809526 0.47857142857142854 0.030952380952380953 0.07142857142857142
0 0.17023809523809524 0.9571428571428571 0.02142857142857143 0.05714285714285714
0 0.6464285714285715 0.39999999999999997 0.02142857142857143 0.08571428571428572
0 0.6595238095238096 0.25 0.01904761904761905 0.07142857142857142
0 0.7916666666666667 0.45 0.01666666666666667 0.07142857142857142
0 0.22619047619047622 0.7642857142857142 0.01904761904761905 0.07142857142857142
0 0.44761904761904764 0.22857142857142856 0.02380952380952381 0.22857142857142856
0 0.880952380952381 0.7285714285714285 0.014285714285714287 0.08571428571428572
0 0.18571428571428572 0.7071428571428571 0.014285714285714287 0.09999999999999999
0 0.35000000000000003 0.8142857142857143 0.014285714285714287 0.08571428571428572
0 0.2511904761904762 0.85 0.026190476190476195 0.07142857142857142
0 0.7011904761904763 0.46428571428571425 0.01666666666666667 0.09999999999999999
0 0.7880952380952382 0.6428571428571428 0.014285714285714287 0.08571428571428572
0 0.2035714285714286 0.19285714285714284 0.02142857142857143 0.07142857142857142
0 0.44761904761904764 0.41428571428571426 0.02380952380952381 0.05714285714285714
0 0.5642857142857144 0.5 0.014285714285714287 0.08571428571428572
0 0.5797619047619048 0.2571428571428571 0.011904761904761906 0.05714285714285714
0 0.775 0.08571428571428572 0.01666666666666667 0.08571428571428572
0 0.7142857142857143 0.21428571428571427 0.01904761904761905 0.05714285714285714
0 0.775 0.7857142857142857 0.01666666666666667 0.11428571428571428
0 0.05 0.5785714285714285 0.01904761904761905 0.12857142857142856
0 0.0642857142857143 0.25 0.014285714285714287 0.07142857142857142
0 0.14642857142857144 0.8071428571428572 0.011904761904761906 0.09999999999999999
0 0.18809523809523812 0.5785714285714285 0.02380952380952381 0.07142857142857142
0 0.9023809523809525 0.32857142857142857 0.014285714285714287 0.11428571428571428
0 0.9392857142857144 0.3 0.01666666666666667 0.05714285714285714
0 0.9476190476190477 0.11428571428571428 0.009523809523809525 0.08571428571428572
0 0.10476190476190478 0.95 0.01904761904761905 0.07142857142857142
0 0.14523809523809525 0.5785714285714285 0.014285714285714287 0.07142857142857142
0 0.2619047619047619 0.07857142857142857 0.01904761904761905 0.07142857142857142
0 0.5261904761904762 0.4714285714285714 0.01904761904761905 0.11428571428571428
0 0.6226190476190476 0.2571428571428571 0.02142857142857143 0.05714285714285714
0 0.34880952380952385 0.7071428571428571 0.02142857142857143 0.07142857142857142
0 0.9595238095238096 0.7071428571428571 0.009523809523809525 0.12857142857142856
0 0.9857142857142858 0.32857142857142857 0.009523809523809525 0.17142857142857143
0 0.8857142857142858 0.12142857142857143 0.014285714285714287 0.15714285714285714
0 0.6202380952380953 0.39285714285714285 0.01666666666666667 0.09999999999999999
