0 0.3678571428571429 0.32857142857142857 0.01666666666666667 0.08571428571428572
0 0.42261904761904767 0.4357142857142857 0.01666666666666667 0.09999999999999999
0 0.8047619047619048 0.9142857142857143 0.01904761904761905 0.14285714285714285
0 0.013095238095238097 0.6714285714285714 0.01666666666666667 0.08571428571428572
0 0.17142857142857143 0.6714285714285714 0.02380952380952381 0.08571428571428572
0 0.9297619047619049 0.6357142857142857 0.026190476190476195 0.15714285714285714
0 0.9488095238095239 0.3071428571428571 0.01666666666666667 0.07142857142857142
0 0.8071428571428572 0.37142857142857144 0.014285714285714287 0.08571428571428572
0 0.7154761904761905 0.7357142857142857 0.02142857142857143 0.09999999999999999
0 0.7488095238095239 0.15 0.011904761904761906 0.07142857142857142
0 0.8916666666666667 0.7071428571428571 0.01666666666666667 0.09999999999999999
0 0.7297619047619048 0.5071428571428571 0.02142857142857143 0.07142857142857142
0 0.6380952380952382 0.6214285714285714 0.01904761904761905 0.07142857142857142
0 0.8476190476190477 0.2714285714285714 0.02380952380952381 0.05714285714285714
0 0.7821428571428573 0.5142857142857142 0.02142857142857143 0.08571428571428572
0 0.6000000000000001 0.37142857142857144 0.01904761904761905 0.08571428571428572
0 0.6023809523809525 0.2642857142857143 0.014285714285714287 0.07142857142857142
0 0.5797619047619048 0.25 0.011904761904761906 0.09999999999999999
0 0.511904761904762 0.3857142857142857 0.014285714285714287 0.05714285714285714
0 0.4 0.7999999999999999 0.01904761904761905 0.11428571428571428
0 0.40952380952380957 0.6142857142857142 0.01904761904761905 0.11428571428571428
0 0.2416666666666667 0.65 0.02142857142857143 0.07142857142857142
0 0.22142857142857145 0.44285714285714284 0.014285714285714287 0.11428571428571428
0 0.4440476190476191 0.19999999999999998 0.01666666666666667 0.08571428571428572
0 0.18333333333333335 0.09999999999999999 0.02380952380952381 0.05714285714285714
0 0.1416666666666667 0.34285714285714286 0.02142857142857143 0.05714285714285714
0 0.10238095238095239 0.05714285714285714 0.014285714285714287 0.11428571428571428
0 0.14285714285714288 0.9071428571428571 0.02380952380952381 0.09999999999999999
0 0.22261904761904763 0.2785714285714286 0.026190476190476195 0.07142857142857142
0 0.9821428571428572 0.12857142857142856 0.026190476190476195 0.08571428571428572
