0 0.11547619047619048 0.12857142857142856 0.01666666666666667 0.08571428571428572
0 0.13571428571428573 0.4714285714285714 0.02380952380952381 0.05714285714285714
0 0.034523809523809526 0.12142857142857143 0.01666666666666667 0.07142857142857142
0 0.1392857142857143 0.03571428571428571 0.011904761904761906 0.07142857142857142
0 0.15357142857142858 0.7142857142857143 0.011904761904761906 0.08571428571428572
0 0.1380952380952381 0.8142857142857143 0.009523809523809525 0.08571428571428572
0 0.22261904761904763 0.18571428571428572 0.01666666666666667 0.05714285714285714
0 0.2678571428571429 0.5285714285714286 0.011904761904761906 0.08571428571428572
0 0.23690476190476192 0.8071428571428572 0.01666666666666667 0.09999999999999999
0 0.3380952380952381 0.18571428571428572 0.01904761904761905 0.08571428571428572
0 0.27380952380952384 0.9 0.014285714285714287 0.08571428571428572
0 0.2904761904761905 0.34285714285714286 0.014285714285714287 0.11428571428571428
0 0.45000000000000007 0.5928571428571429 0.014285714285714287 0.07142857142857142
0 0.7821428571428573 0.18571428571428572 0.01666666666666667 0.08571428571428572
0 0.9285714285714286 0.14285714285714285 0.01904761904761905 0.05714285714285714
0 0.9476190476190477 0.7928571428571428 0.01904761904761905 0.07142857142857142
0 0.5821428571428572 0.2571428571428571 0.011904761904761906 0.05714285714285714
0 0.4964285714285715 0.8285714285714285 0.01666666666666667 0.08571428571428572
0 0.48571428571428577 0.5 0.02380952380952381 0.05714285714285714
0 0.3523809523809524 0.85 0.02380952380952381 0.07142857142857142
0 0.8833333333333334 0.7 0.02380952380952381 0.08571428571428572
0 0.8035714285714286 0.9071428571428571 0.011904761904761906 0.09999999999999999
0 0.430952380952381 0.11428571428571428 0.014285714285714287 0.08571428571428572
0 0.9666666666666668 0.41428571428571426 0.02380952380952381 0.08571428571428572
0 0.7988095238095239 0.2642857142857143 0.011904761904761906 0.07142857142857142
0 0.43214285714285716 0.5214285714285715 0.02142857142857143 0.12857142857142856
0 0.025 0.4714285714285714 0.01666666666666667 0.05714285714285714
0 0.05476190476190477 0.41428571428571426 0.01904761904761905 0.05714285714285714
