0 0.6440476190476191 0.4714285714285714 0.02142857142857143 0.2571428571428571
0 0.05 0.9 0.028571428571428574 0.14285714285714285
0 0.3154761904761905 0.5499999999999999 0.01666666666666667 0.09999999999999999
0 0.4904761904761905 0.2857142857142857 0.01904761904761905 0.11428571428571428
0 0.5547619047619048 0.5285714285714286 0.01904761904761905 0.17142857142857143
0 0.6726190476190477 0.12142857142857143 0.01666666666666667 0.21428571428571427
0 0.8940476190476191 0.8214285714285714 0.026190476190476195 0.15714285714285714
0 0.9892857142857143 0.8785714285714286 0.01666666666666667 0.09999999999999999
0 0.980952380952381 0.5142857142857142 0.02380952380952381 0.14285714285714285
0 0.6190476190476191 0.5071428571428571 0.01904761904761905 0.12857142857142856
0 0.680952380952381 0.3214285714285714 0.02380952380952381 0.09999999999999999
0 0.5464285714285715 0.8928571428571428 0.026190476190476195 0.09999999999999999
0 0.5357142857142858 0.7071428571428571 0.02380952380952381 0.12857142857142856
0 0.5726190476190477 0.7142857142857143 0.02142857142857143 0.08571428571428572
0 0.6250000000000001 0.8785714285714286 0.030952380952380953 0.15714285714285714
0 0.6964285714285715 0.9071428571428571 0.02142857142857143 0.09999999999999999
0 0.7476190476190477 0.8071428571428572 0.01904761904761905 0.09999999999999999
0 0.7285714285714286 0.34285714285714286 0.01904761904761905 0.11428571428571428
0 0.30833333333333335 0.39999999999999997 0.01666666666666667 0.11428571428571428
0 0.15714285714285717 0.8142857142857143 0.01904761904761905 0.11428571428571428
0 0.1285714285714286 0.7714285714285714 0.01904761904761905 0.11428571428571428
0 0.25833333333333336 0.6642857142857143 0.026190476190476195 0.15714285714285714
0 0.4190476190476191 0.20714285714285713 0.01904761904761905 0.09999999999999999
0 0.7702380952380953 0.3214285714285714 0.01666666666666667 0.09999999999999999
0 0.6583333333333334 0.7285714285714285 0.02142857142857143 0.11428571428571428
0 0.8321428571428572 0.22142857142857142 0.026190476190476195 0.12857142857142856
