0 0.03333333333333334 0.2857142857142857 0.01904761904761905 0.11428571428571428
0 0.6547619047619048 0.6214285714285714 0.01904761904761905 0.07142857142857142
1 0.4297619047619048 0.7285714285714285 0.03571428571428572 0.2857142857142857
0 0.12023809523809526 0.8071428571428572 0.01666666666666667 0.12857142857142856
0 0.8083333333333335 0.3 0.01666666666666667 0.11428571428571428
0 0.6916666666666668 0.8285714285714285 0.011904761904761906 0.08571428571428572
0 0.330952380952381 0.8785714285714286 0.01904761904761905 0.09999999999999999
0 0.16666666666666669 0.4857142857142857 0.01904761904761905 0.08571428571428572
0 0.21309523809523812 0.15714285714285714 0.011904761904761906 0.08571428571428572
0 0.07500000000000001 0.9428571428571428 0.011904761904761906 0.08571428571428572
0 0.8761904761904763 0.6428571428571428 0.014285714285714287 0.08571428571428572
0 0.9095238095238096 0.6 0.014285714285714287 0.08571428571428572
0 0.8928571428571429 0.18571428571428572 0.014285714285714287 0.08571428571428572
0 0.6583333333333334 0.75 0.01666666666666667 0.07142857142857142
0 0.3464285714285715 0.7928571428571428 0.011904761904761906 0.07142857142857142
0 0.004761904761904762 0.11428571428571428 0.009523809523809525 0.05714285714285714
0 0.6797619047619048 0.3214285714285714 0.01666666666666667 0.07142857142857142
0 0.30952380952380953 0.8714285714285714 0.009523809523809525 0.08571428571428572
0 0.4678571428571429 0.24285714285714285 0.01666666666666667 0.05714285714285714
0 0.5607142857142857 0.47857142857142854 0.011904761904761906 0.09999999999999999
0 0.961904761904762 0.3857142857142857 0.014285714285714287 0.14285714285714285
0 0.717857142857143 0.3071428571428571 0.011904761904761906 0.07142857142857142
