0 0.07380952380952381 0.6071428571428571 0.02380952380952381 0.12857142857142856
0 0.05714285714285715 0.3 0.014285714285714287 0.17142857142857143
0 0.3285714285714286 0.8642857142857142 0.01904761904761905 0.09999999999999999
0 0.5452380952380953 0.4928571428571428 0.01904761904761905 0.15714285714285714
0 0.6404761904761905 0.04285714285714286 0.028571428571428574 0.08571428571428572
0 0.7630952380952382 0.7214285714285714 0.02142857142857143 0.15714285714285714
0 0.661904761904762 0.6357142857142857 0.01904761904761905 0.09999999999999999
0 0.7428571428571429 0.08571428571428572 0.01904761904761905 0.08571428571428572
0 0.6702380952380953 0.9 0.030952380952380953 0.14285714285714285
0 0.8940476190476191 0.9357142857142857 0.01666666666666667 0.09999999999999999
0 0.48690476190476195 0.6357142857142857 0.02142857142857143 0.15714285714285714
0 0.7226190476190477 0.5857142857142857 0.026190476190476195 0.14285714285714285
0 0.4761904761904762 0.2357142857142857 0.02380952380952381 0.21428571428571427
0 0.6095238095238096 0.65 0.02380952380952381 0.09999999999999999
0 0.9440476190476191 0.5928571428571429 0.02142857142857143 0.09999999999999999
0 0.6797619047619048 0.4357142857142857 0.02142857142857143 0.15714285714285714
0 0.13095238095238096 0.9071428571428571 0.014285714285714287 0.09999999999999999
0 0.030952380952380953 0.45 0.01904761904761905 0.09999999999999999
0 0.20833333333333334 0.05714285714285714 0.011904761904761906 0.08571428571428572
0 0.5154761904761905 0.44285714285714284 0.02142857142857143 0.14285714285714285
0 0.10595238095238096 0.2642857142857143 0.02142857142857143 0.12857142857142856
0 0.15357142857142858 0.18571428571428572 0.011904761904761906 0.11428571428571428
0 0.8833333333333334 0.4714285714285714 0.028571428571428574 0.14285714285714285
0 0.8607142857142858 0.42142857142857143 0.01666666666666667 0.15714285714285714
