0 0.605952380952381 0.22142857142857142 0.01666666666666667 0.12857142857142856
0 0.5797619047619048 0.34285714285714286 0.01666666666666667 0.08571428571428572
0 0.8404761904761906 0.8142857142857143 0.01904761904761905 0.08571428571428572
0 0.0761904761904762 0.95 0.009523809523809525 0.07142857142857142
0 0.011904761904761906 0.20714285714285713 0.014285714285714287 0.09999999999999999
0 0.21309523809523812 0.17857142857142858 0.0071428571428571435 0.12857142857142856
0 0.19285714285714287 0.5142857142857142 0.009523809523809525 0.11428571428571428
0 0.18452380952380953 0.8785714285714286 0.01666666666666667 0.07142857142857142
0 0.3190476190476191 0.2642857142857143 0.014285714285714287 0.18571428571428572
0 0.405952380952381 0.19999999999999998 0.01666666666666667 0.14285714285714285
0 0.44761904761904764 0.41428571428571426 0.02380952380952381 0.05714285714285714
0 0.33690476190476193 0.85 0.01666666666666667 0.07142857142857142
0 0.5011904761904762 0.45714285714285713 0.011904761904761906 0.08571428571428572
0 0.9273809523809524 0.41428571428571426 0.01666666666666667 0.11428571428571428
0 0.7940476190476191 0.16428571428571428 0.02142857142857143 0.07142857142857142
0 0.7714285714285715 0.7214285714285714 0.02380952380952381 0.09999999999999999
0 0.12976190476190477 0.5642857142857143 0.01666666666666667 0.07142857142857142
0 0.18690476190476193 0.22857142857142856 0.026190476190476195 0.05714285714285714
0 0.15833333333333335 0.15 0.011904761904761906 0.07142857142857142
0 0.3511904761904762 0.44285714285714284 0.01666666666666667 0.08571428571428572
0 0.3595238095238096 0.7928571428571428 0.014285714285714287 0.07142857142857142
0 0.9821428571428572 0.44285714285714284 0.030952380952380953 0.14285714285714285
