0 0.04761904761904762 0.85 0.01904761904761905 0.12857142857142856
1 0.65 0.5285714285714286 0.06190476190476191 0.4857142857142857
0 0.8726190476190477 0.37857142857142856 0.01666666666666667 0.09999999999999999
0 0.5773809523809524 0.2642857142857143 0.011904761904761906 0.09999999999999999
0 0.42261904761904767 0.6785714285714286 0.01666666666666667 0.09999999999999999
0 0.2619047619047619 0.7142857142857143 0.014285714285714287 0.08571428571428572
0 0.20952380952380956 0.18571428571428572 0.01904761904761905 0.08571428571428572
0 0.08095238095238096 0.36428571428571427 0.01904761904761905 0.07142857142857142
0 0.18452380952380953 0.7571428571428571 0.01666666666666667 0.08571428571428572
0 0.33333333333333337 0.21428571428571427 0.02380952380952381 0.08571428571428572
0 0.6166666666666667 0.08571428571428572 0.014285714285714287 0.11428571428571428
0 0.8666666666666667 0.8214285714285714 0.01904761904761905 0.07142857142857142
0 0.3178571428571429 0.7 0.01666666666666667 0.14285714285714285
