0 0.9797619047619048 0.7 0.03571428571428572 0.2857142857142857
0 0.9321428571428573 0.21428571428571427 0.026190476190476195 0.14285714285714285
0 0.9416666666666668 0.37142857142857144 0.011904761904761906 0.11428571428571428
0 0.6488095238095238 0.8857142857142857 0.02142857142857143 0.14285714285714285
0 0.555952380952381 0.4857142857142857 0.02142857142857143 0.19999999999999998
0 0.6821428571428572 0.35714285714285715 0.01666666666666667 0.08571428571428572
0 0.9202380952380953 0.44285714285714284 0.011904761904761906 0.08571428571428572
0 0.9583333333333334 0.5142857142857142 0.011904761904761906 0.05714285714285714
0 0.21190476190476193 0.3214285714285714 0.014285714285714287 0.09999999999999999
0 0.1142857142857143 0.2357142857142857 0.03333333333333334 0.15714285714285714
0 0.055952380952380955 0.08571428571428572 0.011904761904761906 0.11428571428571428
0 0.026190476190476195 0.24285714285714285 0.009523809523809525 0.11428571428571428
0 0.027380952380952384 0.5142857142857142 0.0071428571428571435 0.14285714285714285
0 0.1142857142857143 0.5071428571428571 0.028571428571428574 0.12857142857142856
0 0.14523809523809525 0.7571428571428571 0.01904761904761905 0.14285714285714285
0 0.08452380952380953 0.7428571428571429 0.011904761904761906 0.08571428571428572
0 0.15595238095238095 0.39285714285714285 0.01666666666666667 0.09999999999999999
0 0.22619047619047622 0.21428571428571427 0.009523809523809525 0.11428571428571428
0 0.5702380952380953 0.8857142857142857 0.0071428571428571435 0.08571428571428572
1 0.05238095238095239 0.8857142857142857 0.01904761904761905 0.11428571428571428
1 0.18690476190476193 0.65 0.026190476190476195 0.18571428571428572
1 0.24642857142857144 0.8714285714285714 0.030952380952380953 0.22857142857142856
1 0.30714285714285716 0.5642857142857143 0.08571428571428572 0.6428571428571428
1 0.45238095238095244 0.5928571428571429 0.14761904761904762 0.7857142857142857
1 0.7797619047619049 0.5642857142857143 0.12619047619047621 0.8428571428571429
0 0.6785714285714286 0.7999999999999999 0.01904761904761905 0.11428571428571428
0 0.05238095238095239 0.2571428571428571 0.014285714285714287 0.14285714285714285
0 0.0035714285714285718 0.4357142857142857 0.0071428571428571435 0.07142857142857142
0 0.5571428571428572 0.3214285714285714 0.009523809523809525 0.07142857142857142
0 0.6642857142857144 0.6428571428571428 0.009523809523809525 0.08571428571428572
0 0.13571428571428573 0.8214285714285714 0.014285714285714287 0.09999999999999999
0 0.37142857142857144 0.17142857142857143 0.009523809523809525 0.11428571428571428
0 0.9297619047619049 0.7214285714285714 0.02142857142857143 0.09999999999999999
0 0.9607142857142859 0.3857142857142857 0.011904761904761906 0.08571428571428572
0 0.8369047619047619 0.20714285714285713 0.01666666666666667 0.09999999999999999
0 0.8345238095238096 0.3214285714285714 0.0071428571428571435 0.07142857142857142
0 0.15000000000000002 0.6 0.01904761904761905 0.14285714285714285
0 0.015476190476190477 0.7714285714285714 0.011904761904761906 0.08571428571428572
0 0.01666666666666667 0.8714285714285714 0.014285714285714287 0.08571428571428572
0 0.05476190476190477 0.6714285714285714 0.014285714285714287 0.08571428571428572
0 0.18333333333333335 0.8071428571428572 0.028571428571428574 0.09999999999999999
0 0.21190476190476193 0.15 0.014285714285714287 0.09999999999999999
0 0.6142857142857143 0.6214285714285714 0.009523809523809525 0.07142857142857142
0 0.6511904761904762 0.5142857142857142 0.011904761904761906 0.05714285714285714
0 0.5797619047619048 0.15714285714285714 0.01666666666666667 0.08571428571428572
0 0.5988095238095239 0.5071428571428571 0.0071428571428571435 0.09999999999999999
0 0.8726190476190477 0.29285714285714287 0.0071428571428571435 0.07142857142857142
0 0.9880952380952381 0.3214285714285714 0.01904761904761905 0.07142857142857142
0 0.19285714285714287 0.45714285714285713 0.009523809523809525 0.08571428571428572
