0 0.7678571428571429 0.8928571428571428 0.05 0.18571428571428572
0 0.5773809523809524 0.5928571428571429 0.026190476190476195 0.15714285714285714
0 0.8845238095238096 0.36428571428571427 0.030952380952380953 0.18571428571428572
0 0.511904761904762 0.4357142857142857 0.06666666666666668 0.24285714285714285
0 0.6738095238095239 0.40714285714285714 0.0380952380952381 0.24285714285714285
0 0.7642857142857143 0.4857142857142857 0.06666666666666668 0.19999999999999998
0 0.8892857142857143 0.10714285714285714 0.02142857142857143 0.15714285714285714
0 0.9845238095238096 0.39999999999999997 0.02142857142857143 0.19999999999999998
0 0.6630952380952382 0.10714285714285714 0.030952380952380953 0.21428571428571427
0 0.6071428571428572 0.45714285714285713 0.0380952380952381 0.19999999999999998
0 0.10357142857142858 0.42857142857142855 0.026190476190476195 0.19999999999999998
