0 0.21190476190476193 0.22142857142857142 0.009523809523809525 0.07142857142857142
0 0.5107142857142858 0.11428571428571428 0.0071428571428571435 0.05714285714285714
0 0.9047619047619049 0.6857142857142857 0.009523809523809525 0.05714285714285714
0 0.55 0.8571428571428571 0.014285714285714287 0.08571428571428572
0 0.6166666666666667 0.7285714285714285 0.009523809523809525 0.05714285714285714
0 0.2773809523809524 0.7357142857142857 0.0071428571428571435 0.04285714285714286
0 0.7154761904761905 0.3071428571428571 0.02142857142857143 0.04285714285714286
0 0.8940476190476191 0.3214285714285714 0.0071428571428571435 0.04285714285714286
0 0.11190476190476191 0.5285714285714286 0.009523809523809525 0.05714285714285714
0 0.3047619047619048 0.09999999999999999 0.004761904761904762 0.05714285714285714
0 0.6321428571428572 0.8714285714285714 0.0071428571428571435 0.05714285714285714
