0 0.03928571428571429 0.6142857142857142 0.02142857142857143 0.17142857142857143
0 0.18571428571428572 0.7428571428571429 0.01904761904761905 0.11428571428571428
0 0.24880952380952384 0.07857142857142857 0.02142857142857143 0.15714285714285714
0 0.39047619047619053 0.5642857142857143 0.01904761904761905 0.15714285714285714
0 0.5488095238095239 0.014285714285714285 0.02142857142857143 0.02857142857142857
0 0.5726190476190477 0.42857142857142855 0.011904761904761906 0.17142857142857143
0 0.9095238095238096 0.2857142857142857 0.02380952380952381 0.14285714285714285
0 0.5773809523809524 0.7285714285714285 0.026190476190476195 0.17142857142857143
0 0.7547619047619049 0.9285714285714285 0.01904761904761905 0.11428571428571428
0 0.6773809523809524 0.5 0.01666666666666667 0.14285714285714285
0 0.01785714285714286 0.04285714285714286 0.011904761904761906 0.08571428571428572
