0 0.030952380952380953 0.7571428571428571 0.01904761904761905 0.11428571428571428
0 0.3154761904761905 0.7571428571428571 0.01666666666666667 0.08571428571428572
0 0.525 0.7285714285714285 0.026190476190476195 0.14285714285714285
0 0.3380952380952381 0.22142857142857142 0.03333333333333334 0.15714285714285714
0 0.4797619047619048 0.22142857142857142 0.01666666666666667 0.09999999999999999
0 0.6952380952380953 0.9571428571428571 0.03333333333333334 0.05714285714285714
0 0.8500000000000001 0.3071428571428571 0.028571428571428574 0.15714285714285714
0 0.9035714285714287 0.2785714285714286 0.011904761904761906 0.09999999999999999
0 0.7202380952380953 0.3071428571428571 0.011904761904761906 0.07142857142857142
0 0.5357142857142858 0.21428571428571427 0.014285714285714287 0.08571428571428572
0 0.817857142857143 0.75 0.01666666666666667 0.09999999999999999
0 0.19642857142857145 0.04285714285714286 0.01666666666666667 0.08571428571428572
0 0.33690476190476193 0.9357142857142857 0.026190476190476195 0.09999999999999999
