0 0.0035714285714285718 0.5857142857142857 0.0071428571428571435 0.05714285714285714
0 0.013095238095238097 0.45 0.011904761904761906 0.04285714285714286
0 0.029761904761904764 0.29285714285714287 0.0071428571428571435 0.04285714285714286
0 0.1380952380952381 0.08571428571428572 0.014285714285714287 0.05714285714285714
0 0.2630952380952381 0.09285714285714286 0.0071428571428571435 0.04285714285714286
0 0.275 0.1357142857142857 0.0071428571428571435 0.04285714285714286
0 0.28452380952380957 0.17142857142857143 0.0071428571428571435 0.02857142857142857
0 0.2773809523809524 0.36428571428571427 0.011904761904761906 0.07142857142857142
0 0.30952380952380953 0.2714285714285714 0.0380952380952381 0.14285714285714285
0 0.3154761904761905 0.3857142857142857 0.011904761904761906 0.02857142857142857
0 0.29404761904761906 0.4928571428571428 0.0071428571428571435 0.04285714285714286
0 0.24285714285714288 0.5714285714285714 0.009523809523809525 0.05714285714285714
0 0.14285714285714288 0.9428571428571428 0.009523809523809525 0.08571428571428572
0 0.13333333333333336 0.85 0.009523809523809525 0.04285714285714286
0 0.1630952380952381 0.9357142857142857 0.0071428571428571435 0.04285714285714286
0 0.16904761904761906 0.8571428571428571 0.009523809523809525 0.05714285714285714
0 0.1392857142857143 0.42857142857142855 0.026190476190476195 0.17142857142857143
0 0.03571428571428572 0.75 0.009523809523809525 0.014285714285714285
0 0.026190476190476195 0.5857142857142857 0.004761904761904762 0.08571428571428572
0 0.0380952380952381 0.5285714285714286 0.004761904761904762 0.02857142857142857
0 0.05238095238095239 0.5571428571428572 0.009523809523809525 0.02857142857142857
0 0.07500000000000001 0.35 0.0071428571428571435 0.04285714285714286
0 0.11190476190476191 0.05714285714285714 0.009523809523809525 0.02857142857142857
0 0.19404761904761905 0.10714285714285714 0.0071428571428571435 0.04285714285714286
0 0.17500000000000002 0.16428571428571428 0.011904761904761906 0.04285714285714286
0 0.16666666666666669 0.5 0.02380952380952381 0.08571428571428572
0 0.21071428571428574 0.37857142857142856 0.0071428571428571435 0.07142857142857142
0 0.2035714285714286 0.5642857142857143 0.0071428571428571435 0.04285714285714286
0 0.07380952380952381 0.8571428571428571 0.009523809523809525 0.05714285714285714
0 0.24761904761904763 0.9214285714285714 0.009523809523809525 0.04285714285714286
0 0.30952380952380953 0.9642857142857143 0.02380952380952381 0.04285714285714286
0 0.567857142857143 0.9428571428571428 0.026190476190476195 0.08571428571428572
0 0.5619047619047619 0.21428571428571427 0.014285714285714287 0.08571428571428572
0 0.580952380952381 0.39285714285714285 0.009523809523809525 0.04285714285714286
0 0.661904761904762 0.3857142857142857 0.014285714285714287 0.05714285714285714
0 0.675 0.2785714285714286 0.011904761904761906 0.04285714285714286
0 0.7166666666666668 0.1357142857142857 0.014285714285714287 0.07142857142857142
0 0.661904761904762 0.09999999999999999 0.009523809523809525 0.08571428571428572
0 0.4642857142857143 0.6357142857142857 0.009523809523809525 0.04285714285714286
0 0.4404761904761905 0.5714285714285714 0.01904761904761905 0.05714285714285714
0 0.430952380952381 0.42142857142857143 0.014285714285714287 0.04285714285714286
0 0.4166666666666667 0.24285714285714285 0.009523809523809525 0.02857142857142857
0 0.4047619047619048 0.3071428571428571 0.014285714285714287 0.07142857142857142
0 0.37380952380952387 0.3857142857142857 0.009523809523809525 0.05714285714285714
0 0.3511904761904762 0.42142857142857143 0.011904761904761906 0.04285714285714286
0 0.2571428571428572 0.7357142857142857 0.009523809523809525 0.07142857142857142
0 0.19166666666666668 0.8285714285714285 0.0071428571428571435 0.05714285714285714
0 0.09642857142857143 0.9714285714285714 0.011904761904761906 0.02857142857142857
0 0.11190476190476191 0.9571428571428571 0.009523809523809525 0.02857142857142857
0 0.13095238095238096 0.6285714285714286 0.028571428571428574 0.11428571428571428
0 0.1392857142857143 0.6 0.0071428571428571435 0.05714285714285714
0 0.22023809523809526 0.7785714285714286 0.0071428571428571435 0.04285714285714286
0 0.2154761904761905 0.9142857142857143 0.01666666666666667 0.05714285714285714
0 0.19642857142857145 0.9714285714285714 0.011904761904761906 0.02857142857142857
0 0.37380952380952387 0.8571428571428571 0.009523809523809525 0.02857142857142857
0 0.3726190476190476 0.5857142857142857 0.011904761904761906 0.08571428571428572
0 0.2916666666666667 0.7571428571428571 0.011904761904761906 0.05714285714285714
0 0.255952380952381 0.6 0.0071428571428571435 0.05714285714285714
0 0.2547619047619048 0.5428571428571428 0.014285714285714287 0.05714285714285714
0 0.455952380952381 0.15 0.0071428571428571435 0.04285714285714286
0 0.4416666666666667 0.15714285714285714 0.0071428571428571435 0.02857142857142857
0 0.4011904761904762 0.19999999999999998 0.01666666666666667 0.02857142857142857
0 0.3380952380952381 0.24285714285714285 0.009523809523809525 0.05714285714285714
0 0.02142857142857143 0.09285714285714286 0.004761904761904762 0.04285714285714286
0 0.0380952380952381 0.1357142857142857 0.009523809523809525 0.04285714285714286
0 0.13214285714285715 0.21428571428571427 0.011904761904761906 0.02857142857142857
0 0.15833333333333335 0.24285714285714285 0.02142857142857143 0.17142857142857143
0 0.2023809523809524 0.04285714285714286 0.004761904761904762 0.02857142857142857
0 0.18571428571428572 0.37142857142857144 0.009523809523809525 0.05714285714285714
0 0.4357142857142858 0.8928571428571428 0.009523809523809525 0.04285714285714286
0 0.4488095238095238 0.95 0.011904761904761906 0.04285714285714286
0 0.5321428571428571 0.9642857142857143 0.0071428571428571435 0.04285714285714286
0 0.6916666666666668 0.5571428571428572 0.011904761904761906 0.05714285714285714
0 0.692857142857143 0.6357142857142857 0.009523809523809525 0.04285714285714286
0 0.7297619047619048 0.6214285714285714 0.01666666666666667 0.04285714285714286
0 0.6976190476190477 0.2714285714285714 0.014285714285714287 0.08571428571428572
0 0.7214285714285715 0.29285714285714287 0.009523809523809525 0.04285714285714286
0 0.7130952380952381 0.39999999999999997 0.01666666666666667 0.05714285714285714
0 0.6738095238095239 0.45 0.009523809523809525 0.04285714285714286
0 0.6642857142857144 0.5 0.009523809523809525 0.05714285714285714
0 0.6583333333333334 0.65 0.01666666666666667 0.04285714285714286
0 0.6404761904761905 0.6928571428571428 0.009523809523809525 0.04285714285714286
0 0.6690476190476191 0.8071428571428572 0.009523809523809525 0.04285714285714286
0 0.6226190476190476 0.7642857142857142 0.0071428571428571435 0.04285714285714286
0 0.6107142857142858 0.8357142857142857 0.0071428571428571435 0.04285714285714286
0 0.6142857142857143 0.8785714285714286 0.009523809523809525 0.04285714285714286
0 0.9023809523809525 0.7071428571428571 0.03333333333333334 0.21428571428571427
0 0.7845238095238096 0.7428571428571429 0.07380952380952381 0.19999999999999998
0 0.7988095238095239 0.39285714285714285 0.02142857142857143 0.07142857142857142
0 0.9452380952380953 0.36428571428571427 0.01904761904761905 0.12857142857142856
0 0.9833333333333334 0.5857142857142857 0.01904761904761905 0.2571428571428571
0 0.961904761904762 0.7 0.009523809523809525 0.05714285714285714
0 0.8738095238095239 0.24285714285714285 0.014285714285714287 0.08571428571428572
0 0.7880952380952382 0.11428571428571428 0.009523809523809525 0.05714285714285714
0 0.7761904761904762 0.24285714285714285 0.009523809523809525 0.05714285714285714
0 0.7416666666666667 0.37857142857142856 0.0071428571428571435 0.04285714285714286
0 0.7488095238095239 0.45 0.0071428571428571435 0.04285714285714286
0 0.7416666666666667 0.2714285714285714 0.01666666666666667 0.05714285714285714
0 0.8333333333333334 0.07857142857142857 0.009523809523809525 0.04285714285714286
0 0.4130952380952381 0.7999999999999999 0.0071428571428571435 0.05714285714285714
0 0.09285714285714286 0.5571428571428572 0.028571428571428574 0.11428571428571428
0 0.011904761904761906 0.3 0.009523809523809525 0.05714285714285714
0 0.0011904761904761906 0.35714285714285715 0.002380952380952381 0.05714285714285714
0 0.002380952380952381 0.12142857142857143 0.004761904761904762 0.04285714285714286
0 0.5976190476190477 0.6428571428571428 0.014285714285714287 0.05714285714285714
0 0.5380952380952382 0.29285714285714287 0.009523809523809525 0.04285714285714286
0 0.5666666666666668 0.35714285714285715 0.009523809523809525 0.05714285714285714
0 0.567857142857143 0.4357142857142857 0.011904761904761906 0.04285714285714286
0 0.2880952380952381 0.6285714285714286 0.03333333333333334 0.11428571428571428
0 0.3119047619047619 0.65 0.009523809523809525 0.04285714285714286
0 0.3392857142857143 0.5357142857142857 0.011904761904761906 0.07142857142857142
0 0.34285714285714286 0.65 0.01904761904761905 0.04285714285714286
0 0.34285714285714286 0.8285714285714285 0.014285714285714287 0.05714285714285714
0 0.3261904761904762 0.9142857142857143 0.01904761904761905 0.11428571428571428
0 0.17380952380952383 0.6285714285714286 0.009523809523809525 0.08571428571428572
0 0.21666666666666667 0.09999999999999999 0.009523809523809525 0.02857142857142857
0 0.20476190476190478 0.15714285714285714 0.014285714285714287 0.08571428571428572
0 0.25238095238095243 0.40714285714285714 0.02380952380952381 0.04285714285714286
0 0.3952380952380953 0.6357142857142857 0.014285714285714287 0.07142857142857142
0 0.47261904761904766 0.8214285714285714 0.0071428571428571435 0.04285714285714286
0 0.07380952380952381 0.18571428571428572 0.009523809523809525 0.05714285714285714
0 0.048809523809523817 0.7357142857142857 0.0071428571428571435 0.04285714285714286
0 0.07023809523809524 0.7428571428571429 0.02142857142857143 0.05714285714285714
0 0.19166666666666668 0.7 0.011904761904761906 0.02857142857142857
0 0.21309523809523812 0.7071428571428571 0.011904761904761906 0.04285714285714286
0 0.22500000000000003 0.65 0.01666666666666667 0.04285714285714286
0 0.27142857142857146 0.9142857142857143 0.014285714285714287 0.05714285714285714
0 0.5107142857142858 0.6571428571428571 0.011904761904761906 0.05714285714285714
0 0.5023809523809524 0.5785714285714285 0.014285714285714287 0.04285714285714286
0 0.430952380952381 0.6714285714285714 0.014285714285714287 0.05714285714285714
0 0.4142857142857143 0.5642857142857143 0.014285714285714287 0.04285714285714286
0 0.3880952380952381 0.4857142857142857 0.009523809523809525 0.05714285714285714
0 0.43690476190476196 0.2785714285714286 0.0071428571428571435 0.04285714285714286
0 0.4630952380952381 0.3 0.02142857142857143 0.05714285714285714
0 0.45000000000000007 0.37857142857142856 0.009523809523809525 0.04285714285714286
0 0.455952380952381 0.45714285714285713 0.0071428571428571435 0.02857142857142857
0 0.480952380952381 0.47857142857142854 0.009523809523809525 0.04285714285714286
0 0.4761904761904762 0.5571428571428572 0.009523809523809525 0.05714285714285714
0 0.5261904761904762 0.6928571428571428 0.009523809523809525 0.04285714285714286
0 0.5547619047619048 0.5928571428571429 0.009523809523809525 0.07142857142857142
0 0.594047619047619 0.5357142857142857 0.0071428571428571435 0.04285714285714286
0 0.5821428571428572 0.4928571428571428 0.0071428571428571435 0.04285714285714286
0 0.5928571428571429 0.45 0.009523809523809525 0.07142857142857142
0 0.6214285714285714 0.4714285714285714 0.014285714285714287 0.05714285714285714
0 0.6000000000000001 0.36428571428571427 0.009523809523809525 0.04285714285714286
0 0.5785714285714286 0.2571428571428571 0.009523809523809525 0.05714285714285714
0 0.6071428571428572 0.15 0.01904761904761905 0.04285714285714286
0 0.6452380952380953 0.19999999999999998 0.014285714285714287 0.05714285714285714
0 0.6904761904761906 0.12142857142857143 0.014285714285714287 0.04285714285714286
0 0.9059523809523811 0.5 0.011904761904761906 0.05714285714285714
0 0.8833333333333334 0.5142857142857142 0.009523809523809525 0.08571428571428572
0 0.8988095238095238 0.3142857142857143 0.011904761904761906 0.05714285714285714
0 0.9785714285714286 0.02142857142857143 0.009523809523809525 0.04285714285714286
0 0.9333333333333335 0.2642857142857143 0.009523809523809525 0.07142857142857142
0 0.9202380952380953 0.3357142857142857 0.0071428571428571435 0.04285714285714286
0 0.9130952380952382 0.41428571428571426 0.0071428571428571435 0.02857142857142857
0 0.9285714285714286 0.37142857142857144 0.009523809523809525 0.05714285714285714
0 0.6047619047619048 0.7642857142857142 0.01904761904761905 0.04285714285714286
0 0.5988095238095239 0.8428571428571429 0.0071428571428571435 0.05714285714285714
0 0.5738095238095239 0.8571428571428571 0.009523809523809525 0.02857142857142857
0 0.5083333333333334 0.1357142857142857 0.0071428571428571435 0.04285714285714286
0 0.3642857142857143 0.21428571428571427 0.014285714285714287 0.05714285714285714
0 0.06666666666666668 0.9714285714285714 0.014285714285714287 0.02857142857142857
0 0.05238095238095239 0.9357142857142857 0.004761904761904762 0.04285714285714286
0 0.036904761904761905 0.95 0.0071428571428571435 0.04285714285714286
0 0.051190476190476196 0.8714285714285714 0.0071428571428571435 0.02857142857142857
0 0.053571428571428575 0.47857142857142854 0.011904761904761906 0.04285714285714286
0 0.07857142857142858 0.41428571428571426 0.009523809523809525 0.05714285714285714
0 0.1 0.46428571428571425 0.014285714285714287 0.07142857142857142
0 0.1142857142857143 0.42142857142857143 0.004761904761904762 0.07142857142857142
0 0.24642857142857144 0.3357142857142857 0.0071428571428571435 0.04285714285714286
0 0.23690476190476192 0.11428571428571428 0.01666666666666667 0.02857142857142857
0 0.22261904761904763 0.2571428571428571 0.030952380952380953 0.05714285714285714
0 0.24285714285714288 0.21428571428571427 0.009523809523809525 0.02857142857142857
0 0.2630952380952381 0.3 0.011904761904761906 0.02857142857142857
0 0.255952380952381 0.25 0.011904761904761906 0.04285714285714286
0 0.15952380952380954 0.7642857142857142 0.014285714285714287 0.04285714285714286
0 0.12976190476190477 0.7142857142857143 0.0071428571428571435 0.02857142857142857
0 0.12261904761904763 0.7714285714285714 0.0071428571428571435 0.05714285714285714
0 0.13690476190476192 0.7714285714285714 0.0071428571428571435 0.02857142857142857
0 0.1904761904761905 0.6071428571428571 0.009523809523809525 0.04285714285714286
0 0.19880952380952382 0.6571428571428571 0.011904761904761906 0.05714285714285714
0 0.20833333333333334 0.6071428571428571 0.0071428571428571435 0.04285714285714286
0 0.23690476190476192 0.5071428571428571 0.0071428571428571435 0.04285714285714286
0 0.21666666666666667 0.4928571428571428 0.009523809523809525 0.04285714285714286
0 0.5 0.19999999999999998 0.009523809523809525 0.05714285714285714
0 0.511904761904762 0.25 0.004761904761904762 0.04285714285714286
0 0.4690476190476191 0.15 0.009523809523809525 0.04285714285714286
0 0.45833333333333337 0.08571428571428572 0.011904761904761906 0.02857142857142857
0 0.6916666666666668 0.8642857142857142 0.011904761904761906 0.07142857142857142
0 0.6761904761904762 0.9285714285714285 0.009523809523809525 0.05714285714285714
0 0.6107142857142858 0.9642857142857143 0.0071428571428571435 0.014285714285714285
0 0.6273809523809525 0.9071428571428571 0.0071428571428571435 0.04285714285714286
0 0.6440476190476191 0.8928571428571428 0.011904761904761906 0.04285714285714286
0 0.7880952380952382 0.9571428571428571 0.014285714285714287 0.05714285714285714
0 0.8345238095238096 0.6857142857142857 0.011904761904761906 0.02857142857142857
0 0.8357142857142857 0.8857142857142857 0.014285714285714287 0.05714285714285714
0 0.8547619047619048 0.3857142857142857 0.014285714285714287 0.05714285714285714
0 0.8476190476190477 0.4714285714285714 0.009523809523809525 0.05714285714285714
0 0.8 0.6071428571428571 0.009523809523809525 0.04285714285714286
0 0.761904761904762 0.39999999999999997 0.004761904761904762 0.02857142857142857
0 0.7666666666666667 0.3071428571428571 0.009523809523809525 0.04285714285714286
0 0.8940476190476191 0.16428571428571428 0.0071428571428571435 0.07142857142857142
0 0.8214285714285715 0.4928571428571428 0.009523809523809525 0.04285714285714286
0 0.8261904761904763 0.32857142857142857 0.004761904761904762 0.02857142857142857
0 0.8357142857142857 0.3071428571428571 0.004761904761904762 0.04285714285714286
0 0.8523809523809525 0.2857142857142857 0.009523809523809525 0.05714285714285714
0 0.8226190476190477 0.15714285714285714 0.011904761904761906 0.17142857142857143
0 0.717857142857143 0.7571428571428571 0.0071428571428571435 0.05714285714285714
0 0.7011904761904763 0.7357142857142857 0.0071428571428571435 0.04285714285714286
0 0.705952380952381 0.7928571428571428 0.0071428571428571435 0.04285714285714286
0 0.6880952380952382 0.7999999999999999 0.014285714285714287 0.02857142857142857
0 0.8928571428571429 0.9214285714285714 0.009523809523809525 0.04285714285714286
0 0.9488095238095239 0.8214285714285714 0.0071428571428571435 0.04285714285714286
0 0.9464285714285715 0.65 0.0071428571428571435 0.04285714285714286
0 0.9023809523809525 0.09999999999999999 0.009523809523809525 0.02857142857142857
0 0.9916666666666668 0.09285714285714286 0.0071428571428571435 0.04285714285714286
0 0.9738095238095239 0.15 0.004761904761904762 0.04285714285714286
0 0.32261904761904764 0.09999999999999999 0.011904761904761906 0.05714285714285714
0 0.23333333333333336 0.8785714285714286 0.009523809523809525 0.04285714285714286
0 0.23452380952380955 0.8285714285714285 0.0071428571428571435 0.05714285714285714
0 0.02142857142857143 0.6714285714285714 0.009523809523809525 0.05714285714285714
0 0.06190476190476191 0.6785714285714286 0.009523809523809525 0.04285714285714286
0 0.08571428571428572 0.2857142857142857 0.004761904761904762 0.02857142857142857
0 0.005952380952380953 0.6928571428571428 0.002380952380952381 0.014285714285714285
0 0.027380952380952384 0.44285714285714284 0.0071428571428571435 0.02857142857142857
0 0.0011904761904761906 0.20714285714285713 0.002380952380952381 0.04285714285714286
0 0.02023809523809524 0.19285714285714284 0.0071428571428571435 0.04285714285714286
0 0.1 0.06428571428571428 0.009523809523809525 0.04285714285714286
0 0.49404761904761907 0.049999999999999996 0.0071428571428571435 0.04285714285714286
0 0.605952380952381 0.09285714285714286 0.011904761904761906 0.04285714285714286
0 0.8547619047619048 0.17857142857142858 0.004761904761904762 0.04285714285714286
0 0.9238095238095239 0.014285714285714285 0.009523809523809525 0.02857142857142857
0 0.8738095238095239 0.6142857142857142 0.009523809523809525 0.05714285714285714
0 0.8333333333333334 0.5857142857142857 0.01904761904761905 0.02857142857142857
0 0.7702380952380953 0.5357142857142857 0.0071428571428571435 0.07142857142857142
0 0.7630952380952382 0.5928571428571429 0.011904761904761906 0.04285714285714286
0 0.7261904761904763 0.5499999999999999 0.009523809523809525 0.04285714285714286
0 0.7142857142857143 0.6214285714285714 0.009523809523809525 0.04285714285714286
0 0.6857142857142857 0.34285714285714286 0.009523809523809525 0.05714285714285714
0 0.6940476190476191 0.45714285714285713 0.01666666666666667 0.05714285714285714
0 0.7357142857142858 0.17857142857142858 0.009523809523809525 0.04285714285714286
0 0.7607142857142858 0.1357142857142857 0.0071428571428571435 0.04285714285714286
0 0.46666666666666673 0.75 0.009523809523809525 0.04285714285714286
0 0.5214285714285715 0.9071428571428571 0.009523809523809525 0.04285714285714286
0 0.5130952380952382 0.8428571428571429 0.0071428571428571435 0.05714285714285714
0 0.4642857142857143 0.9214285714285714 0.009523809523809525 0.04285714285714286
0 0.45000000000000007 0.7857142857142857 0.009523809523809525 0.05714285714285714
0 0.49404761904761907 0.6714285714285714 0.011904761904761906 0.05714285714285714
0 0.4761904761904762 0.7214285714285714 0.004761904761904762 0.04285714285714286
0 0.4642857142857143 0.6857142857142857 0.009523809523809525 0.02857142857142857
0 0.47500000000000003 0.6571428571428571 0.0071428571428571435 0.05714285714285714
0 0.4964285714285715 0.9 0.0071428571428571435 0.02857142857142857
0 0.5595238095238095 0.7642857142857142 0.009523809523809525 0.04285714285714286
0 0.3523809523809524 0.9571428571428571 0.009523809523809525 0.02857142857142857
0 0.34880952380952385 0.9071428571428571 0.011904761904761906 0.04285714285714286
0 0.3678571428571429 0.9571428571428571 0.011904761904761906 0.02857142857142857
0 0.36190476190476195 0.6642857142857143 0.009523809523809525 0.04285714285714286
0 0.29404761904761906 0.8928571428571428 0.011904761904761906 0.04285714285714286
0 0.3047619047619048 0.8428571428571429 0.004761904761904762 0.02857142857142857
0 0.3464285714285715 0.3071428571428571 0.011904761904761906 0.04285714285714286
0 0.6297619047619049 0.5214285714285715 0.0071428571428571435 0.04285714285714286
0 0.65 0.46428571428571425 0.009523809523809525 0.04285714285714286
0 0.6261904761904763 0.3357142857142857 0.009523809523809525 0.04285714285714286
0 0.5511904761904762 0.4714285714285714 0.011904761904761906 0.05714285714285714
0 0.5476190476190477 0.37857142857142856 0.014285714285714287 0.04285714285714286
0 0.4845238095238096 0.9071428571428571 0.011904761904761906 0.04285714285714286
0 0.4892857142857143 0.85 0.011904761904761906 0.04285714285714286
0 0.4892857142857143 0.8071428571428572 0.0071428571428571435 0.04285714285714286
0 0.4035714285714286 0.8428571428571429 0.011904761904761906 0.05714285714285714
0 0.36309523809523814 0.7214285714285714 0.0071428571428571435 0.04285714285714286
0 0.40952380952380957 0.6714285714285714 0.009523809523809525 0.02857142857142857
0 0.5321428571428571 0.6071428571428571 0.0071428571428571435 0.04285714285714286
0 0.6261904761904763 0.6285714285714286 0.014285714285714287 0.05714285714285714
0 0.6666666666666667 0.5928571428571429 0.014285714285714287 0.04285714285714286
0 0.330952380952381 0.7714285714285714 0.009523809523809525 0.05714285714285714
0 0.3464285714285715 0.75 0.0071428571428571435 0.04285714285714286
0 0.42500000000000004 0.9285714285714285 0.011904761904761906 0.05714285714285714
0 0.8511904761904763 0.95 0.011904761904761906 0.04285714285714286
0 0.0880952380952381 0.9 0.009523809523809525 0.02857142857142857
0 0.030952380952380953 0.22857142857142856 0.009523809523809525 0.05714285714285714
0 0.37619047619047624 0.7 0.009523809523809525 0.05714285714285714
0 0.2702380952380953 0.4928571428571428 0.0071428571428571435 0.04285714285714286
0 0.30833333333333335 0.46428571428571425 0.011904761904761906 0.04285714285714286
0 0.4023809523809524 0.7571428571428571 0.009523809523809525 0.02857142857142857
0 0.5904761904761905 0.9142857142857143 0.009523809523809525 0.05714285714285714
0 0.11785714285714287 0.32857142857142857 0.0071428571428571435 0.02857142857142857
0 0.11785714285714287 0.15714285714285714 0.0071428571428571435 0.02857142857142857
0 0.3166666666666667 0.5357142857142857 0.009523809523809525 0.04285714285714286
0 0.09047619047619049 0.19285714285714284 0.009523809523809525 0.04285714285714286
0 0.3547619047619048 0.04285714285714286 0.009523809523809525 0.02857142857142857
0 0.5238095238095238 0.34285714285714286 0.01904761904761905 0.05714285714285714
0 0.5154761904761905 0.5285714285714286 0.02142857142857143 0.08571428571428572
0 0.7261904761904763 0.8428571428571429 0.02380952380952381 0.05714285714285714
0 0.7404761904761905 0.7285714285714285 0.014285714285714287 0.05714285714285714
0 0.7702380952380953 0.8928571428571428 0.011904761904761906 0.04285714285714286
0 0.06547619047619048 0.39285714285714285 0.011904761904761906 0.04285714285714286
0 0.19523809523809527 0.42857142857142855 0.009523809523809525 0.05714285714285714
0 0.5011904761904762 0.32857142857142857 0.011904761904761906 0.05714285714285714
0 0.10476190476190478 0.7714285714285714 0.009523809523809525 0.05714285714285714
0 0.05952380952380953 0.22142857142857142 0.009523809523809525 0.04285714285714286
0 0.05 0.14285714285714285 0.004761904761904762 0.05714285714285714
0 0.18214285714285716 0.9357142857142857 0.0071428571428571435 0.04285714285714286
0 0.2142857142857143 0.8357142857142857 0.009523809523809525 0.04285714285714286
0 0.15476190476190477 0.6285714285714286 0.004761904761904762 0.05714285714285714
0 0.5273809523809524 0.8571428571428571 0.0071428571428571435 0.05714285714285714
0 0.5047619047619049 0.7428571428571429 0.01904761904761905 0.05714285714285714
0 0.525 0.7642857142857142 0.01666666666666667 0.07142857142857142
0 0.4130952380952381 0.37857142857142856 0.011904761904761906 0.04285714285714286
0 0.29523809523809524 0.8357142857142857 0.009523809523809525 0.04285714285714286
0 0.3869047619047619 0.2642857142857143 0.011904761904761906 0.04285714285714286
0 0.22023809523809526 0.32857142857142857 0.0071428571428571435 0.05714285714285714
0 0.19642857142857145 0.22857142857142856 0.0071428571428571435 0.05714285714285714
0 0.1761904761904762 0.2857142857142857 0.004761904761904762 0.02857142857142857
0 0.4154761904761905 0.1357142857142857 0.0071428571428571435 0.04285714285714286
0 0.5571428571428572 0.07857142857142857 0.009523809523809525 0.04285714285714286
0 0.5726190476190477 0.07142857142857142 0.0071428571428571435 0.02857142857142857
0 0.9750000000000001 0.8285714285714285 0.0071428571428571435 0.02857142857142857
0 0.9833333333333334 0.7785714285714286 0.009523809523809525 0.07142857142857142
0 0.8642857142857143 0.9571428571428571 0.009523809523809525 0.02857142857142857
0 0.8380952380952382 0.7857142857142857 0.009523809523809525 0.05714285714285714
0 0.8535714285714286 0.7428571428571429 0.01666666666666667 0.05714285714285714
0 0.786904761904762 0.4714285714285714 0.0071428571428571435 0.02857142857142857
0 0.7773809523809525 0.3857142857142857 0.0071428571428571435 0.05714285714285714
0 0.7940476190476191 0.2571428571428571 0.011904761904761906 0.05714285714285714
0 0.9440476190476191 0.95 0.01666666666666667 0.04285714285714286
0 0.6250000000000001 0.9642857142857143 0.011904761904761906 0.014285714285714285
0 0.5761904761904763 0.6 0.004761904761904762 0.02857142857142857
0 0.38571428571428573 0.15 0.004761904761904762 0.04285714285714286
0 0.9392857142857144 0.8785714285714286 0.011904761904761906 0.04285714285714286
0 0.8750000000000001 0.9071428571428571 0.011904761904761906 0.04285714285714286
0 0.6511904761904762 0.8214285714285714 0.0071428571428571435 0.04285714285714286
0 0.811904761904762 0.85 0.009523809523809525 0.04285714285714286
0 0.5440476190476191 0.19285714285714284 0.0071428571428571435 0.014285714285714285
0 0.23214285714285715 0.7285714285714285 0.0071428571428571435 0.02857142857142857
0 0.8595238095238096 0.5857142857142857 0.009523809523809525 0.05714285714285714
0 0.6904761904761906 0.95 0.009523809523809525 0.04285714285714286
0 0.8750000000000001 0.7928571428571428 0.011904761904761906 0.07142857142857142
0 0.9666666666666668 0.9285714285714285 0.009523809523809525 0.02857142857142857
0 0.9130952380952382 0.9142857142857143 0.0071428571428571435 0.02857142857142857
0 0.9833333333333334 0.19999999999999998 0.004761904761904762 0.05714285714285714
0 0.8678571428571429 0.07857142857142857 0.0071428571428571435 0.04285714285714286
0 0.8488095238095239 0.14285714285714285 0.0071428571428571435 0.05714285714285714
0 0.6452380952380953 0.9571428571428571 0.009523809523809525 0.02857142857142857
0 0.28571428571428575 0.22857142857142856 0.009523809523809525 0.02857142857142857
0 0.22976190476190478 0.9285714285714285 0.0071428571428571435 0.05714285714285714
0 0.47261904761904766 0.37142857142857144 0.011904761904761906 0.05714285714285714
0 0.5297619047619048 0.5 0.0071428571428571435 0.02857142857142857
0 0.7273809523809525 0.95 0.0071428571428571435 0.04285714285714286
0 0.7226190476190477 0.8928571428571428 0.011904761904761906 0.04285714285714286
0 0.36309523809523814 0.7785714285714286 0.0071428571428571435 0.04285714285714286
0 0.22619047619047622 0.5571428571428572 0.009523809523809525 0.02857142857142857
0 0.4 0.15 0.004761904761904762 0.04285714285714286
0 0.3916666666666667 0.9428571428571428 0.0071428571428571435 0.02857142857142857
0 0.38928571428571435 0.7928571428571428 0.0071428571428571435 0.07142857142857142
0 0.6964285714285715 0.19285714285714284 0.0071428571428571435 0.04285714285714286
0 0.7821428571428573 0.17142857142857143 0.011904761904761906 0.02857142857142857
0 0.7678571428571429 0.17142857142857143 0.0071428571428571435 0.02857142857142857
0 0.9583333333333334 0.5 0.011904761904761906 0.05714285714285714
0 0.9857142857142858 0.36428571428571427 0.014285714285714287 0.04285714285714286
0 0.9440476190476191 0.7714285714285714 0.011904761904761906 0.08571428571428572
0 0.9440476190476191 0.5285714285714286 0.011904761904761906 0.05714285714285714
0 0.9273809523809524 0.44285714285714284 0.0071428571428571435 0.02857142857142857
0 0.9297619047619049 0.4928571428571428 0.011904761904761906 0.014285714285714285
0 0.9166666666666667 0.5071428571428571 0.004761904761904762 0.04285714285714286
0 0.9452380952380953 0.2357142857142857 0.009523809523809525 0.04285714285714286
0 0.7535714285714287 0.8642857142857142 0.011904761904761906 0.04285714285714286
0 0.5154761904761905 0.46428571428571425 0.0071428571428571435 0.04285714285714286
0 0.2833333333333334 0.44285714285714284 0.009523809523809525 0.02857142857142857
0 0.1630952380952381 0.09999999999999999 0.0071428571428571435 0.02857142857142857
0 0.03928571428571429 0.6428571428571428 0.02142857142857143 0.11428571428571428
0 0.30000000000000004 0.16428571428571428 0.009523809523809525 0.04285714285714286
0 0.9309523809523811 0.09285714285714286 0.009523809523809525 0.04285714285714286
0 0.8940476190476191 0.9714285714285714 0.011904761904761906 0.02857142857142857
0 0.4797619047619048 0.29285714285714287 0.0071428571428571435 0.04285714285714286
0 0.9857142857142858 0.29285714285714287 0.009523809523809525 0.04285714285714286
0 0.02142857142857143 0.7857142857142857 0.009523809523809525 0.05714285714285714
0 0.010714285714285714 0.8785714285714286 0.0071428571428571435 0.04285714285714286
0 0.027380952380952384 0.8928571428571428 0.0071428571428571435 0.04285714285714286
0 0.06309523809523811 0.85 0.0071428571428571435 0.07142857142857142
0 0.8940476190476191 0.40714285714285714 0.0071428571428571435 0.04285714285714286
0 0.9702380952380953 0.3857142857142857 0.0071428571428571435 0.05714285714285714
0 0.9535714285714286 0.1357142857142857 0.0071428571428571435 0.04285714285714286
0 0.8797619047619049 0.37857142857142856 0.011904761904761906 0.04285714285714286
0 0.8714285714285716 0.45 0.009523809523809525 0.04285714285714286
0 0.7452380952380953 0.95 0.009523809523809525 0.04285714285714286
0 0.6511904761904762 0.75 0.011904761904761906 0.04285714285714286
0 0.6714285714285715 0.75 0.009523809523809525 0.04285714285714286
0 0.7142857142857143 0.5357142857142857 0.009523809523809525 0.04285714285714286
0 0.7440476190476191 0.5714285714285714 0.0071428571428571435 0.05714285714285714
0 0.3547619047619048 0.5071428571428571 0.009523809523809525 0.07142857142857142
0 0.4166666666666667 0.46428571428571425 0.009523809523809525 0.04285714285714286
0 0.33333333333333337 0.4357142857142857 0.014285714285714287 0.04285714285714286
0 0.06071428571428572 0.14285714285714285 0.0071428571428571435 0.05714285714285714
0 0.5595238095238095 0.6928571428571428 0.009523809523809525 0.07142857142857142
0 0.7357142857142858 0.12857142857142856 0.014285714285714287 0.02857142857142857
0 0.8202380952380953 0.4357142857142857 0.0071428571428571435 0.04285714285714286
0 0.8011904761904762 0.7571428571428571 0.011904761904761906 0.08571428571428572
0 0.8047619047619048 0.6714285714285714 0.009523809523809525 0.02857142857142857
0 0.775 0.7857142857142857 0.0071428571428571435 0.05714285714285714
1 0.7964285714285715 0.45714285714285713 0.026190476190476195 0.17142857142857143
1 0.5345238095238096 0.85 0.030952380952380953 0.15714285714285714
1 0.6428571428571429 0.3 0.02380952380952381 0.17142857142857143
1 0.8071428571428572 0.15 0.01904761904761905 0.12857142857142856
0 0.9178571428571429 0.18571428571428572 0.011904761904761906 0.02857142857142857
0 0.9714285714285715 0.09999999999999999 0.009523809523809525 0.05714285714285714
0 0.8071428571428572 0.3071428571428571 0.009523809523809525 0.04285714285714286
