0 0.9202380952380953 0.7214285714285714 0.026190476190476195 0.15714285714285714
0 0.6535714285714286 0.8571428571428571 0.04047619047619048 0.08571428571428572
0 0.49523809523809526 0.5357142857142857 0.014285714285714287 0.12857142857142856
0 0.680952380952381 0.5 0.01904761904761905 0.14285714285714285
0 0.9000000000000001 0.44285714285714284 0.01904761904761905 0.08571428571428572
1 0.7952380952380953 0.5214285714285715 0.0380952380952381 0.3
0 0.5357142857142858 0.5 0.01904761904761905 0.08571428571428572
0 0.5857142857142857 0.95 0.014285714285714287 0.07142857142857142
0 0.3273809523809524 0.5714285714285714 0.01666666666666667 0.11428571428571428
0 0.15476190476190477 0.7357142857142857 0.014285714285714287 0.07142857142857142
0 0.18452380952380953 0.6571428571428571 0.01666666666666667 0.08571428571428572
0 0.32142857142857145 0.95 0.014285714285714287 0.07142857142857142
0 0.2702380952380953 0.7928571428571428 0.01666666666666667 0.07142857142857142
0 0.0642857142857143 0.05714285714285714 0.014285714285714287 0.08571428571428572
0 0.009523809523809525 0.5 0.014285714285714287 0.08571428571428572
0 0.06904761904761905 0.37857142857142856 0.009523809523809525 0.07142857142857142
0 0.07500000000000001 0.9428571428571428 0.01666666666666667 0.08571428571428572
0 0.2178571428571429 0.1357142857142857 0.026190476190476195 0.07142857142857142
0 0.18809523809523812 0.44285714285714284 0.014285714285714287 0.05714285714285714
0 0.03928571428571429 0.7071428571428571 0.011904761904761906 0.07142857142857142
0 0.2761904761904762 0.42142857142857143 0.014285714285714287 0.07142857142857142
0 0.7666666666666667 0.2357142857142857 0.014285714285714287 0.07142857142857142
0 0.9904761904761905 0.6642857142857143 0.009523809523809525 0.07142857142857142
0 0.37619047619047624 0.1357142857142857 0.014285714285714287 0.07142857142857142
0 0.7904761904761906 0.14285714285714285 0.014285714285714287 0.08571428571428572
0 0.8452380952380953 0.3214285714285714 0.014285714285714287 0.09999999999999999
0 0.5880952380952381 0.6071428571428571 0.02380952380952381 0.07142857142857142
0 0.8857142857142858 0.24285714285714285 0.014285714285714287 0.05714285714285714
0 0.02142857142857143 0.5642857142857143 0.009523809523809525 0.04285714285714286
