0 0.31428571428571433 0.6785714285714286 0.009523809523809525 0.04285714285714286
0 0.29404761904761906 0.41428571428571426 0.011904761904761906 0.05714285714285714
0 0.12261904761904763 0.8857142857142857 0.0071428571428571435 0.05714285714285714
0 0.380952380952381 0.5285714285714286 0.009523809523809525 0.05714285714285714
0 0.43214285714285716 0.6928571428571428 0.0071428571428571435 0.04285714285714286
0 0.29880952380952386 0.6714285714285714 0.011904761904761906 0.05714285714285714
0 0.6964285714285715 0.9357142857142857 0.0071428571428571435 0.07142857142857142
0 0.5261904761904762 0.4357142857142857 0.014285714285714287 0.04285714285714286
0 0.6607142857142858 0.6571428571428571 0.011904761904761906 0.08571428571428572
0 0.3297619047619048 0.44285714285714284 0.0071428571428571435 0.05714285714285714
0 0.06190476190476191 0.47857142857142854 0.009523809523809525 0.04285714285714286
0 0.9904761904761905 0.4857142857142857 0.009523809523809525 0.05714285714285714
0 0.6654761904761906 0.9142857142857143 0.0071428571428571435 0.05714285714285714
0 0.6630952380952382 0.42142857142857143 0.0071428571428571435 0.04285714285714286
0 0.2619047619047619 0.41428571428571426 0.009523809523809525 0.05714285714285714
0 0.3821428571428572 0.3071428571428571 0.011904761904761906 0.04285714285714286
0 0.5178571428571429 0.6785714285714286 0.0071428571428571435 0.04285714285714286
0 0.5785714285714286 0.5499999999999999 0.009523809523809525 0.04285714285714286
0 0.6797619047619048 0.8142857142857143 0.01666666666666667 0.05714285714285714
