0 0.21071428571428574 0.44285714285714284 0.02142857142857143 0.11428571428571428
0 0.030952380952380953 0.8785714285714286 0.014285714285714287 0.07142857142857142
0 0.1511904761904762 0.22142857142857142 0.011904761904761906 0.07142857142857142
0 0.14761904761904762 0.3071428571428571 0.014285714285714287 0.07142857142857142
0 0.11785714285714287 0.17857142857142858 0.011904761904761906 0.07142857142857142
0 0.2178571428571429 0.7071428571428571 0.02142857142857143 0.07142857142857142
0 0.22976190476190478 0.9 0.02142857142857143 0.08571428571428572
0 0.16904761904761906 0.9357142857142857 0.02380952380952381 0.07142857142857142
0 0.3107142857142857 0.5642857142857143 0.011904761904761906 0.07142857142857142
0 0.1511904761904762 0.09285714285714286 0.01666666666666667 0.09999999999999999
0 0.39642857142857146 0.8285714285714285 0.01666666666666667 0.08571428571428572
0 0.3297619047619048 0.37142857142857144 0.011904761904761906 0.08571428571428572
0 0.3940476190476191 0.5357142857142857 0.02142857142857143 0.07142857142857142
0 0.45119047619047625 0.6928571428571428 0.02142857142857143 0.07142857142857142
0 0.5095238095238096 0.7785714285714286 0.014285714285714287 0.07142857142857142
0 0.505952380952381 0.37142857142857144 0.01666666666666667 0.14285714285714285
0 0.37500000000000006 0.2642857142857143 0.01666666666666667 0.09999999999999999
0 0.5869047619047619 0.7642857142857142 0.01666666666666667 0.07142857142857142
0 0.7857142857142858 0.6142857142857142 0.014285714285714287 0.08571428571428572
0 0.6630952380952382 0.5571428571428572 0.02142857142857143 0.11428571428571428
0 0.786904761904762 0.2357142857142857 0.01666666666666667 0.09999999999999999
0 0.9714285714285715 0.5285714285714286 0.01904761904761905 0.11428571428571428
0 0.855952380952381 0.8857142857142857 0.01666666666666667 0.08571428571428572
0 0.7928571428571429 0.04285714285714286 0.01904761904761905 0.05714285714285714
0 0.3547619047619048 0.5571428571428572 0.02380952380952381 0.11428571428571428
0 0.9440476190476191 0.2357142857142857 0.026190476190476195 0.07142857142857142
0 0.8488095238095239 0.7071428571428571 0.02142857142857143 0.07142857142857142
0 0.5738095238095239 0.07857142857142857 0.02380952380952381 0.07142857142857142
0 0.42619047619047623 0.15714285714285714 0.028571428571428574 0.17142857142857143
0 0.5321428571428571 0.3071428571428571 0.011904761904761906 0.07142857142857142
0 0.6964285714285715 0.8928571428571428 0.026190476190476195 0.07142857142857142
0 0.330952380952381 0.9357142857142857 0.02380952380952381 0.04285714285714286
