0 0.525 0.5357142857142857 0.026190476190476195 0.12857142857142856
0 0.6988095238095239 0.7571428571428571 0.02142857142857143 0.11428571428571428
0 0.8511904761904763 0.10714285714285714 0.02142857142857143 0.15714285714285714
0 0.6428571428571429 0.8571428571428571 0.01904761904761905 0.11428571428571428
0 0.33690476190476193 0.12857142857142856 0.03571428571428572 0.11428571428571428
0 0.5321428571428571 0.09999999999999999 0.01666666666666667 0.08571428571428572
0 0.3404761904761905 0.6928571428571428 0.02380952380952381 0.09999999999999999
0 0.3154761904761905 0.5285714285714286 0.01666666666666667 0.08571428571428572
0 0.33452380952380956 0.2571428571428571 0.01666666666666667 0.11428571428571428
0 0.4083333333333334 0.5857142857142857 0.026190476190476195 0.11428571428571428
0 0.47500000000000003 0.17857142857142858 0.02142857142857143 0.09999999999999999
0 0.9011904761904763 0.20714285714285713 0.011904761904761906 0.09999999999999999
0 0.8880952380952382 0.09999999999999999 0.014285714285714287 0.08571428571428572
0 0.9000000000000001 0.04285714285714286 0.01904761904761905 0.08571428571428572
0 0.8142857142857144 0.5357142857142857 0.014285714285714287 0.09999999999999999
0 0.8392857142857144 0.42142857142857143 0.01666666666666667 0.07142857142857142
0 0.030952380952380953 0.8928571428571428 0.01904761904761905 0.09999999999999999
0 0.717857142857143 0.20714285714285713 0.02142857142857143 0.07142857142857142
0 0.7523809523809525 0.04285714285714286 0.028571428571428574 0.08571428571428572
0 0.4833333333333334 0.5928571428571429 0.01904761904761905 0.09999999999999999
0 0.48571428571428577 0.9142857142857143 0.014285714285714287 0.14285714285714285
