0 0.5880952380952381 0.8285714285714285 0.014285714285714287 0.08571428571428572
0 0.6250000000000001 0.8857142857142857 0.01666666666666667 0.19999999999999998
0 0.6345238095238096 0.05714285714285714 0.011904761904761906 0.08571428571428572
0 0.5130952380952382 0.08571428571428572 0.030952380952380953 0.17142857142857143
0 0.4535714285714286 0.02857142857142857 0.01666666666666667 0.05714285714285714
0 0.6916666666666668 0.17857142857142858 0.011904761904761906 0.09999999999999999
0 0.8214285714285715 0.07857142857142857 0.03333333333333334 0.15714285714285714
0 0.7535714285714287 0.20714285714285713 0.011904761904761906 0.07142857142857142
0 0.7511904761904763 0.3071428571428571 0.01666666666666667 0.07142857142857142
0 0.7607142857142858 0.049999999999999996 0.026190476190476195 0.09999999999999999
0 0.9178571428571429 0.7285714285714285 0.02142857142857143 0.11428571428571428
0 0.9738095238095239 0.25 0.01904761904761905 0.09999999999999999
0 0.5178571428571429 0.6642857142857143 0.03571428571428572 0.18571428571428572
0 0.5095238095238096 0.5071428571428571 0.01904761904761905 0.07142857142857142
0 0.4928571428571429 0.6357142857142857 0.014285714285714287 0.09999999999999999
0 0.36309523809523814 0.7357142857142857 0.02142857142857143 0.15714285714285714
0 0.1892857142857143 0.8071428571428572 0.011904761904761906 0.07142857142857142
0 0.1416666666666667 0.19285714285714284 0.01666666666666667 0.12857142857142856
0 0.12142857142857144 0.2857142857142857 0.02380952380952381 0.08571428571428572
0 0.04285714285714286 0.95 0.02380952380952381 0.07142857142857142
0 0.24642857142857144 0.34285714285714286 0.02142857142857143 0.11428571428571428
0 0.37738095238095243 0.39999999999999997 0.02142857142857143 0.08571428571428572
0 0.47261904761904766 0.45 0.011904761904761906 0.09999999999999999
0 0.5976190476190477 0.4714285714285714 0.014285714285714287 0.08571428571428572
0 0.6333333333333334 0.7071428571428571 0.014285714285714287 0.07142857142857142
0 0.7095238095238096 0.6142857142857142 0.014285714285714287 0.08571428571428572
0 0.8595238095238096 0.9214285714285714 0.014285714285714287 0.12857142857142856
0 0.7761904761904762 0.6428571428571428 0.014285714285714287 0.11428571428571428
0 0.5476190476190477 0.6214285714285714 0.014285714285714287 0.07142857142857142
0 0.7023809523809524 0.8785714285714286 0.01904761904761905 0.21428571428571427
0 0.2535714285714286 0.6071428571428571 0.030952380952380953 0.21428571428571427
0 0.9845238095238096 0.8428571428571429 0.011904761904761906 0.08571428571428572
0 0.675 0.3214285714285714 0.026190476190476195 0.12857142857142856
0 0.7285714285714286 0.40714285714285714 0.01904761904761905 0.12857142857142856
0 0.41071428571428575 0.65 0.01666666666666667 0.12857142857142856
0 0.325 0.6071428571428571 0.026190476190476195 0.12857142857142856
0 0.8547619047619048 0.32857142857142857 0.02380952380952381 0.11428571428571428
