0 0.34880952380952385 0.5142857142857142 0.03571428571428572 0.11428571428571428
0 0.45952380952380956 0.12142857142857143 0.02380952380952381 0.12857142857142856
0 0.4833333333333334 0.36428571428571427 0.03333333333333334 0.09999999999999999
0 0.3464285714285715 0.9 0.01666666666666667 0.11428571428571428
0 0.8595238095238096 0.9428571428571428 0.02380952380952381 0.08571428571428572
0 0.536904761904762 0.5785714285714285 0.01666666666666667 0.09999999999999999
0 0.3380952380952381 0.7071428571428571 0.01904761904761905 0.09999999999999999
0 0.7726190476190476 0.09285714285714286 0.02142857142857143 0.12857142857142856
0 0.8940476190476191 0.47857142857142854 0.030952380952380953 0.12857142857142856
0 0.5857142857142857 0.25 0.02380952380952381 0.21428571428571427
0 0.7214285714285715 0.6571428571428571 0.03333333333333334 0.11428571428571428
0 0.8857142857142858 0.15 0.01904761904761905 0.09999999999999999
