0 0.22142857142857145 0.9214285714285714 0.01904761904761905 0.09999999999999999
0 0.5083333333333334 0.44285714285714284 0.01666666666666667 0.08571428571428572
0 0.16071428571428573 0.15714285714285714 0.01666666666666667 0.05714285714285714
0 0.29761904761904767 0.06428571428571428 0.01904761904761905 0.07142857142857142
0 0.5773809523809524 0.25 0.01666666666666667 0.07142857142857142
0 0.7357142857142858 0.39285714285714285 0.028571428571428574 0.12857142857142856
0 0.26071428571428573 0.9571428571428571 0.02142857142857143 0.05714285714285714
0 0.17857142857142858 0.85 0.02380952380952381 0.07142857142857142
0 0.8821428571428572 0.5785714285714285 0.02142857142857143 0.09999999999999999
0 0.5630952380952381 0.37142857142857144 0.02142857142857143 0.05714285714285714
0 0.6071428571428572 0.42142857142857143 0.02380952380952381 0.07142857142857142
0 0.22380952380952382 0.2785714285714286 0.01904761904761905 0.09999999999999999
0 0.9488095238095239 0.65 0.02142857142857143 0.07142857142857142
