0 0.6357142857142858 0.8071428571428572 0.02380952380952381 0.09999999999999999
0 0.6916666666666668 0.2714285714285714 0.01666666666666667 0.11428571428571428
0 0.05238095238095239 0.47857142857142854 0.02380952380952381 0.09999999999999999
0 0.0380952380952381 0.3071428571428571 0.02380952380952381 0.07142857142857142
0 0.008333333333333335 0.7714285714285714 0.01666666666666667 0.08571428571428572
0 0.1142857142857143 0.45714285714285713 0.03333333333333334 0.08571428571428572
0 0.2821428571428572 0.6857142857142857 0.02142857142857143 0.08571428571428572
0 0.37738095238095243 0.2642857142857143 0.02142857142857143 0.07142857142857142
0 0.48690476190476195 0.5857142857142857 0.02142857142857143 0.11428571428571428
0 0.5642857142857144 0.3142857142857143 0.02380952380952381 0.08571428571428572
0 0.580952380952381 0.24285714285714285 0.014285714285714287 0.05714285714285714
0 0.5654761904761906 0.8357142857142857 0.026190476190476195 0.07142857142857142
0 0.7166666666666668 0.8071428571428572 0.02380952380952381 0.12857142857142856
0 0.692857142857143 0.8357142857142857 0.014285714285714287 0.12857142857142856
0 0.8511904761904763 0.5857142857142857 0.02142857142857143 0.05714285714285714
0 0.7333333333333334 0.19285714285714284 0.014285714285714287 0.07142857142857142
0 0.8511904761904763 0.20714285714285713 0.02142857142857143 0.12857142857142856
0 0.9452380952380953 0.18571428571428572 0.01904761904761905 0.08571428571428572
0 0.9630952380952382 0.5857142857142857 0.02142857142857143 0.11428571428571428
0 0.18690476190476193 0.5499999999999999 0.01666666666666667 0.09999999999999999
