0 0.7690476190476191 0.15 0.03333333333333334 0.2714285714285714
0 0.9857142857142858 0.08571428571428572 0.02380952380952381 0.17142857142857143
0 0.9071428571428573 0.47857142857142854 0.028571428571428574 0.15714285714285714
0 0.4071428571428572 0.15714285714285714 0.01904761904761905 0.11428571428571428
0 0.09285714285714286 0.9142857142857143 0.03333333333333334 0.14285714285714285
0 0.8238095238095239 0.3857142857142857 0.028571428571428574 0.17142857142857143
0 0.7511904761904763 0.42142857142857143 0.03571428571428572 0.15714285714285714
0 0.6511904761904762 0.7214285714285714 0.02142857142857143 0.21428571428571427
0 0.6916666666666668 0.9 0.03571428571428572 0.17142857142857143
0 0.9095238095238096 0.8071428571428572 0.03333333333333334 0.24285714285714285
0 0.8690476190476192 0.7928571428571428 0.04285714285714286 0.21428571428571427
0 0.4547619047619048 0.5714285714285714 0.03333333333333334 0.17142857142857143
0 0.8690476190476192 0.5571428571428572 0.04285714285714286 0.19999999999999998
0 0.4678571428571429 0.8928571428571428 0.02142857142857143 0.15714285714285714
0 0.5773809523809524 0.07857142857142857 0.04047619047619048 0.15714285714285714
