0 0.21904761904761907 0.3214285714285714 0.0380952380952381 0.15714285714285714
0 0.5202380952380953 0.6785714285714286 0.02142857142857143 0.09999999999999999
0 0.6357142857142858 0.5642857142857143 0.028571428571428574 0.15714285714285714
0 0.8035714285714286 0.39285714285714285 0.02142857142857143 0.12857142857142856
0 0.8404761904761906 0.5071428571428571 0.02380952380952381 0.12857142857142856
0 0.9523809523809524 0.3071428571428571 0.01904761904761905 0.07142857142857142
0 0.4892857142857143 0.3 0.026190476190476195 0.11428571428571428
0 0.8738095238095239 0.9285714285714285 0.01904761904761905 0.08571428571428572
0 0.9095238095238096 0.32857142857142857 0.02380952380952381 0.14285714285714285
0 0.5011904761904762 0.9 0.02142857142857143 0.11428571428571428
0 0.3321428571428572 0.2714285714285714 0.030952380952380953 0.14285714285714285
0 0.11190476190476191 0.35714285714285715 0.028571428571428574 0.11428571428571428
0 0.125 0.5214285714285715 0.026190476190476195 0.12857142857142856
0 0.3523809523809524 0.8857142857142857 0.028571428571428574 0.17142857142857143
0 0.33571428571428574 0.5571428571428572 0.05238095238095239 0.17142857142857143
0 0.955952380952381 0.6142857142857142 0.030952380952380953 0.17142857142857143
0 0.8190476190476191 0.7 0.02380952380952381 0.17142857142857143
