0 0.7321428571428572 0.8571428571428571 0.02142857142857143 0.17142857142857143
0 0.06666666666666668 0.8428571428571429 0.02380952380952381 0.05714285714285714
0 0.011904761904761906 0.5928571428571429 0.014285714285714287 0.07142857142857142
0 0.14047619047619048 0.14285714285714285 0.014285714285714287 0.11428571428571428
0 0.1904761904761905 0.3142857142857143 0.01904761904761905 0.08571428571428572
0 0.1142857142857143 0.6 0.01904761904761905 0.11428571428571428
0 0.30833333333333335 0.5928571428571429 0.01666666666666667 0.07142857142857142
0 0.2535714285714286 0.42857142857142855 0.01666666666666667 0.08571428571428572
0 0.2773809523809524 0.14285714285714285 0.01666666666666667 0.08571428571428572
0 0.35595238095238096 0.07857142857142857 0.01666666666666667 0.07142857142857142
0 0.37500000000000006 0.7357142857142857 0.01666666666666667 0.09999999999999999
0 0.5476190476190477 0.2785714285714286 0.01904761904761905 0.04285714285714286
0 0.49880952380952387 0.42857142857142855 0.011904761904761906 0.08571428571428572
0 0.4821428571428572 0.2857142857142857 0.011904761904761906 0.08571428571428572
0 0.4154761904761905 0.21428571428571427 0.01666666666666667 0.11428571428571428
0 0.7095238095238096 0.09285714285714286 0.014285714285714287 0.09999999999999999
0 0.3190476190476191 0.7214285714285714 0.014285714285714287 0.07142857142857142
0 0.9404761904761906 0.65 0.014285714285714287 0.07142857142857142
0 0.8916666666666667 0.5571428571428572 0.011904761904761906 0.08571428571428572
0 0.8750000000000001 0.37142857142857144 0.011904761904761906 0.08571428571428572
0 0.7892857142857144 0.32857142857142857 0.02142857142857143 0.11428571428571428
0 0.5845238095238096 0.10714285714285714 0.01666666666666667 0.07142857142857142
0 0.7976190476190477 0.6142857142857142 0.014285714285714287 0.08571428571428572
0 0.23452380952380955 0.06428571428571428 0.01666666666666667 0.07142857142857142
0 0.37023809523809526 0.3142857142857143 0.026190476190476195 0.08571428571428572
0 0.5797619047619048 0.8785714285714286 0.01666666666666667 0.07142857142857142
0 0.4690476190476191 0.9571428571428571 0.02380952380952381 0.05714285714285714
0 0.1654761904761905 0.42142857142857143 0.02142857142857143 0.07142857142857142
0 0.01785714285714286 0.10714285714285714 0.011904761904761906 0.07142857142857142
0 0.9845238095238096 0.2642857142857143 0.01666666666666667 0.07142857142857142
0 0.8654761904761905 0.03571428571428571 0.01666666666666667 0.07142857142857142
0 0.6440476190476191 0.44285714285714284 0.026190476190476195 0.14285714285714285
