0 0.11785714285714287 0.7642857142857142 0.01666666666666667 0.09999999999999999
0 0.02142857142857143 0.45714285714285713 0.014285714285714287 0.11428571428571428
0 0.9785714285714286 0.35714285714285715 0.014285714285714287 0.11428571428571428
0 0.125 0.3857142857142857 0.01666666666666667 0.05714285714285714
0 0.2 0.6785714285714286 0.014285714285714287 0.12857142857142856
0 0.2273809523809524 0.8428571428571429 0.011904761904761906 0.05714285714285714
0 0.22380952380952382 0.3071428571428571 0.014285714285714287 0.07142857142857142
0 0.2773809523809524 0.02857142857142857 0.01666666666666667 0.05714285714285714
0 0.3416666666666667 0.9 0.011904761904761906 0.08571428571428572
0 0.5738095238095239 0.46428571428571425 0.01904761904761905 0.07142857142857142
0 0.5630952380952381 0.22857142857142856 0.01666666666666667 0.05714285714285714
0 0.5071428571428572 0.02142857142857143 0.014285714285714287 0.04285714285714286
0 0.6333333333333334 0.18571428571428572 0.014285714285714287 0.05714285714285714
0 0.6964285714285715 0.44285714285714284 0.01666666666666667 0.08571428571428572
0 0.6511904761904762 0.7857142857142857 0.01666666666666667 0.08571428571428572
0 0.775 0.5714285714285714 0.01666666666666667 0.08571428571428572
0 0.7595238095238096 0.6785714285714286 0.014285714285714287 0.07142857142857142
0 0.6892857142857144 0.7999999999999999 0.011904761904761906 0.05714285714285714
0 0.405952380952381 0.10714285714285714 0.01666666666666667 0.07142857142857142
0 0.05952380952380953 0.6071428571428571 0.014285714285714287 0.07142857142857142
0 0.9345238095238096 0.3357142857142857 0.01666666666666667 0.09999999999999999
0 0.8928571428571429 0.65 0.014285714285714287 0.07142857142857142
0 0.6154761904761905 0.1357142857142857 0.011904761904761906 0.07142857142857142
0 0.5392857142857144 0.7642857142857142 0.02142857142857143 0.07142857142857142
0 0.9773809523809525 0.9071428571428571 0.02142857142857143 0.09999999999999999
