0 0.10357142857142858 0.5857142857142857 0.02142857142857143 0.11428571428571428
0 0.055952380952380955 0.7714285714285714 0.011904761904761906 0.08571428571428572
0 0.055952380952380955 0.5714285714285714 0.011904761904761906 0.08571428571428572
0 0.3297619047619048 0.41428571428571426 0.030952380952380953 0.11428571428571428
0 0.5857142857142857 0.6642857142857143 0.014285714285714287 0.07142857142857142
0 0.6690476190476191 0.5 0.014285714285714287 0.08571428571428572
0 0.7654761904761905 0.5571428571428572 0.01666666666666667 0.14285714285714285
0 0.6440476190476191 0.3 0.011904761904761906 0.08571428571428572
0 0.002380952380952381 0.5357142857142857 0.004761904761904762 0.09999999999999999
0 0.8583333333333334 0.8357142857142857 0.02142857142857143 0.09999999999999999
0 0.675 0.8785714285714286 0.01666666666666667 0.07142857142857142
0 0.6785714285714286 0.65 0.01904761904761905 0.07142857142857142
0 0.43214285714285716 0.6571428571428571 0.02142857142857143 0.14285714285714285
0 0.1273809523809524 0.9285714285714285 0.01666666666666667 0.05714285714285714
0 0.7333333333333334 0.34285714285714286 0.04761904761904762 0.14285714285714285
0 0.18333333333333335 0.3357142857142857 0.014285714285714287 0.09999999999999999
0 0.03214285714285715 0.34285714285714286 0.02142857142857143 0.05714285714285714
0 0.27380952380952384 0.04285714285714286 0.014285714285714287 0.08571428571428572
0 0.3583333333333334 0.014285714285714285 0.01666666666666667 0.02857142857142857
0 0.13452380952380955 0.15 0.02142857142857143 0.07142857142857142
0 0.7380952380952381 0.09999999999999999 0.02380952380952381 0.05714285714285714
0 0.045238095238095244 0.10714285714285714 0.014285714285714287 0.07142857142857142
0 0.7928571428571429 0.5499999999999999 0.014285714285714287 0.09999999999999999
0 0.9416666666666668 0.9285714285714285 0.02142857142857143 0.08571428571428572
0 0.8821428571428572 0.22857142857142856 0.01666666666666667 0.08571428571428572
0 0.9845238095238096 0.5928571428571429 0.02142857142857143 0.15714285714285714
0 0.8726190476190477 0.5499999999999999 0.04047619047619048 0.15714285714285714
0 0.6571428571428573 0.5785714285714285 0.009523809523809525 0.12857142857142856
