0 0.008333333333333335 0.4928571428571428 0.0071428571428571435 0.07142857142857142
0 0.125 0.42142857142857143 0.0071428571428571435 0.04285714285714286
0 0.13333333333333336 0.4857142857142857 0.004761904761904762 0.05714285714285714
0 0.1797619047619048 0.4714285714285714 0.01666666666666667 0.05714285714285714
0 0.07976190476190477 0.7428571428571429 0.002380952380952381 0.05714285714285714
0 0.10714285714285715 0.6928571428571428 0.009523809523809525 0.04285714285714286
0 0.22142857142857145 0.7642857142857142 0.009523809523809525 0.07142857142857142
0 0.3666666666666667 0.20714285714285713 0.014285714285714287 0.07142857142857142
0 0.5880952380952381 0.5928571428571429 0.009523809523809525 0.07142857142857142
0 0.6523809523809524 0.6928571428571428 0.004761904761904762 0.04285714285714286
0 0.8273809523809524 0.3357142857142857 0.011904761904761906 0.07142857142857142
0 0.980952380952381 0.25 0.009523809523809525 0.07142857142857142
0 0.9261904761904762 0.45 0.009523809523809525 0.07142857142857142
0 0.6630952380952382 0.7214285714285714 0.011904761904761906 0.07142857142857142
0 0.4154761904761905 0.7285714285714285 0.011904761904761906 0.05714285714285714
0 0.4547619047619048 0.5785714285714285 0.009523809523809525 0.014285714285714285
0 0.8297619047619048 0.6 0.0071428571428571435 0.05714285714285714
0 0.7130952380952381 0.7285714285714285 0.011904761904761906 0.05714285714285714
0 0.55 0.8571428571428571 0.009523809523809525 0.05714285714285714
0 0.33333333333333337 0.8142857142857143 0.014285714285714287 0.05714285714285714
0 0.7845238095238096 0.2571428571428571 0.0071428571428571435 0.08571428571428572
0 0.6666666666666667 0.44285714285714284 0.009523809523809525 0.05714285714285714
0 0.9047619047619049 0.2857142857142857 0.009523809523809525 0.05714285714285714
0 0.37142857142857144 0.8071428571428572 0.014285714285714287 0.07142857142857142
