0 0.2416666666666667 0.25 0.02142857142857143 0.07142857142857142
0 0.3797619047619048 0.4857142857142857 0.02142857142857143 0.08571428571428572
0 0.536904761904762 0.5714285714285714 0.01666666666666667 0.11428571428571428
0 0.7261904761904763 0.6214285714285714 0.01904761904761905 0.09999999999999999
0 0.9845238095238096 0.37142857142857144 0.02142857142857143 0.14285714285714285
0 0.08333333333333334 0.95 0.014285714285714287 0.07142857142857142
0 0.567857142857143 0.10714285714285714 0.01666666666666667 0.09999999999999999
0 0.8678571428571429 0.8214285714285714 0.05 0.15714285714285714
0 0.9059523809523811 0.65 0.02142857142857143 0.09999999999999999
0 0.24404761904761907 0.8357142857142857 0.01666666666666667 0.07142857142857142
0 0.7250000000000001 0.75 0.011904761904761906 0.07142857142857142
0 0.6321428571428572 0.5928571428571429 0.026190476190476195 0.12857142857142856
0 0.7261904761904763 0.2357142857142857 0.01904761904761905 0.07142857142857142
0 0.8321428571428572 0.42142857142857143 0.01666666666666667 0.09999999999999999
0 0.5285714285714286 0.3142857142857143 0.01904761904761905 0.08571428571428572
0 0.05714285714285715 0.42857142857142855 0.014285714285714287 0.11428571428571428
0 0.03571428571428572 0.2857142857142857 0.014285714285714287 0.08571428571428572
0 0.09166666666666667 0.7214285714285714 0.01666666666666667 0.07142857142857142
0 0.08452380952380953 0.5571428571428572 0.01666666666666667 0.08571428571428572
0 0.04642857142857143 0.8785714285714286 0.02142857142857143 0.07142857142857142
0 0.3464285714285715 0.4714285714285714 0.011904761904761906 0.08571428571428572
0 0.6071428571428572 0.12142857142857143 0.014285714285714287 0.07142857142857142
0 0.5547619047619048 0.22142857142857142 0.028571428571428574 0.07142857142857142
0 0.2619047619047619 0.18571428571428572 0.01904761904761905 0.05714285714285714
0 0.811904761904762 0.5499999999999999 0.014285714285714287 0.09999999999999999
0 0.9440476190476191 0.09285714285714286 0.01666666666666667 0.07142857142857142
0 0.3642857142857143 0.22142857142857142 0.02380952380952381 0.07142857142857142
0 0.21904761904761907 0.4857142857142857 0.01904761904761905 0.08571428571428572
0 0.29761904761904767 0.5714285714285714 0.02380952380952381 0.08571428571428572
0 0.936904761904762 0.8071428571428572 0.026190476190476195 0.12857142857142856
0 0.8107142857142858 0.7642857142857142 0.026190476190476195 0.07142857142857142
0 0.4964285714285715 0.12142857142857143 0.02142857142857143 0.12857142857142856
