0 0.35595238095238096 0.6785714285714286 0.01666666666666667 0.12857142857142856
0 0.08928571428571429 0.25 0.026190476190476195 0.07142857142857142
0 0.13690476190476192 0.15714285714285714 0.011904761904761906 0.05714285714285714
0 0.1273809523809524 0.7571428571428571 0.011904761904761906 0.05714285714285714
0 0.32023809523809527 0.14285714285714285 0.011904761904761906 0.08571428571428572
0 0.3404761904761905 0.8928571428571428 0.01904761904761905 0.09999999999999999
0 0.22023809523809526 0.1357142857142857 0.01666666666666667 0.09999999999999999
0 0.43809523809523815 0.40714285714285714 0.014285714285714287 0.07142857142857142
0 0.5428571428571429 0.2857142857142857 0.01904761904761905 0.08571428571428572
0 0.580952380952381 0.2357142857142857 0.014285714285714287 0.07142857142857142
0 0.5833333333333334 0.39285714285714285 0.01904761904761905 0.04285714285714286
0 0.7404761904761905 0.5928571428571429 0.01904761904761905 0.07142857142857142
0 0.9226190476190477 0.6071428571428571 0.01666666666666667 0.07142857142857142
0 0.9476190476190477 0.6357142857142857 0.02380952380952381 0.07142857142857142
0 0.7476190476190477 0.03571428571428571 0.02380952380952381 0.07142857142857142
0 0.8714285714285716 0.02142857142857143 0.028571428571428574 0.04285714285714286
0 0.8523809523809525 0.9071428571428571 0.01904761904761905 0.07142857142857142
0 0.48690476190476195 0.5499999999999999 0.02142857142857143 0.09999999999999999
0 0.4833333333333334 0.40714285714285714 0.01904761904761905 0.07142857142857142
