0 0.4297619047619048 0.8642857142857142 0.02142857142857143 0.09999999999999999
0 0.46666666666666673 0.7785714285714286 0.01904761904761905 0.09999999999999999
0 0.48809523809523814 0.7999999999999999 0.01904761904761905 0.05714285714285714
0 0.43214285714285716 0.09285714285714286 0.02142857142857143 0.09999999999999999
0 0.4916666666666667 0.5428571428571428 0.02142857142857143 0.14285714285714285
0 0.5476190476190477 0.24285714285714285 0.01904761904761905 0.11428571428571428
0 0.692857142857143 0.6214285714285714 0.01904761904761905 0.12857142857142856
0 0.7773809523809525 0.8142857142857143 0.01666666666666667 0.11428571428571428
0 0.9238095238095239 0.24285714285714285 0.02380952380952381 0.14285714285714285
0 0.7392857142857143 0.35 0.02142857142857143 0.07142857142857142
0 0.8702380952380954 0.2571428571428571 0.026190476190476195 0.05714285714285714
0 0.880952380952381 0.6142857142857142 0.01904761904761905 0.11428571428571428
0 0.7809523809523811 0.2857142857142857 0.014285714285714287 0.11428571428571428
0 0.6904761904761906 0.08571428571428572 0.02380952380952381 0.14285714285714285
