0 0.5702380952380953 0.7642857142857142 0.01666666666666667 0.18571428571428572
0 0.14761904761904762 0.12142857142857143 0.014285714285714287 0.12857142857142856
0 0.8630952380952381 0.6714285714285714 0.011904761904761906 0.11428571428571428
0 0.8773809523809525 0.6571428571428571 0.011904761904761906 0.08571428571428572
0 0.8440476190476192 0.06428571428571428 0.011904761904761906 0.09999999999999999
0 0.9261904761904762 0.4857142857142857 0.009523809523809525 0.05714285714285714
0 0.37738095238095243 0.9214285714285714 0.011904761904761906 0.07142857142857142
0 0.405952380952381 0.39999999999999997 0.0071428571428571435 0.05714285714285714
0 0.25833333333333336 0.7999999999999999 0.02142857142857143 0.05714285714285714
0 0.9142857142857144 0.03571428571428571 0.009523809523809525 0.07142857142857142
0 0.7464285714285714 0.07857142857142857 0.02142857142857143 0.07142857142857142
0 0.3261904761904762 0.7428571428571429 0.009523809523809525 0.08571428571428572
0 0.23333333333333336 0.07857142857142857 0.009523809523809525 0.07142857142857142
0 0.38571428571428573 0.7 0.014285714285714287 0.08571428571428572
