0 0.22142857142857145 0.7642857142857142 0.028571428571428574 0.12857142857142856
0 0.3238095238095238 0.05714285714285714 0.03333333333333334 0.11428571428571428
0 0.5095238095238096 0.5357142857142857 0.01904761904761905 0.09999999999999999
0 0.34880952380952385 0.7285714285714285 0.02142857142857143 0.14285714285714285
0 0.3583333333333334 0.25 0.02142857142857143 0.09999999999999999
0 0.37142857142857144 0.15714285714285714 0.014285714285714287 0.08571428571428572
0 0.14404761904761906 0.15714285714285714 0.01666666666666667 0.08571428571428572
0 0.09404761904761906 0.6214285714285714 0.02142857142857143 0.09999999999999999
0 0.06904761904761905 0.5714285714285714 0.01904761904761905 0.08571428571428572
0 0.5107142857142858 0.6571428571428571 0.011904761904761906 0.11428571428571428
0 0.5285714285714286 0.5071428571428571 0.014285714285714287 0.12857142857142856
0 0.6392857142857143 0.5499999999999999 0.011904761904761906 0.09999999999999999
0 0.7571428571428572 0.7857142857142857 0.014285714285714287 0.11428571428571428
0 0.9000000000000001 0.8857142857142857 0.014285714285714287 0.11428571428571428
0 0.9583333333333334 0.4857142857142857 0.030952380952380953 0.08571428571428572
0 0.7880952380952382 0.45 0.028571428571428574 0.12857142857142856
0 0.65 0.41428571428571426 0.01904761904761905 0.08571428571428572
0 0.4083333333333334 0.35714285714285715 0.01666666666666667 0.08571428571428572
0 0.6154761904761905 0.02857142857142857 0.011904761904761906 0.05714285714285714
0 0.5928571428571429 0.5428571428571428 0.014285714285714287 0.11428571428571428
0 0.567857142857143 0.7 0.01666666666666667 0.08571428571428572
0 0.7500000000000001 0.37142857142857144 0.014285714285714287 0.08571428571428572
0 0.8500000000000001 0.10714285714285714 0.02380952380952381 0.09999999999999999
0 0.2642857142857143 0.42142857142857143 0.01904761904761905 0.09999999999999999
0 0.6095238095238096 0.9071428571428571 0.02380952380952381 0.09999999999999999
0 0.8857142857142858 0.5 0.01904761904761905 0.14285714285714285
0 0.9083333333333334 0.5142857142857142 0.01666666666666667 0.08571428571428572
0 0.4273809523809524 0.20714285714285713 0.011904761904761906 0.07142857142857142
0 0.09166666666666667 0.7357142857142857 0.01666666666666667 0.09999999999999999
