0 0.6690476190476191 0.8214285714285714 0.01904761904761905 0.09999999999999999
0 0.5357142857142858 0.9071428571428571 0.014285714285714287 0.07142857142857142
0 0.051190476190476196 0.7214285714285714 0.01666666666666667 0.07142857142857142
0 0.07142857142857144 0.6428571428571428 0.01904761904761905 0.08571428571428572
0 0.08452380952380953 0.11428571428571428 0.01666666666666667 0.08571428571428572
0 0.20714285714285716 0.45 0.01904761904761905 0.12857142857142856
0 0.3392857142857143 0.7928571428571428 0.01666666666666667 0.07142857142857142
0 0.3166666666666667 0.9642857142857143 0.028571428571428574 0.04285714285714286
0 0.42619047619047623 0.45714285714285713 0.014285714285714287 0.17142857142857143
0 0.480952380952381 0.18571428571428572 0.014285714285714287 0.08571428571428572
0 0.5321428571428571 0.41428571428571426 0.01666666666666667 0.08571428571428572
0 0.4916666666666667 0.5071428571428571 0.02142857142857143 0.09999999999999999
0 0.5130952380952382 0.6428571428571428 0.01666666666666667 0.08571428571428572
0 0.5797619047619048 0.24285714285714285 0.01666666666666667 0.05714285714285714
0 0.7511904761904763 0.5214285714285715 0.026190476190476195 0.07142857142857142
0 0.5107142857142858 0.22857142857142856 0.02142857142857143 0.08571428571428572
0 0.4130952380952381 0.21428571428571427 0.02142857142857143 0.08571428571428572
0 0.053571428571428575 0.5 0.01666666666666667 0.08571428571428572
0 0.4702380952380953 0.9571428571428571 0.02142857142857143 0.05714285714285714
