0 0.23095238095238096 0.02857142857142857 0.01904761904761905 0.05714285714285714
0 0.37500000000000006 0.6285714285714286 0.02142857142857143 0.08571428571428572
0 0.5226190476190476 0.2642857142857143 0.02142857142857143 0.07142857142857142
0 0.5380952380952382 0.15714285714285714 0.014285714285714287 0.08571428571428572
0 0.8785714285714287 0.6714285714285714 0.01904761904761905 0.08571428571428572
0 0.7928571428571429 0.8571428571428571 0.014285714285714287 0.11428571428571428
0 0.9166666666666667 0.36428571428571427 0.014285714285714287 0.15714285714285714
0 0.9440476190476191 0.36428571428571427 0.02142857142857143 0.07142857142857142
0 0.8190476190476191 0.7857142857142857 0.028571428571428574 0.08571428571428572
0 0.5273809523809524 0.6428571428571428 0.01666666666666667 0.11428571428571428
0 0.6202380952380953 0.6142857142857142 0.026190476190476195 0.11428571428571428
0 0.2416666666666667 0.17857142857142858 0.026190476190476195 0.07142857142857142
0 0.15357142857142858 0.8642857142857142 0.01666666666666667 0.07142857142857142
0 0.2785714285714286 0.8357142857142857 0.01904761904761905 0.07142857142857142
0 0.6714285714285715 0.7071428571428571 0.02380952380952381 0.07142857142857142
0 0.2642857142857143 0.35714285714285715 0.01904761904761905 0.05714285714285714
0 0.35714285714285715 0.7214285714285714 0.014285714285714287 0.07142857142857142
0 0.37619047619047624 0.7285714285714285 0.01904761904761905 0.05714285714285714
0 0.5452380952380953 0.44285714285714284 0.02380952380952381 0.05714285714285714
0 0.530952380952381 0.37857142857142856 0.028571428571428574 0.04285714285714286
0 0.4833333333333334 0.3357142857142857 0.014285714285714287 0.07142857142857142
0 0.8333333333333334 0.10714285714285714 0.01904761904761905 0.07142857142857142
0 0.9511904761904763 0.17857142857142858 0.01666666666666667 0.07142857142857142
0 0.8750000000000001 0.12142857142857143 0.02142857142857143 0.07142857142857142
0 0.8845238095238096 0.45 0.03571428571428572 0.07142857142857142
0 0.9107142857142858 0.75 0.02142857142857143 0.07142857142857142
0 0.6464285714285715 0.6285714285714286 0.01666666666666667 0.08571428571428572
0 0.8273809523809524 0.3857142857142857 0.01666666666666667 0.08571428571428572
0 0.8964285714285715 0.20714285714285713 0.011904761904761906 0.07142857142857142
0 0.855952380952381 0.22142857142857142 0.01666666666666667 0.09999999999999999
0 0.6047619047619048 0.12857142857142856 0.01904761904761905 0.11428571428571428
0 0.33452380952380956 0.6857142857142857 0.01666666666666667 0.08571428571428572
0 0.35000000000000003 0.6071428571428571 0.01904761904761905 0.07142857142857142
0 0.17857142857142858 0.3142857142857143 0.014285714285714287 0.08571428571428572
0 0.010714285714285714 0.04285714285714286 0.01666666666666667 0.08571428571428572
0 0.011904761904761906 0.5 0.02380952380952381 0.08571428571428572
0 0.009523809523809525 0.6285714285714286 0.01904761904761905 0.08571428571428572
0 0.029761904761904764 0.22857142857142856 0.02142857142857143 0.08571428571428572
0 0.12023809523809526 0.37142857142857144 0.01666666666666667 0.14285714285714285
0 0.16904761904761906 0.41428571428571426 0.014285714285714287 0.08571428571428572
0 0.1511904761904762 0.5857142857142857 0.01666666666666667 0.08571428571428572
0 0.19404761904761905 0.41428571428571426 0.02142857142857143 0.08571428571428572
0 0.08452380952380953 0.5 0.01666666666666667 0.08571428571428572
0 0.07023809523809524 0.7071428571428571 0.01666666666666667 0.09999999999999999
0 0.06547619047619048 0.5785714285714285 0.01666666666666667 0.09999999999999999
0 0.11309523809523811 0.5428571428571428 0.01666666666666667 0.08571428571428572
0 0.2178571428571429 0.5071428571428571 0.01666666666666667 0.07142857142857142
0 0.2785714285714286 0.16428571428571428 0.01904761904761905 0.07142857142857142
0 0.34285714285714286 0.22857142857142856 0.01904761904761905 0.05714285714285714
0 0.45952380952380956 0.65 0.01904761904761905 0.07142857142857142
0 0.46666666666666673 0.8428571428571429 0.01904761904761905 0.08571428571428572
0 0.7488095238095239 0.34285714285714286 0.02142857142857143 0.08571428571428572
0 0.8071428571428572 0.5785714285714285 0.028571428571428574 0.09999999999999999
0 0.8952380952380953 0.8857142857142857 0.01904761904761905 0.08571428571428572
0 0.7511904761904763 0.19999999999999998 0.01666666666666667 0.11428571428571428
0 0.7702380952380953 0.12142857142857143 0.026190476190476195 0.07142857142857142
0 0.7273809523809525 0.07142857142857142 0.02142857142857143 0.05714285714285714
0 0.3047619047619048 0.8285714285714285 0.014285714285714287 0.11428571428571428
