0 0.9571428571428572 0.45714285714285713 0.014285714285714287 0.08571428571428572
0 0.9845238095238096 0.9357142857142857 0.01666666666666667 0.07142857142857142
0 0.07857142857142858 0.17857142857142858 0.01904761904761905 0.07142857142857142
0 0.12142857142857144 0.5499999999999999 0.014285714285714287 0.12857142857142856
0 0.25 0.22142857142857142 0.01904761904761905 0.15714285714285714
0 0.3392857142857143 0.15 0.01666666666666667 0.07142857142857142
0 0.21190476190476193 0.05714285714285714 0.014285714285714287 0.05714285714285714
0 0.3595238095238096 0.6 0.014285714285714287 0.08571428571428572
0 0.30714285714285716 0.3214285714285714 0.02380952380952381 0.09999999999999999
0 0.5083333333333334 0.3 0.02142857142857143 0.05714285714285714
0 0.5785714285714286 0.24285714285714285 0.009523809523809525 0.05714285714285714
0 0.7380952380952381 0.03571428571428571 0.014285714285714287 0.07142857142857142
0 0.6416666666666667 0.35714285714285715 0.026190476190476195 0.11428571428571428
0 0.8702380952380954 0.2642857142857143 0.011904761904761906 0.07142857142857142
0 0.8321428571428572 0.02142857142857143 0.011904761904761906 0.04285714285714286
0 0.4285714285714286 0.1357142857142857 0.01904761904761905 0.07142857142857142
0 0.7297619047619048 0.5 0.01666666666666667 0.08571428571428572
0 0.5392857142857144 0.37857142857142856 0.02142857142857143 0.07142857142857142
0 0.1416666666666667 0.8642857142857142 0.02142857142857143 0.07142857142857142
0 0.0071428571428571435 0.2571428571428571 0.014285714285714287 0.08571428571428572
0 0.40952380952380957 0.7 0.0380952380952381 0.11428571428571428
0 0.18214285714285716 0.5571428571428572 0.01666666666666667 0.08571428571428572
0 0.4690476190476191 0.9428571428571428 0.01904761904761905 0.08571428571428572
