0 0.1 0.5857142857142857 0.01904761904761905 0.08571428571428572
0 0.6904761904761906 0.8428571428571429 0.014285714285714287 0.05714285714285714
0 0.8916666666666667 0.18571428571428572 0.01666666666666667 0.11428571428571428
0 0.8607142857142858 0.5571428571428572 0.01666666666666667 0.08571428571428572
0 0.5238095238095238 0.5071428571428571 0.01904761904761905 0.07142857142857142
0 0.8047619047619048 0.7 0.05238095238095239 0.2571428571428571
0 0.1273809523809524 0.8142857142857143 0.01666666666666667 0.05714285714285714
0 0.06785714285714287 0.7999999999999999 0.02142857142857143 0.05714285714285714
0 0.028571428571428574 0.37142857142857144 0.02380952380952381 0.11428571428571428
0 0.0761904761904762 0.3071428571428571 0.01904761904761905 0.07142857142857142
0 0.32142857142857145 0.5071428571428571 0.01904761904761905 0.12857142857142856
0 0.2702380952380953 0.8214285714285714 0.02142857142857143 0.07142857142857142
0 0.28571428571428575 0.11428571428571428 0.01904761904761905 0.08571428571428572
0 0.44761904761904764 0.39999999999999997 0.01904761904761905 0.08571428571428572
0 0.3678571428571429 0.35 0.01666666666666667 0.09999999999999999
0 0.6047619047619048 0.8785714285714286 0.014285714285714287 0.07142857142857142
0 0.6250000000000001 0.6142857142857142 0.01666666666666667 0.05714285714285714
0 0.6988095238095239 0.7214285714285714 0.02142857142857143 0.09999999999999999
0 0.7000000000000001 0.09999999999999999 0.01904761904761905 0.05714285714285714
0 0.8190476190476191 0.41428571428571426 0.014285714285714287 0.08571428571428572
0 0.9095238095238096 0.6785714285714286 0.05238095238095239 0.15714285714285714
0 0.7880952380952382 0.9285714285714285 0.01904761904761905 0.08571428571428572
0 0.2678571428571429 0.5714285714285714 0.02142857142857143 0.08571428571428572
0 0.14404761904761906 0.65 0.01666666666666667 0.07142857142857142
0 0.7523809523809525 0.35 0.01904761904761905 0.07142857142857142
0 0.16904761904761906 0.3071428571428571 0.028571428571428574 0.07142857142857142
0 0.4690476190476191 0.8285714285714285 0.02380952380952381 0.08571428571428572
0 0.41785714285714287 0.6857142857142857 0.011904761904761906 0.08571428571428572
0 0.3547619047619048 0.8142857142857143 0.02380952380952381 0.11428571428571428
0 0.16071428571428573 0.06428571428571428 0.01666666666666667 0.07142857142857142
0 0.7380952380952381 0.7357142857142857 0.01904761904761905 0.07142857142857142
0 0.23690476190476192 0.07857142857142857 0.02142857142857143 0.07142857142857142
