0 0.06904761904761905 0.22142857142857142 0.04761904761904762 0.24285714285714285
0 0.10833333333333334 0.3857142857142857 0.03571428571428572 0.2857142857142857
0 0.1797619047619048 0.6428571428571428 0.03571428571428572 0.3142857142857143
0 0.12023809523809526 0.8071428571428572 0.04047619047619048 0.3
0 0.19285714285714287 0.95 0.0380952380952381 0.07142857142857142
0 0.21904761904761907 0.04285714285714286 0.04761904761904762 0.08571428571428572
0 0.2821428571428572 0.5642857142857143 0.026190476190476195 0.15714285714285714
0 0.305952380952381 0.6857142857142857 0.030952380952380953 0.11428571428571428
0 0.3154761904761905 0.8857142857142857 0.04047619047619048 0.19999999999999998
0 0.5607142857142857 0.45714285714285713 0.026190476190476195 0.17142857142857143
0 0.6428571428571429 0.7214285714285714 0.04285714285714286 0.15714285714285714
0 0.5142857142857143 0.8928571428571428 0.01904761904761905 0.04285714285714286
0 0.530952380952381 0.8357142857142857 0.014285714285714287 0.09999999999999999
0 0.6404761904761905 0.9214285714285714 0.03333333333333334 0.12857142857142856
0 0.680952380952381 0.10714285714285714 0.014285714285714287 0.09999999999999999
0 0.6666666666666667 0.03571428571428571 0.02380952380952381 0.07142857142857142
0 0.7726190476190476 0.8642857142857142 0.026190476190476195 0.09999999999999999
0 0.8166666666666668 0.9428571428571428 0.01904761904761905 0.08571428571428572
0 0.817857142857143 0.8285714285714285 0.02142857142857143 0.11428571428571428
0 0.7904761904761906 0.47857142857142854 0.01904761904761905 0.15714285714285714
0 0.8154761904761906 0.3857142857142857 0.03571428571428572 0.14285714285714285
0 0.9297619047619049 0.35 0.026190476190476195 0.09999999999999999
0 0.9333333333333335 0.10714285714285714 0.02380952380952381 0.12857142857142856
0 0.5071428571428572 0.3142857142857143 0.01904761904761905 0.17142857142857143
0 0.4904761904761905 0.7428571428571429 0.01904761904761905 0.14285714285714285
0 0.5202380952380953 0.6642857142857143 0.01666666666666667 0.09999999999999999
0 0.9750000000000001 0.14285714285714285 0.01666666666666667 0.14285714285714285
0 0.4976190476190477 0.05714285714285714 0.0380952380952381 0.11428571428571428
