0 0.8452380952380953 0.5857142857142857 0.01904761904761905 0.11428571428571428
0 0.7000000000000001 0.3357142857142857 0.01904761904761905 0.07142857142857142
0 0.06666666666666668 0.18571428571428572 0.02380952380952381 0.05714285714285714
0 0.09285714285714286 0.06428571428571428 0.028571428571428574 0.12857142857142856
0 0.2404761904761905 0.08571428571428572 0.02380952380952381 0.08571428571428572
0 0.39880952380952384 0.9428571428571428 0.01666666666666667 0.05714285714285714
0 0.4833333333333334 0.2642857142857143 0.01904761904761905 0.07142857142857142
0 0.5904761904761905 0.8214285714285714 0.02380952380952381 0.24285714285714285
0 0.6190476190476191 0.75 0.03333333333333334 0.07142857142857142
0 0.5773809523809524 0.25 0.02142857142857143 0.07142857142857142
0 0.8880952380952382 0.3142857142857143 0.02380952380952381 0.08571428571428572
0 0.8928571428571429 0.39999999999999997 0.028571428571428574 0.05714285714285714
0 0.3380952380952381 0.2642857142857143 0.01904761904761905 0.09999999999999999
0 0.14880952380952384 0.45714285714285713 0.02142857142857143 0.08571428571428572
0 0.4083333333333334 0.2357142857142857 0.030952380952380953 0.09999999999999999
0 0.30000000000000004 0.06428571428571428 0.01904761904761905 0.07142857142857142
