0 0.692857142857143 0.12857142857142856 0.01904761904761905 0.11428571428571428
0 0.9000000000000001 0.5142857142857142 0.014285714285714287 0.08571428571428572
0 0.9273809523809524 0.7785714285714286 0.01666666666666667 0.09999999999999999
0 0.980952380952381 0.6928571428571428 0.03333333333333334 0.3857142857142857
0 0.3107142857142857 0.44285714285714284 0.011904761904761906 0.08571428571428572
0 0.6690476190476191 0.4928571428571428 0.01904761904761905 0.09999999999999999
0 0.8023809523809524 0.5499999999999999 0.028571428571428574 0.09999999999999999
0 0.12142857142857144 0.8928571428571428 0.014285714285714287 0.07142857142857142
0 0.9297619047619049 0.17857142857142858 0.01666666666666667 0.07142857142857142
0 0.9297619047619049 0.4714285714285714 0.01666666666666667 0.05714285714285714
0 0.33333333333333337 0.2357142857142857 0.01904761904761905 0.09999999999999999
0 0.37380952380952387 0.17857142857142858 0.02380952380952381 0.09999999999999999
0 0.25952380952380955 0.3 0.01904761904761905 0.05714285714285714
0 0.005952380952380953 0.7857142857142857 0.011904761904761906 0.05714285714285714
0 0.8285714285714286 0.9214285714285714 0.01904761904761905 0.07142857142857142
0 0.7535714285714287 0.7571428571428571 0.02142857142857143 0.05714285714285714
0 0.6000000000000001 0.5357142857142857 0.014285714285714287 0.07142857142857142
0 0.5571428571428572 0.29285714285714287 0.01904761904761905 0.09999999999999999
0 0.8440476190476192 0.44285714285714284 0.02142857142857143 0.05714285714285714
0 0.9035714285714287 0.7214285714285714 0.01666666666666667 0.12857142857142856
0 0.605952380952381 0.22142857142857142 0.02142857142857143 0.07142857142857142
0 0.7000000000000001 0.2571428571428571 0.01904761904761905 0.05714285714285714
0 0.12023809523809526 0.6714285714285714 0.011904761904761906 0.11428571428571428
0 0.10714285714285715 0.2642857142857143 0.01904761904761905 0.07142857142857142
0 0.33571428571428574 0.9071428571428571 0.01904761904761905 0.12857142857142856
0 0.3166666666666667 0.7214285714285714 0.014285714285714287 0.07142857142857142
0 0.2154761904761905 0.17857142857142858 0.02142857142857143 0.07142857142857142
0 0.07023809523809524 0.3357142857142857 0.02142857142857143 0.09999999999999999
0 0.1773809523809524 0.39999999999999997 0.02142857142857143 0.11428571428571428
0 0.4761904761904762 0.18571428571428572 0.01904761904761905 0.05714285714285714
0 0.6678571428571429 0.9071428571428571 0.026190476190476195 0.09999999999999999
0 0.805952380952381 0.14285714285714285 0.04047619047619048 0.08571428571428572
