0 0.4083333333333334 0.19999999999999998 0.011904761904761906 0.08571428571428572
0 0.5297619047619048 0.6642857142857143 0.011904761904761906 0.07142857142857142
0 0.6333333333333334 0.39999999999999997 0.009523809523809525 0.05714285714285714
0 0.6630952380952382 0.5642857142857143 0.011904761904761906 0.07142857142857142
0 0.705952380952381 0.6571428571428571 0.011904761904761906 0.05714285714285714
0 0.37023809523809526 0.8214285714285714 0.0071428571428571435 0.07142857142857142
0 0.42261904761904767 0.42857142857142855 0.0071428571428571435 0.05714285714285714
0 0.4440476190476191 0.09285714285714286 0.011904761904761906 0.07142857142857142
0 0.7678571428571429 0.37142857142857144 0.011904761904761906 0.05714285714285714
0 0.8250000000000001 0.29285714285714287 0.011904761904761906 0.04285714285714286
0 0.8607142857142858 0.47857142857142854 0.0071428571428571435 0.04285714285714286
0 0.8845238095238096 0.20714285714285713 0.01666666666666667 0.04285714285714286
0 0.010714285714285714 0.24285714285714285 0.0071428571428571435 0.05714285714285714
0 0.1380952380952381 0.2357142857142857 0.014285714285714287 0.04285714285714286
0 0.034523809523809526 0.8357142857142857 0.0071428571428571435 0.04285714285714286
0 0.5107142857142858 0.5285714285714286 0.0071428571428571435 0.05714285714285714
0 0.8833333333333334 0.7642857142857142 0.009523809523809525 0.04285714285714286
0 0.730952380952381 0.8357142857142857 0.009523809523809525 0.04285714285714286
0 0.29880952380952386 0.4928571428571428 0.0071428571428571435 0.07142857142857142
0 0.5273809523809524 0.8357142857142857 0.0071428571428571435 0.04285714285714286
0 0.5821428571428572 0.8785714285714286 0.011904761904761906 0.04285714285714286
0 0.8047619047619048 0.7285714285714285 0.009523809523809525 0.05714285714285714
0 0.31309523809523815 0.44285714285714284 0.0071428571428571435 0.05714285714285714
0 0.1797619047619048 0.17142857142857143 0.0071428571428571435 0.05714285714285714
0 0.6464285714285715 0.6785714285714286 0.0071428571428571435 0.04285714285714286
