0 0.21071428571428574 0.8571428571428571 0.02142857142857143 0.17142857142857143
0 0.6654761904761906 0.9071428571428571 0.01666666666666667 0.09999999999999999
0 0.04166666666666667 0.6571428571428571 0.011904761904761906 0.08571428571428572
0 0.11547619047619048 0.5357142857142857 0.026190476190476195 0.07142857142857142
0 0.08928571428571429 0.40714285714285714 0.01666666666666667 0.07142857142857142
0 0.0880952380952381 0.3071428571428571 0.02380952380952381 0.07142857142857142
0 0.19761904761904764 0.15714285714285714 0.014285714285714287 0.08571428571428572
0 0.17261904761904764 0.29285714285714287 0.01666666666666667 0.21428571428571427
0 0.18095238095238098 0.7214285714285714 0.014285714285714287 0.07142857142857142
0 0.3595238095238096 0.3142857142857143 0.02380952380952381 0.08571428571428572
0 0.380952380952381 0.07142857142857142 0.01904761904761905 0.11428571428571428
0 0.5797619047619048 0.2357142857142857 0.011904761904761906 0.09999999999999999
0 0.761904761904762 0.7571428571428571 0.01904761904761905 0.14285714285714285
0 0.5654761904761906 0.8142857142857143 0.02142857142857143 0.08571428571428572
0 0.43333333333333335 0.7071428571428571 0.01904761904761905 0.07142857142857142
0 0.2690476190476191 0.45714285714285713 0.014285714285714287 0.08571428571428572
0 0.33571428571428574 0.9571428571428571 0.02380952380952381 0.05714285714285714
0 0.6988095238095239 0.45 0.01666666666666667 0.09999999999999999
0 0.6988095238095239 0.6428571428571428 0.02142857142857143 0.08571428571428572
0 0.6940476190476191 0.9428571428571428 0.02142857142857143 0.05714285714285714
0 0.24761904761904763 0.21428571428571427 0.02380952380952381 0.11428571428571428
