0 0.8880952380952382 0.3071428571428571 0.02380952380952381 0.09999999999999999
0 0.9940476190476192 0.29285714285714287 0.0071428571428571435 0.07142857142857142
0 0.07023809523809524 0.4928571428571428 0.02142857142857143 0.07142857142857142
0 0.12380952380952381 0.32857142857142857 0.01904761904761905 0.05714285714285714
0 0.1642857142857143 0.8357142857142857 0.01904761904761905 0.07142857142857142
0 0.12619047619047621 0.9142857142857143 0.01904761904761905 0.08571428571428572
0 0.23571428571428574 0.6357142857142857 0.01904761904761905 0.07142857142857142
0 0.32261904761904764 0.7142857142857143 0.01666666666666667 0.08571428571428572
0 0.4678571428571429 0.5071428571428571 0.01666666666666667 0.07142857142857142
0 0.4297619047619048 0.11428571428571428 0.01666666666666667 0.08571428571428572
0 0.5702380952380953 0.14285714285714285 0.01666666666666667 0.08571428571428572
0 0.6976190476190477 0.5714285714285714 0.014285714285714287 0.11428571428571428
0 0.5797619047619048 0.24285714285714285 0.011904761904761906 0.05714285714285714
0 0.6833333333333333 0.19285714285714284 0.014285714285714287 0.09999999999999999
0 0.6107142857142858 0.75 0.01666666666666667 0.07142857142857142
0 0.7285714285714286 0.9357142857142857 0.014285714285714287 0.07142857142857142
0 0.9107142857142858 0.45714285714285713 0.01666666666666667 0.08571428571428572
0 0.9166666666666667 0.6785714285714286 0.01904761904761905 0.07142857142857142
