0 0.29285714285714287 0.18571428571428572 0.01904761904761905 0.11428571428571428
0 0.23214285714285715 0.5642857142857143 0.04047619047619048 0.09999999999999999
0 0.49523809523809526 0.42142857142857143 0.014285714285714287 0.09999999999999999
0 0.7773809523809525 0.8714285714285714 0.01666666666666667 0.08571428571428572
0 0.20952380952380956 0.15 0.014285714285714287 0.09999999999999999
0 0.405952380952381 0.18571428571428572 0.01666666666666667 0.14285714285714285
0 0.6023809523809525 0.8571428571428571 0.02380952380952381 0.05714285714285714
0 0.7107142857142857 0.37857142857142856 0.011904761904761906 0.07142857142857142
0 0.07261904761904762 0.9357142857142857 0.01666666666666667 0.09999999999999999
0 0.7297619047619048 0.9571428571428571 0.026190476190476195 0.05714285714285714
0 0.8690476190476192 0.7285714285714285 0.02380952380952381 0.05714285714285714
0 0.9226190476190477 0.6357142857142857 0.026190476190476195 0.15714285714285714
0 0.4083333333333334 0.8714285714285714 0.026190476190476195 0.14285714285714285
0 0.17023809523809524 0.9142857142857143 0.011904761904761906 0.08571428571428572
0 0.0642857142857143 0.7214285714285714 0.02380952380952381 0.07142857142857142
0 0.9440476190476191 0.2857142857142857 0.02142857142857143 0.11428571428571428
0 0.11904761904761905 0.6857142857142857 0.014285714285714287 0.05714285714285714
0 0.09404761904761906 0.46428571428571425 0.02142857142857143 0.07142857142857142
0 0.3321428571428572 0.5785714285714285 0.03571428571428572 0.07142857142857142
0 0.7928571428571429 0.7785714285714286 0.028571428571428574 0.09999999999999999
0 0.7511904761904763 0.7714285714285714 0.01666666666666667 0.08571428571428572
0 0.9821428571428572 0.40714285714285714 0.01666666666666667 0.09999999999999999
