0 0.3261904761904762 0.2785714285714286 0.01904761904761905 0.09999999999999999
0 0.06190476190476191 0.049999999999999996 0.01904761904761905 0.09999999999999999
0 0.08928571428571429 0.4714285714285714 0.02142857142857143 0.11428571428571428
0 0.32261904761904764 0.44285714285714284 0.01666666666666667 0.08571428571428572
0 0.04642857142857143 0.5285714285714286 0.01666666666666667 0.08571428571428572
0 0.025 0.5857142857142857 0.01666666666666667 0.05714285714285714
0 0.18690476190476193 0.2357142857142857 0.01666666666666667 0.09999999999999999
0 0.07142857142857144 0.6428571428571428 0.01904761904761905 0.05714285714285714
0 0.3404761904761905 0.7357142857142857 0.014285714285714287 0.07142857142857142
0 0.44523809523809527 0.8428571428571429 0.01904761904761905 0.08571428571428572
0 0.5630952380952381 0.5499999999999999 0.02142857142857143 0.07142857142857142
0 0.5214285714285715 0.3357142857142857 0.014285714285714287 0.07142857142857142
0 0.505952380952381 0.2357142857142857 0.01666666666666667 0.07142857142857142
0 0.3654761904761905 0.2642857142857143 0.02142857142857143 0.07142857142857142
0 0.18452380952380953 0.7714285714285714 0.02142857142857143 0.08571428571428572
0 0.8464285714285715 0.4357142857142857 0.02142857142857143 0.07142857142857142
0 0.7738095238095238 0.9285714285714285 0.014285714285714287 0.05714285714285714
0 0.9000000000000001 0.8571428571428571 0.014285714285714287 0.08571428571428572
0 0.8357142857142857 0.7928571428571428 0.014285714285714287 0.09999999999999999
0 0.8083333333333335 0.06428571428571428 0.02142857142857143 0.07142857142857142
0 0.9392857142857144 0.20714285714285713 0.01666666666666667 0.09999999999999999
0 0.7642857142857143 0.7999999999999999 0.0380952380952381 0.11428571428571428
0 0.2785714285714286 0.5928571428571429 0.02380952380952381 0.07142857142857142
