0 0.2761904761904762 0.5 0.014285714285714287 0.05714285714285714
0 0.911904761904762 0.9285714285714285 0.009523809523809525 0.08571428571428572
0 0.22142857142857145 0.9 0.009523809523809525 0.05714285714285714
0 0.24761904761904763 0.8357142857142857 0.009523809523809525 0.04285714285714286
0 0.1392857142857143 0.75 0.011904761904761906 0.07142857142857142
0 0.25238095238095243 0.6928571428571428 0.004761904761904762 0.04285714285714286
0 0.605952380952381 0.2357142857142857 0.01666666666666667 0.04285714285714286
0 0.6940476190476191 0.6142857142857142 0.011904761904761906 0.05714285714285714
0 0.5476190476190477 0.6785714285714286 0.009523809523809525 0.04285714285714286
0 0.6261904761904763 0.6785714285714286 0.009523809523809525 0.04285714285714286
0 0.41071428571428575 0.35714285714285715 0.0071428571428571435 0.05714285714285714
0 0.2904761904761905 0.7928571428571428 0.009523809523809525 0.07142857142857142
0 0.7416666666666667 0.41428571428571426 0.0071428571428571435 0.05714285714285714
0 0.9583333333333334 0.5571428571428572 0.011904761904761906 0.08571428571428572
0 0.8190476190476191 0.46428571428571425 0.004761904761904762 0.07142857142857142
0 0.7547619047619049 0.25 0.009523809523809525 0.07142857142857142
0 0.6571428571428573 0.24285714285714285 0.009523809523809525 0.05714285714285714
0 0.7119047619047619 0.35 0.009523809523809525 0.07142857142857142
0 0.4345238095238096 0.8071428571428572 0.011904761904761906 0.04285714285714286
0 0.511904761904762 0.5214285714285715 0.009523809523809525 0.04285714285714286
0 0.5190476190476191 0.6214285714285714 0.009523809523809525 0.04285714285714286
0 0.35714285714285715 0.7 0.009523809523809525 0.08571428571428572
0 0.23095238095238096 0.7285714285714285 0.009523809523809525 0.05714285714285714
0 0.7892857142857144 0.6285714285714286 0.011904761904761906 0.05714285714285714
0 0.8452380952380953 0.37142857142857144 0.009523809523809525 0.05714285714285714
0 0.09642857142857143 0.7071428571428571 0.011904761904761906 0.07142857142857142
