0 0.6654761904761906 0.17142857142857143 0.02142857142857143 0.11428571428571428
0 0.9345238095238096 0.21428571428571427 0.03571428571428572 0.17142857142857143
0 0.9738095238095239 0.18571428571428572 0.028571428571428574 0.14285714285714285
0 0.8440476190476192 0.6214285714285714 0.01666666666666667 0.12857142857142856
0 0.5547619047619048 0.5285714285714286 0.0380952380952381 0.17142857142857143
0 0.636904761904762 0.6357142857142857 0.026190476190476195 0.15714285714285714
0 0.9011904761904763 0.2857142857142857 0.030952380952380953 0.17142857142857143
0 0.9500000000000001 0.5785714285714285 0.02380952380952381 0.15714285714285714
0 0.21904761904761907 0.4857142857142857 0.028571428571428574 0.14285714285714285
0 0.8023809523809524 0.5571428571428572 0.01904761904761905 0.14285714285714285
0 0.805952380952381 0.7428571428571429 0.01666666666666667 0.14285714285714285
0 0.1416666666666667 0.9 0.05476190476190477 0.17142857142857143
0 0.5202380952380953 0.8785714285714286 0.03571428571428572 0.12857142857142856
