0 0.0642857142857143 0.32857142857142857 0.01904761904761905 0.14285714285714285
0 0.7785714285714287 0.35714285714285715 0.014285714285714287 0.08571428571428572
0 0.6321428571428572 0.6285714285714286 0.02142857142857143 0.05714285714285714
0 0.05476190476190477 0.8285714285714285 0.014285714285714287 0.08571428571428572
0 0.09166666666666667 0.8071428571428572 0.01666666666666667 0.09999999999999999
0 0.16785714285714287 0.8285714285714285 0.01666666666666667 0.05714285714285714
0 0.1642857142857143 0.4857142857142857 0.014285714285714287 0.05714285714285714
0 0.10714285714285715 0.22857142857142856 0.02380952380952381 0.08571428571428572
0 0.24404761904761907 0.6285714285714286 0.02142857142857143 0.05714285714285714
0 0.3678571428571429 0.6214285714285714 0.01666666666666667 0.09999999999999999
0 0.44642857142857145 0.4928571428571428 0.02142857142857143 0.09999999999999999
0 0.3178571428571429 0.6785714285714286 0.02142857142857143 0.07142857142857142
0 0.5464285714285715 0.35714285714285715 0.02142857142857143 0.05714285714285714
0 0.7107142857142857 0.3357142857142857 0.01666666666666667 0.07142857142857142
0 0.7321428571428572 0.6071428571428571 0.01666666666666667 0.07142857142857142
0 0.6511904761904762 0.29285714285714287 0.030952380952380953 0.07142857142857142
0 0.7892857142857144 0.5 0.01666666666666667 0.11428571428571428
0 0.8750000000000001 0.9142857142857143 0.01666666666666667 0.11428571428571428
0 0.4916666666666667 0.7142857142857143 0.01666666666666667 0.05714285714285714
0 0.5988095238095239 0.45714285714285713 0.011904761904761906 0.11428571428571428
0 0.5761904761904763 0.8357142857142857 0.01904761904761905 0.09999999999999999
0 0.44523809523809527 0.7071428571428571 0.02380952380952381 0.07142857142857142
0 0.23214285714285715 0.45 0.011904761904761906 0.09999999999999999
0 0.6380952380952382 0.4857142857142857 0.014285714285714287 0.08571428571428572
