0 0.051190476190476196 0.4857142857142857 0.011904761904761906 0.08571428571428572
0 0.21309523809523812 0.19285714285714284 0.030952380952380953 0.12857142857142856
0 0.11666666666666668 0.40714285714285714 0.01904761904761905 0.07142857142857142
0 0.02142857142857143 0.7857142857142857 0.01904761904761905 0.11428571428571428
0 0.636904761904762 0.3214285714285714 0.011904761904761906 0.07142857142857142
0 0.45952380952380956 0.35 0.02380952380952381 0.12857142857142856
0 0.7047619047619048 0.1357142857142857 0.02380952380952381 0.09999999999999999
0 0.9654761904761906 0.9285714285714285 0.026190476190476195 0.11428571428571428
0 0.8488095238095239 0.18571428571428572 0.01666666666666667 0.11428571428571428
0 0.5630952380952381 0.5142857142857142 0.02142857142857143 0.08571428571428572
0 0.29404761904761906 0.9285714285714285 0.02142857142857143 0.11428571428571428
0 0.23095238095238096 0.7285714285714285 0.01904761904761905 0.08571428571428572
0 0.4083333333333334 0.19999999999999998 0.01666666666666667 0.08571428571428572
0 0.9000000000000001 0.7999999999999999 0.014285714285714287 0.08571428571428572
0 0.6071428571428572 0.8142857142857143 0.01904761904761905 0.08571428571428572
0 0.0071428571428571435 0.8928571428571428 0.014285714285714287 0.04285714285714286
0 0.07500000000000001 0.95 0.011904761904761906 0.07142857142857142
0 0.12142857142857144 0.24285714285714285 0.009523809523809525 0.11428571428571428
0 0.3178571428571429 0.5285714285714286 0.02142857142857143 0.08571428571428572
0 0.5821428571428572 0.42142857142857143 0.011904761904761906 0.07142857142857142
0 0.8107142857142858 0.7214285714285714 0.011904761904761906 0.09999999999999999
0 0.7666666666666667 0.9142857142857143 0.014285714285714287 0.05714285714285714
0 0.8285714285714286 0.41428571428571426 0.01904761904761905 0.08571428571428572
0 0.330952380952381 0.19285714285714284 0.014285714285714287 0.07142857142857142
0 0.17857142857142858 0.8928571428571428 0.009523809523809525 0.07142857142857142
0 0.6773809523809524 0.7999999999999999 0.01666666666666667 0.08571428571428572
0 0.730952380952381 0.45 0.014285714285714287 0.07142857142857142
0 0.7857142857142858 0.7071428571428571 0.014285714285714287 0.12857142857142856
0 0.9666666666666668 0.1357142857142857 0.014285714285714287 0.12857142857142856
0 0.27142857142857146 0.5428571428571428 0.014285714285714287 0.05714285714285714
