0 0.21190476190476193 0.5142857142857142 0.01904761904761905 0.08571428571428572
0 0.1773809523809524 0.8142857142857143 0.011904761904761906 0.08571428571428572
0 0.1642857142857143 0.5499999999999999 0.01904761904761905 0.09999999999999999
0 0.053571428571428575 0.6714285714285714 0.01666666666666667 0.08571428571428572
0 0.42500000000000004 0.18571428571428572 0.02142857142857143 0.08571428571428572
0 0.6273809523809525 0.8142857142857143 0.02142857142857143 0.08571428571428572
0 0.9595238095238096 0.5785714285714285 0.014285714285714287 0.09999999999999999
0 0.22380952380952382 0.09999999999999999 0.014285714285714287 0.08571428571428572
0 0.5452380952380953 0.6285714285714286 0.01904761904761905 0.05714285714285714
0 0.7595238095238096 0.5571428571428572 0.02380952380952381 0.14285714285714285
0 0.37380952380952387 0.8071428571428572 0.01904761904761905 0.07142857142857142
0 0.3273809523809524 0.5785714285714285 0.01666666666666667 0.07142857142857142
0 0.28571428571428575 0.42142857142857143 0.014285714285714287 0.07142857142857142
0 0.9214285714285715 0.29285714285714287 0.014285714285714287 0.07142857142857142
