0 0.048809523809523817 0.6714285714285714 0.03571428571428572 0.22857142857142856
0 0.02142857142857143 0.7428571428571429 0.009523809523809525 0.08571428571428572
0 0.01666666666666667 0.8142857142857143 0.02380952380952381 0.22857142857142856
0 0.1 0.7857142857142857 0.009523809523809525 0.08571428571428572
0 0.1011904761904762 0.95 0.011904761904761906 0.07142857142857142
0 0.03333333333333334 0.39285714285714285 0.01904761904761905 0.12857142857142856
0 0.09523809523809525 0.049999999999999996 0.009523809523809525 0.07142857142857142
0 0.25238095238095243 0.4357142857142857 0.009523809523809525 0.07142857142857142
0 0.24761904761904763 0.5428571428571428 0.009523809523809525 0.08571428571428572
0 0.08690476190476192 0.6 0.02142857142857143 0.17142857142857143
0 0.02142857142857143 0.10714285714285714 0.009523809523809525 0.07142857142857142
0 0.02142857142857143 0.5214285714285715 0.009523809523809525 0.07142857142857142
0 0.07500000000000001 0.9357142857142857 0.011904761904761906 0.09999999999999999
0 0.048809523809523817 0.08571428571428572 0.01666666666666667 0.08571428571428572
0 0.025 0.6071428571428571 0.011904761904761906 0.04285714285714286
1 0.1642857142857143 0.5428571428571428 0.1285714285714286 0.8857142857142857
