0 0.22976190476190478 0.37142857142857144 0.026190476190476195 0.19999999999999998
0 0.04404761904761905 0.5642857142857143 0.02142857142857143 0.18571428571428572
0 0.47380952380952385 0.8857142857142857 0.01904761904761905 0.19999999999999998
0 0.5821428571428572 0.8642857142857142 0.02142857142857143 0.12857142857142856
0 0.5273809523809524 0.95 0.011904761904761906 0.07142857142857142
0 0.8940476190476191 0.7285714285714285 0.030952380952380953 0.19999999999999998
0 0.7583333333333334 0.5357142857142857 0.01666666666666667 0.12857142857142856
0 0.6964285714285715 0.7571428571428571 0.011904761904761906 0.11428571428571428
0 0.6821428571428572 0.9142857142857143 0.01666666666666667 0.14285714285714285
0 0.3464285714285715 0.19285714285714284 0.02142857142857143 0.15714285714285714
0 0.5154761904761905 0.14285714285714285 0.030952380952380953 0.14285714285714285
0 0.8261904761904763 0.8285714285714285 0.03333333333333334 0.17142857142857143
0 0.7892857142857144 0.19285714285714284 0.02142857142857143 0.12857142857142856
0 0.6107142857142858 0.5357142857142857 0.02142857142857143 0.15714285714285714
0 0.7488095238095239 0.75 0.011904761904761906 0.09999999999999999
0 0.6380952380952382 0.17857142857142858 0.01904761904761905 0.15714285714285714
0 0.7297619047619048 0.8071428571428572 0.01666666666666667 0.07142857142857142
