0 0.37619047619047624 0.7142857142857143 0.028571428571428574 0.14285714285714285
0 0.47261904761904766 0.8857142857142857 0.02142857142857143 0.11428571428571428
0 0.5083333333333334 0.8357142857142857 0.02142857142857143 0.12857142857142856
0 0.47380952380952385 0.3214285714285714 0.028571428571428574 0.24285714285714285
0 0.5880952380952381 0.7071428571428571 0.03333333333333334 0.21428571428571427
0 0.8142857142857144 0.8785714285714286 0.02380952380952381 0.15714285714285714
0 0.8702380952380954 0.7 0.02142857142857143 0.14285714285714285
0 0.567857142857143 0.3357142857142857 0.026190476190476195 0.15714285714285714
0 0.5642857142857144 0.06428571428571428 0.02380952380952381 0.12857142857142856
0 0.9023809523809525 0.09285714285714286 0.02380952380952381 0.15714285714285714
0 0.8571428571428572 0.2571428571428571 0.01904761904761905 0.08571428571428572
