0 0.010714285714285714 0.5928571428571429 0.011904761904761906 0.07142857142857142
0 0.1904761904761905 0.6214285714285714 0.014285714285714287 0.07142857142857142
0 0.1285714285714286 0.7285714285714285 0.009523809523809525 0.05714285714285714
0 0.3119047619047619 0.8357142857142857 0.009523809523809525 0.04285714285714286
0 0.29880952380952386 0.8785714285714286 0.011904761904761906 0.07142857142857142
0 0.28690476190476194 0.7642857142857142 0.0071428571428571435 0.07142857142857142
0 0.24523809523809526 0.5928571428571429 0.009523809523809525 0.07142857142857142
0 0.2404761904761905 0.42857142857142855 0.009523809523809525 0.05714285714285714
0 0.6154761904761905 0.8071428571428572 0.011904761904761906 0.07142857142857142
0 0.6642857142857144 0.6285714285714286 0.009523809523809525 0.05714285714285714
0 0.6428571428571429 0.5 0.009523809523809525 0.05714285714285714
0 0.7047619047619048 0.9142857142857143 0.014285714285714287 0.08571428571428572
0 0.9416666666666668 0.05714285714285714 0.011904761904761906 0.08571428571428572
1 0.842857142857143 0.40714285714285714 0.05714285714285715 0.44285714285714284
1 0.125 0.5214285714285715 0.01666666666666667 0.09999999999999999
0 0.40952380952380957 0.36428571428571427 0.009523809523809525 0.07142857142857142
0 0.43928571428571433 0.7928571428571428 0.0071428571428571435 0.07142857142857142
0 0.5404761904761906 0.3214285714285714 0.014285714285714287 0.07142857142857142
0 0.07500000000000001 0.34285714285714286 0.011904761904761906 0.05714285714285714
