0 0.7797619047619049 0.45 0.026190476190476195 0.18571428571428572
0 0.5047619047619049 0.22142857142857142 0.014285714285714287 0.07142857142857142
0 0.4761904761904762 0.7357142857142857 0.014285714285714287 0.07142857142857142
0 0.530952380952381 0.5571428571428572 0.014285714285714287 0.08571428571428572
0 0.9095238095238096 0.2642857142857143 0.014285714285714287 0.09999999999999999
0 0.2142857142857143 0.16428571428571428 0.014285714285714287 0.12857142857142856
0 0.07380952380952381 0.95 0.014285714285714287 0.07142857142857142
0 0.036904761904761905 0.7214285714285714 0.011904761904761906 0.09999999999999999
0 0.9547619047619048 0.5499999999999999 0.0380952380952381 0.09999999999999999
0 0.9440476190476191 0.3 0.01666666666666667 0.11428571428571428
0 0.861904761904762 0.3214285714285714 0.03333333333333334 0.09999999999999999
0 0.17142857142857143 0.9071428571428571 0.009523809523809525 0.09999999999999999
0 0.11190476190476191 0.41428571428571426 0.01904761904761905 0.05714285714285714
0 0.3166666666666667 0.22142857142857142 0.009523809523809525 0.07142857142857142
0 0.380952380952381 0.12142857142857143 0.01904761904761905 0.09999999999999999
0 0.7773809523809525 0.22857142857142856 0.030952380952380953 0.08571428571428572
0 0.30119047619047623 0.8285714285714285 0.02142857142857143 0.08571428571428572
0 0.5130952380952382 0.5499999999999999 0.011904761904761906 0.09999999999999999
0 0.980952380952381 0.3071428571428571 0.014285714285714287 0.15714285714285714
