0 0.7880952380952382 0.3214285714285714 0.02380952380952381 0.18571428571428572
0 0.6440476190476191 0.9071428571428571 0.026190476190476195 0.15714285714285714
0 0.6607142857142858 0.18571428571428572 0.030952380952380953 0.17142857142857143
0 0.4357142857142858 0.19999999999999998 0.02380952380952381 0.14285714285714285
0 0.3678571428571429 0.5571428571428572 0.02142857142857143 0.19999999999999998
0 0.5464285714285715 0.3357142857142857 0.030952380952380953 0.15714285714285714
0 0.9642857142857144 0.24285714285714285 0.03333333333333334 0.19999999999999998
0 0.9833333333333334 0.6071428571428571 0.028571428571428574 0.21428571428571427
0 0.9440476190476191 0.46428571428571425 0.03571428571428572 0.15714285714285714
0 0.08690476190476192 0.2857142857142857 0.05952380952380953 0.19999999999999998
0 0.9035714285714287 0.29285714285714287 0.05 0.15714285714285714
