0 0.19523809523809527 0.3214285714285714 0.014285714285714287 0.12857142857142856
0 0.2023809523809524 0.8071428571428572 0.014285714285714287 0.09999999999999999
0 0.27976190476190477 0.5357142857142857 0.07857142857142858 0.9
0 0.6178571428571429 0.5071428571428571 0.01666666666666667 0.18571428571428572
1 0.47500000000000003 0.5642857142857143 0.2404761904761905 0.8428571428571429
1 0.12380952380952381 0.5499999999999999 0.24761904761904763 0.8714285714285714
1 0.8321428571428572 0.5428571428571428 0.330952380952381 0.8857142857142857
0 0.6107142857142858 0.9428571428571428 0.01666666666666667 0.08571428571428572
1 0.636904761904762 0.6428571428571428 0.02142857142857143 0.17142857142857143
0 0.6107142857142858 0.3142857142857143 0.02142857142857143 0.11428571428571428
0 0.330952380952381 0.5499999999999999 0.01904761904761905 0.07142857142857142
