0 0.6940476190476191 0.9357142857142857 0.03571428571428572 0.09999999999999999
0 0.8678571428571429 0.29285714285714287 0.05 0.3
0 0.9059523809523811 0.18571428571428572 0.026190476190476195 0.22857142857142856
0 0.6630952380952382 0.15 0.02142857142857143 0.12857142857142856
0 0.3178571428571429 0.17857142857142858 0.02142857142857143 0.12857142857142856
0 0.18571428571428572 0.5928571428571429 0.028571428571428574 0.15714285714285714
0 0.3190476190476191 0.36428571428571427 0.01904761904761905 0.09999999999999999
0 0.5416666666666667 0.9285714285714285 0.02142857142857143 0.11428571428571428
0 0.7892857142857144 0.06428571428571428 0.04047619047619048 0.12857142857142856
0 0.8190476190476191 0.6428571428571428 0.028571428571428574 0.14285714285714285
