0 0.5583333333333333 0.3142857142857143 0.02142857142857143 0.08571428571428572
0 0.3285714285714286 0.75 0.01904761904761905 0.09999999999999999
0 0.3940476190476191 0.4357142857142857 0.02142857142857143 0.07142857142857142
0 0.3297619047619048 0.12857142857142856 0.01666666666666667 0.05714285714285714
0 0.4404761904761905 0.19999999999999998 0.014285714285714287 0.08571428571428572
0 0.830952380952381 0.7714285714285714 0.01904761904761905 0.05714285714285714
0 0.9440476190476191 0.5928571428571429 0.011904761904761906 0.07142857142857142
0 0.961904761904762 0.5285714285714286 0.014285714285714287 0.05714285714285714
0 0.594047619047619 0.2714285714285714 0.01666666666666667 0.05714285714285714
0 0.25952380952380955 0.8714285714285714 0.01904761904761905 0.05714285714285714
0 0.2023809523809524 0.6142857142857142 0.02380952380952381 0.08571428571428572
0 0.255952380952381 0.5499999999999999 0.01666666666666667 0.09999999999999999
