0 0.010714285714285714 0.17142857142857143 0.02142857142857143 0.14285714285714285
0 0.9440476190476191 0.15714285714285714 0.01666666666666667 0.14285714285714285
0 0.9904761904761905 0.6 0.014285714285714287 0.22857142857142856
0 0.25833333333333336 0.6642857142857143 0.011904761904761906 0.07142857142857142
0 0.2285714285714286 0.42142857142857143 0.009523809523809525 0.09999999999999999
0 0.21309523809523812 0.17142857142857143 0.011904761904761906 0.14285714285714285
0 0.4071428571428572 0.17142857142857143 0.009523809523809525 0.14285714285714285
0 0.3535714285714286 0.45 0.01666666666666667 0.07142857142857142
0 0.7571428571428572 0.46428571428571425 0.014285714285714287 0.04285714285714286
0 0.07380952380952381 0.95 0.014285714285714287 0.07142857142857142
0 0.555952380952381 0.6714285714285714 0.02142857142857143 0.14285714285714285
0 0.4166666666666667 0.6 0.009523809523809525 0.08571428571428572
0 0.4297619047619048 0.3071428571428571 0.02142857142857143 0.09999999999999999
0 0.3869047619047619 0.8214285714285714 0.011904761904761906 0.15714285714285714
0 0.01785714285714286 0.5428571428571428 0.011904761904761906 0.14285714285714285
0 0.7142857142857143 0.5 0.028571428571428574 0.11428571428571428
