0 0.6666666666666667 0.6928571428571428 0.028571428571428574 0.12857142857142856
0 0.6428571428571429 0.7214285714285714 0.01904761904761905 0.12857142857142856
0 0.8404761904761906 0.7785714285714286 0.0380952380952381 0.18571428571428572
0 0.9357142857142858 0.8214285714285714 0.04761904761904762 0.24285714285714285
0 0.2178571428571429 0.6714285714285714 0.05 0.14285714285714285
0 0.9321428571428573 0.5357142857142857 0.026190476190476195 0.12857142857142856
0 0.9750000000000001 0.5714285714285714 0.026190476190476195 0.19999999999999998
0 0.11904761904761905 0.7 0.04285714285714286 0.19999999999999998
0 0.3273809523809524 0.2571428571428571 0.02142857142857143 0.19999999999999998
0 0.7916666666666667 0.8571428571428571 0.05 0.22857142857142856
0 0.7154761904761905 0.6357142857142857 0.01666666666666667 0.09999999999999999
