0 0.05476190476190477 0.3857142857142857 0.009523809523809525 0.05714285714285714
0 0.09523809523809525 0.6642857142857143 0.009523809523809525 0.04285714285714286
0 0.1392857142857143 0.22142857142857142 0.0071428571428571435 0.04285714285714286
1 0.30119047619047623 0.3 0.05476190476190477 0.39999999999999997
0 0.34880952380952385 0.5142857142857142 0.011904761904761906 0.05714285714285714
0 0.30119047619047623 0.8642857142857142 0.011904761904761906 0.04285714285714286
0 0.525 0.1357142857142857 0.011904761904761906 0.04285714285714286
0 0.5190476190476191 0.2714285714285714 0.009523809523809525 0.05714285714285714
0 0.7011904761904763 0.5857142857142857 0.0071428571428571435 0.05714285714285714
0 0.9738095238095239 0.37857142857142856 0.009523809523809525 0.07142857142857142
0 0.23690476190476192 0.8071428571428572 0.011904761904761906 0.04285714285714286
0 0.5261904761904762 0.7999999999999999 0.009523809523809525 0.11428571428571428
0 0.6416666666666667 0.2571428571428571 0.0071428571428571435 0.08571428571428572
0 0.8845238095238096 0.7642857142857142 0.011904761904761906 0.04285714285714286
0 0.9904761904761905 0.5785714285714285 0.014285714285714287 0.07142857142857142
0 0.5928571428571429 0.7999999999999999 0.009523809523809525 0.05714285714285714
0 0.5547619047619048 0.6428571428571428 0.004761904761904762 0.05714285714285714
0 0.567857142857143 0.40714285714285714 0.0071428571428571435 0.07142857142857142
0 0.5904761904761905 0.4714285714285714 0.009523809523809525 0.05714285714285714
0 0.4702380952380953 0.8714285714285714 0.011904761904761906 0.05714285714285714
0 0.8607142857142858 0.37857142857142856 0.0071428571428571435 0.07142857142857142
0 0.2154761904761905 0.4357142857142857 0.011904761904761906 0.07142857142857142
