0 0.026190476190476195 0.05714285714285714 0.014285714285714287 0.11428571428571428
0 0.005952380952380953 0.25 0.011904761904761906 0.07142857142857142
0 0.009523809523809525 0.47857142857142854 0.01904761904761905 0.07142857142857142
0 0.07857142857142858 0.65 0.014285714285714287 0.07142857142857142
0 0.07857142857142858 0.8928571428571428 0.014285714285714287 0.09999999999999999
0 0.029761904761904764 0.45 0.01666666666666667 0.07142857142857142
0 0.028571428571428574 0.2857142857142857 0.014285714285714287 0.05714285714285714
0 0.02023809523809524 0.22142857142857142 0.011904761904761906 0.04285714285714286
0 0.04047619047619048 0.19999999999999998 0.014285714285714287 0.05714285714285714
0 0.05476190476190477 0.04285714285714286 0.014285714285714287 0.08571428571428572
0 0.08452380952380953 0.12142857142857143 0.011904761904761906 0.07142857142857142
0 0.053571428571428575 0.2785714285714286 0.026190476190476195 0.07142857142857142
0 0.08571428571428572 0.44285714285714284 0.014285714285714287 0.05714285714285714
0 0.05238095238095239 0.8285714285714285 0.01904761904761905 0.11428571428571428
0 0.04285714285714286 0.7071428571428571 0.014285714285714287 0.07142857142857142
0 0.06547619047619048 0.3857142857142857 0.02142857142857143 0.08571428571428572
0 0.10952380952380954 0.32857142857142857 0.01904761904761905 0.05714285714285714
0 0.32142857142857145 0.24285714285714285 0.028571428571428574 0.08571428571428572
0 0.330952380952381 0.17857142857142858 0.02380952380952381 0.07142857142857142
0 0.3880952380952381 0.02857142857142857 0.014285714285714287 0.05714285714285714
0 0.42261904761904767 0.6714285714285714 0.01666666666666667 0.08571428571428572
0 0.45119047619047625 0.8142857142857143 0.02142857142857143 0.14285714285714285
0 0.4678571428571429 0.9571428571428571 0.01666666666666667 0.05714285714285714
0 0.2904761904761905 0.7714285714285714 0.01904761904761905 0.08571428571428572
0 0.18333333333333335 0.7214285714285714 0.014285714285714287 0.07142857142857142
0 0.22142857142857145 0.02857142857142857 0.02380952380952381 0.05714285714285714
0 0.16904761904761906 0.17142857142857143 0.014285714285714287 0.05714285714285714
0 0.27380952380952384 0.5142857142857142 0.014285714285714287 0.05714285714285714
0 0.3952380952380953 0.5571428571428572 0.014285714285714287 0.05714285714285714
0 0.15595238095238095 0.85 0.011904761904761906 0.07142857142857142
0 0.10357142857142858 0.9214285714285714 0.02142857142857143 0.07142857142857142
0 0.16785714285714287 0.35714285714285715 0.01666666666666667 0.05714285714285714
0 0.1654761904761905 0.6928571428571428 0.011904761904761906 0.07142857142857142
0 0.13095238095238096 0.18571428571428572 0.014285714285714287 0.05714285714285714
0 0.12023809523809526 0.09285714285714286 0.01666666666666667 0.07142857142857142
0 0.10714285714285715 0.20714285714285713 0.014285714285714287 0.09999999999999999
0 0.1380952380952381 0.42857142857142855 0.028571428571428574 0.08571428571428572
0 0.1511904761904762 0.29285714285714287 0.01666666666666667 0.07142857142857142
0 0.24285714285714288 0.5714285714285714 0.014285714285714287 0.08571428571428572
0 0.14880952380952384 0.5785714285714285 0.02142857142857143 0.07142857142857142
0 0.13690476190476192 0.5 0.01666666666666667 0.05714285714285714
0 0.1273809523809524 0.8285714285714285 0.02142857142857143 0.08571428571428572
0 0.15476190476190477 0.7214285714285714 0.014285714285714287 0.09999999999999999
0 0.125 0.6857142857142857 0.02142857142857143 0.05714285714285714
0 0.15833333333333335 0.06428571428571428 0.011904761904761906 0.07142857142857142
0 0.21904761904761907 0.6285714285714286 0.01904761904761905 0.08571428571428572
0 0.19761904761904764 0.6571428571428571 0.014285714285714287 0.05714285714285714
0 0.19880952380952382 0.5785714285714285 0.01666666666666667 0.07142857142857142
0 0.09761904761904763 0.5642857142857143 0.02380952380952381 0.07142857142857142
0 0.07738095238095238 0.5214285714285715 0.011904761904761906 0.04285714285714286
0 0.04166666666666667 0.5357142857142857 0.026190476190476195 0.07142857142857142
0 0.06547619047619048 0.4714285714285714 0.01666666666666667 0.05714285714285714
0 0.2178571428571429 0.7999999999999999 0.01666666666666667 0.08571428571428572
0 0.25833333333333336 0.39285714285714285 0.01666666666666667 0.09999999999999999
0 0.24404761904761907 0.19999999999999998 0.01666666666666667 0.05714285714285714
0 0.1904761904761905 0.3 0.014285714285714287 0.05714285714285714
0 0.17142857142857143 0.2857142857142857 0.014285714285714287 0.05714285714285714
0 0.2011904761904762 0.4357142857142857 0.01666666666666667 0.07142857142857142
0 0.2785714285714286 0.2571428571428571 0.028571428571428574 0.08571428571428572
0 0.2630952380952381 0.6642857142857143 0.01666666666666667 0.07142857142857142
0 0.24404761904761907 0.6928571428571428 0.01666666666666667 0.07142857142857142
0 0.3297619047619048 0.41428571428571426 0.01666666666666667 0.08571428571428572
0 0.35714285714285715 0.2714285714285714 0.01904761904761905 0.08571428571428572
0 0.3464285714285715 0.3214285714285714 0.011904761904761906 0.07142857142857142
0 0.32261904761904764 0.8571428571428571 0.011904761904761906 0.05714285714285714
0 0.36190476190476195 0.46428571428571425 0.01904761904761905 0.07142857142857142
0 0.39642857142857146 0.3857142857142857 0.01666666666666667 0.05714285714285714
0 0.3869047619047619 0.2642857142857143 0.026190476190476195 0.07142857142857142
0 0.28095238095238095 0.1357142857142857 0.01904761904761905 0.04285714285714286
0 0.2571428571428572 0.09999999999999999 0.01904761904761905 0.05714285714285714
0 0.30833333333333335 0.6571428571428571 0.01666666666666667 0.05714285714285714
0 0.31428571428571433 0.5571428571428572 0.014285714285714287 0.05714285714285714
0 0.4976190476190477 0.65 0.014285714285714287 0.07142857142857142
0 0.55 0.5928571428571429 0.014285714285714287 0.07142857142857142
0 0.5404761904761906 0.9571428571428571 0.014285714285714287 0.05714285714285714
0 0.41190476190476194 0.9285714285714285 0.01904761904761905 0.05714285714285714
0 0.3940476190476191 0.7 0.02142857142857143 0.05714285714285714
0 0.38571428571428573 0.6214285714285714 0.009523809523809525 0.07142857142857142
0 0.46547619047619054 0.42142857142857143 0.01666666666666667 0.07142857142857142
0 0.4833333333333334 0.09999999999999999 0.01904761904761905 0.08571428571428572
0 0.5154761904761905 0.2357142857142857 0.02142857142857143 0.09999999999999999
0 0.23333333333333336 0.39285714285714285 0.01904761904761905 0.07142857142857142
0 0.17261904761904764 0.4928571428571428 0.01666666666666667 0.07142857142857142
0 0.23690476190476192 0.47857142857142854 0.01666666666666667 0.07142857142857142
0 0.29523809523809524 0.46428571428571425 0.01904761904761905 0.07142857142857142
0 0.730952380952381 0.19285714285714284 0.01904761904761905 0.07142857142857142
0 0.9309523809523811 0.17857142857142858 0.014285714285714287 0.07142857142857142
0 0.955952380952381 0.5357142857142857 0.02142857142857143 0.07142857142857142
0 0.986904761904762 0.5285714285714286 0.01666666666666667 0.08571428571428572
0 0.9190476190476191 0.6642857142857143 0.014285714285714287 0.07142857142857142
0 0.7809523809523811 0.47857142857142854 0.014285714285714287 0.09999999999999999
0 0.8142857142857144 0.45 0.028571428571428574 0.09999999999999999
0 0.4916666666666667 0.4714285714285714 0.01666666666666667 0.05714285714285714
0 0.4202380952380953 0.42142857142857143 0.01666666666666667 0.07142857142857142
0 0.5226190476190476 0.7071428571428571 0.01666666666666667 0.07142857142857142
0 0.5404761904761906 0.7857142857142857 0.014285714285714287 0.05714285714285714
0 0.6261904761904763 0.02857142857142857 0.014285714285714287 0.05714285714285714
0 0.4345238095238096 0.18571428571428572 0.01666666666666667 0.05714285714285714
0 0.4928571428571429 0.7428571428571429 0.01904761904761905 0.08571428571428572
0 0.4714285714285715 0.7214285714285714 0.014285714285714287 0.07142857142857142
0 0.45238095238095244 0.5071428571428571 0.02380952380952381 0.07142857142857142
0 0.3666666666666667 0.04285714285714286 0.01904761904761905 0.08571428571428572
0 0.3178571428571429 0.11428571428571428 0.02142857142857143 0.05714285714285714
0 0.536904761904762 0.46428571428571425 0.030952380952380953 0.07142857142857142
0 0.6166666666666667 0.7571428571428571 0.014285714285714287 0.08571428571428572
0 0.6000000000000001 0.85 0.009523809523809525 0.07142857142857142
0 0.6392857142857143 0.7999999999999999 0.01666666666666667 0.11428571428571428
0 0.5952380952380953 0.5357142857142857 0.01904761904761905 0.07142857142857142
0 0.6214285714285714 0.29285714285714287 0.01904761904761905 0.07142857142857142
0 0.5750000000000001 0.7 0.02142857142857143 0.05714285714285714
0 0.5642857142857144 0.32857142857142857 0.01904761904761905 0.08571428571428572
0 0.455952380952381 0.2714285714285714 0.01666666666666667 0.08571428571428572
0 0.45000000000000007 0.12142857142857143 0.01904761904761905 0.07142857142857142
0 0.40952380952380957 0.16428571428571428 0.014285714285714287 0.04285714285714286
0 0.40952380952380957 0.09285714285714286 0.014285714285714287 0.07142857142857142
0 0.3678571428571429 0.18571428571428572 0.03571428571428572 0.05714285714285714
0 0.4904761904761905 0.29285714285714287 0.014285714285714287 0.07142857142857142
0 0.4916666666666667 0.40714285714285714 0.01666666666666667 0.04285714285714286
0 0.49404761904761907 0.5285714285714286 0.01666666666666667 0.05714285714285714
0 0.5285714285714286 0.14285714285714285 0.028571428571428574 0.05714285714285714
0 0.6023809523809525 0.014285714285714285 0.01904761904761905 0.02857142857142857
0 0.5750000000000001 0.12142857142857143 0.01666666666666667 0.09999999999999999
0 0.5523809523809524 0.07857142857142857 0.014285714285714287 0.07142857142857142
0 0.5238095238095238 0.04285714285714286 0.01904761904761905 0.08571428571428572
0 0.5035714285714287 0.02857142857142857 0.01666666666666667 0.05714285714285714
0 0.47380952380952385 0.02142857142857143 0.014285714285714287 0.04285714285714286
0 0.45238095238095244 0.02142857142857143 0.014285714285714287 0.04285714285714286
0 0.41190476190476194 0.8214285714285714 0.01904761904761905 0.07142857142857142
0 0.2642857142857143 0.02142857142857143 0.02380952380952381 0.04285714285714286
0 0.19880952380952382 0.9 0.026190476190476195 0.05714285714285714
0 0.5726190476190477 0.42142857142857143 0.02142857142857143 0.07142857142857142
0 0.6321428571428572 0.42857142857142855 0.011904761904761906 0.11428571428571428
0 0.6797619047619048 0.19285714285714284 0.02142857142857143 0.04285714285714286
0 0.6845238095238095 0.11428571428571428 0.011904761904761906 0.08571428571428572
0 0.6476190476190476 0.07857142857142857 0.009523809523809525 0.07142857142857142
0 0.6690476190476191 0.02857142857142857 0.014285714285714287 0.05714285714285714
0 0.6000000000000001 0.22142857142857142 0.028571428571428574 0.07142857142857142
0 0.6095238095238096 0.44285714285714284 0.01904761904761905 0.05714285714285714
0 0.6107142857142858 0.10714285714285714 0.02142857142857143 0.07142857142857142
0 0.7523809523809525 0.8928571428571428 0.014285714285714287 0.07142857142857142
0 0.717857142857143 0.9571428571428571 0.01666666666666667 0.05714285714285714
0 0.4404761904761905 0.41428571428571426 0.014285714285714287 0.05714285714285714
0 0.41190476190476194 0.3 0.014285714285714287 0.05714285714285714
0 0.4821428571428572 0.85 0.02142857142857143 0.07142857142857142
0 0.5404761904761906 0.25 0.01904761904761905 0.07142857142857142
0 0.7071428571428572 0.39999999999999997 0.01904761904761905 0.08571428571428572
0 0.7321428571428572 0.6 0.02142857142857143 0.11428571428571428
0 0.5892857142857143 0.9571428571428571 0.01666666666666667 0.05714285714285714
0 0.5392857142857144 0.8785714285714286 0.011904761904761906 0.07142857142857142
0 0.7071428571428572 0.3071428571428571 0.01904761904761905 0.07142857142857142
0 0.6464285714285715 0.3071428571428571 0.02142857142857143 0.07142857142857142
0 0.6738095238095239 0.3071428571428571 0.02380952380952381 0.07142857142857142
0 0.6595238095238096 0.16428571428571428 0.014285714285714287 0.07142857142857142
0 0.6333333333333334 0.11428571428571428 0.01904761904761905 0.05714285714285714
0 0.8023809523809524 0.02857142857142857 0.01904761904761905 0.05714285714285714
0 0.8761904761904763 0.03571428571428571 0.014285714285714287 0.07142857142857142
0 0.9130952380952382 0.3214285714285714 0.02142857142857143 0.09999999999999999
0 0.8666666666666667 0.35 0.01904761904761905 0.07142857142857142
0 0.9797619047619048 0.3071428571428571 0.030952380952380953 0.09999999999999999
0 0.9785714285714286 0.6642857142857143 0.014285714285714287 0.07142857142857142
0 0.9595238095238096 0.7357142857142857 0.01904761904761905 0.07142857142857142
0 0.8095238095238096 0.3142857142857143 0.01904761904761905 0.05714285714285714
0 0.8369047619047619 0.5499999999999999 0.02142857142857143 0.07142857142857142
0 0.8440476190476192 0.8285714285714285 0.01666666666666667 0.08571428571428572
0 0.8678571428571429 0.7071428571428571 0.026190476190476195 0.04285714285714286
0 0.8226190476190477 0.9357142857142857 0.011904761904761906 0.07142857142857142
0 0.7535714285714287 0.46428571428571425 0.02142857142857143 0.07142857142857142
0 0.7642857142857143 0.2714285714285714 0.04285714285714286 0.08571428571428572
0 0.4416666666666667 0.5857142857142857 0.026190476190476195 0.05714285714285714
0 0.4678571428571429 0.6214285714285714 0.01666666666666667 0.09999999999999999
0 0.5166666666666667 0.32857142857142857 0.01904761904761905 0.05714285714285714
0 0.5440476190476191 0.3857142857142857 0.02142857142857143 0.05714285714285714
0 0.3273809523809524 0.4928571428571428 0.026190476190476195 0.04285714285714286
0 0.2678571428571429 0.7857142857142857 0.01666666666666667 0.11428571428571428
0 0.8357142857142857 0.6571428571428571 0.01904761904761905 0.08571428571428572
0 0.8880952380952382 0.3357142857142857 0.014285714285714287 0.07142857142857142
0 0.9535714285714286 0.02142857142857143 0.02142857142857143 0.04285714285714286
0 0.9857142857142858 0.7785714285714286 0.014285714285714287 0.07142857142857142
0 0.9297619047619049 0.9428571428571428 0.026190476190476195 0.08571428571428572
0 0.9642857142857144 0.9 0.014285714285714287 0.08571428571428572
0 0.8142857142857144 0.20714285714285713 0.01904761904761905 0.07142857142857142
0 0.7714285714285715 0.18571428571428572 0.028571428571428574 0.05714285714285714
0 0.8071428571428572 0.6428571428571428 0.01904761904761905 0.08571428571428572
0 0.8916666666666667 0.2357142857142857 0.030952380952380953 0.07142857142857142
0 0.9190476190476191 0.7571428571428571 0.014285714285714287 0.08571428571428572
0 0.8988095238095238 0.7428571428571429 0.02142857142857143 0.08571428571428572
0 0.7952380952380953 0.22142857142857142 0.014285714285714287 0.07142857142857142
0 0.8535714285714286 0.09999999999999999 0.01666666666666667 0.08571428571428572
0 0.8250000000000001 0.02857142857142857 0.01666666666666667 0.05714285714285714
0 0.8404761904761906 0.36428571428571427 0.02380952380952381 0.09999999999999999
0 0.7797619047619049 0.6285714285714286 0.01666666666666667 0.05714285714285714
0 0.8166666666666668 0.8285714285714285 0.01904761904761905 0.05714285714285714
0 0.8392857142857144 0.9285714285714285 0.011904761904761906 0.08571428571428572
0 0.9523809523809524 0.37857142857142856 0.014285714285714287 0.09999999999999999
0 0.7726190476190476 0.11428571428571428 0.02142857142857143 0.05714285714285714
0 0.8023809523809524 0.12857142857142856 0.02380952380952381 0.05714285714285714
0 0.8726190476190477 0.6142857142857142 0.01666666666666667 0.08571428571428572
0 0.786904761904762 0.7142857142857143 0.011904761904761906 0.05714285714285714
0 0.5952380952380953 0.37857142857142856 0.01904761904761905 0.04285714285714286
0 0.7523809523809525 0.35714285714285715 0.03333333333333334 0.05714285714285714
0 0.7809523809523811 0.3857142857142857 0.014285714285714287 0.05714285714285714
0 0.7416666666666667 0.7214285714285714 0.03571428571428572 0.07142857142857142
0 0.7285714285714286 0.8285714285714285 0.014285714285714287 0.08571428571428572
0 0.8654761904761905 0.44285714285714284 0.01666666666666667 0.08571428571428572
0 0.9142857142857144 0.1357142857142857 0.01904761904761905 0.07142857142857142
0 0.9011904761904763 0.8285714285714285 0.02142857142857143 0.05714285714285714
0 0.8761904761904763 0.7714285714285714 0.014285714285714287 0.05714285714285714
0 0.8666666666666667 0.8928571428571428 0.01904761904761905 0.07142857142857142
0 0.9214285714285715 0.02142857142857143 0.01904761904761905 0.04285714285714286
0 0.8976190476190476 0.6285714285714286 0.01904761904761905 0.05714285714285714
0 0.9214285714285715 0.45714285714285713 0.02380952380952381 0.08571428571428572
0 0.9345238095238096 0.25 0.030952380952380953 0.04285714285714286
0 0.9833333333333334 0.02857142857142857 0.014285714285714287 0.05714285714285714
0 0.5714285714285715 0.5857142857142857 0.01904761904761905 0.05714285714285714
0 0.6178571428571429 0.5785714285714285 0.02142857142857143 0.07142857142857142
0 0.5892857142857143 0.65 0.030952380952380953 0.04285714285714286
0 0.805952380952381 0.5499999999999999 0.026190476190476195 0.07142857142857142
0 0.8404761904761906 0.2642857142857143 0.02380952380952381 0.07142857142857142
0 0.8523809523809525 0.19285714285714284 0.02380952380952381 0.04285714285714286
0 0.3797619047619048 0.5214285714285715 0.01666666666666667 0.07142857142857142
0 0.7738095238095238 0.9142857142857143 0.02380952380952381 0.08571428571428572
0 0.9785714285714286 0.40714285714285714 0.02380952380952381 0.07142857142857142
1 0.6738095238095239 0.6357142857142857 0.09047619047619049 0.5857142857142857
1 0.3547619047619048 0.7571428571428571 0.06190476190476191 0.39999999999999997
1 0.17857142857142858 0.05714285714285714 0.02380952380952381 0.11428571428571428
1 0.43214285714285716 0.3071428571428571 0.026190476190476195 0.15714285714285714
1 0.01785714285714286 0.6428571428571428 0.03571428571428572 0.2571428571428571
