0 0.5761904761904763 0.7 0.009523809523809525 0.11428571428571428
0 0.43809523809523815 0.7071428571428571 0.014285714285714287 0.07142857142857142
0 0.536904761904762 0.6571428571428571 0.026190476190476195 0.05714285714285714
0 0.24761904761904763 0.5071428571428571 0.009523809523809525 0.04285714285714286
0 0.1761904761904762 0.5428571428571428 0.009523809523809525 0.05714285714285714
0 0.12380952380952381 0.7571428571428571 0.009523809523809525 0.05714285714285714
0 0.1142857142857143 0.85 0.004761904761904762 0.07142857142857142
0 0.7595238095238096 0.5785714285714285 0.009523809523809525 0.12857142857142856
0 0.7345238095238096 0.3214285714285714 0.011904761904761906 0.07142857142857142
0 0.9690476190476192 0.5642857142857143 0.009523809523809525 0.09999999999999999
0 0.6904761904761906 0.5071428571428571 0.014285714285714287 0.07142857142857142
0 0.8035714285714286 0.9357142857142857 0.011904761904761906 0.07142857142857142
0 0.3821428571428572 0.7071428571428571 0.0071428571428571435 0.04285714285714286
