0 0.5976190476190477 0.7642857142857142 0.014285714285714287 0.15714285714285714
1 0.01904761904761905 0.4357142857142857 0.03333333333333334 0.24285714285714285
0 0.45238095238095244 0.6142857142857142 0.014285714285714287 0.11428571428571428
0 0.17380952380952383 0.46428571428571425 0.02380952380952381 0.09999999999999999
0 0.4047619047619048 0.4928571428571428 0.01904761904761905 0.09999999999999999
0 0.48690476190476195 0.3142857142857143 0.01666666666666667 0.08571428571428572
0 0.2154761904761905 0.85 0.011904761904761906 0.09999999999999999
0 0.11071428571428572 0.7285714285714285 0.01666666666666667 0.05714285714285714
0 0.10833333333333334 0.8071428571428572 0.02142857142857143 0.04285714285714286
0 0.07738095238095238 0.9571428571428571 0.011904761904761906 0.05714285714285714
0 0.21309523809523812 0.16428571428571428 0.011904761904761906 0.12857142857142856
0 0.636904761904762 0.11428571428571428 0.01666666666666667 0.08571428571428572
0 0.7142857142857143 0.4357142857142857 0.014285714285714287 0.12857142857142856
0 0.5595238095238095 0.9 0.014285714285714287 0.08571428571428572
0 0.5047619047619049 0.8714285714285714 0.01904761904761905 0.08571428571428572
0 0.7738095238095238 0.9 0.01904761904761905 0.05714285714285714
0 0.7523809523809525 0.8857142857142857 0.014285714285714287 0.11428571428571428
0 0.7952380952380953 0.15714285714285714 0.014285714285714287 0.08571428571428572
0 0.3452380952380953 0.6357142857142857 0.01904761904761905 0.09999999999999999
0 0.015476190476190477 0.18571428571428572 0.02142857142857143 0.11428571428571428
0 0.6738095238095239 0.17857142857142858 0.014285714285714287 0.09999999999999999
0 0.4083333333333334 0.20714285714285713 0.011904761904761906 0.15714285714285714
0 0.3166666666666667 0.22142857142857142 0.01904761904761905 0.07142857142857142
