0 0.9285714285714286 0.5071428571428571 0.028571428571428574 0.09999999999999999
0 0.5702380952380953 0.6928571428571428 0.011904761904761906 0.07142857142857142
0 0.6892857142857144 0.6142857142857142 0.030952380952380953 0.08571428571428572
0 0.47261904761904766 0.29285714285714287 0.02142857142857143 0.07142857142857142
0 0.5785714285714286 0.2357142857142857 0.014285714285714287 0.09999999999999999
0 0.6214285714285714 0.5857142857142857 0.028571428571428574 0.08571428571428572
0 0.2785714285714286 0.6928571428571428 0.01904761904761905 0.07142857142857142
0 0.1392857142857143 0.75 0.01666666666666667 0.07142857142857142
0 0.955952380952381 0.4928571428571428 0.01666666666666667 0.07142857142857142
0 0.3404761904761905 0.6642857142857143 0.01904761904761905 0.09999999999999999
0 0.23214285714285715 0.7642857142857142 0.01666666666666667 0.07142857142857142
0 0.41190476190476194 0.19285714285714284 0.02380952380952381 0.09999999999999999
0 0.6702380952380953 0.3857142857142857 0.026190476190476195 0.08571428571428572
0 0.48571428571428577 0.15 0.02380952380952381 0.07142857142857142
0 0.4642857142857143 0.5357142857142857 0.02380952380952381 0.07142857142857142
0 0.7142857142857143 0.8928571428571428 0.028571428571428574 0.07142857142857142
