0 0.9738095238095239 0.18571428571428572 0.014285714285714287 0.08571428571428572
0 0.8202380952380953 0.02857142857142857 0.03571428571428572 0.05714285714285714
0 0.6940476190476191 0.06428571428571428 0.01666666666666667 0.12857142857142856
0 0.5154761904761905 0.5642857142857143 0.026190476190476195 0.18571428571428572
0 0.4916666666666667 0.5428571428571428 0.02142857142857143 0.08571428571428572
0 0.5071428571428572 0.39999999999999997 0.01904761904761905 0.08571428571428572
0 0.3678571428571429 0.65 0.02142857142857143 0.18571428571428572
0 0.3285714285714286 0.4714285714285714 0.014285714285714287 0.14285714285714285
0 0.5880952380952381 0.7571428571428571 0.014285714285714287 0.08571428571428572
0 0.861904761904762 0.8642857142857142 0.014285714285714287 0.09999999999999999
0 0.855952380952381 0.2857142857142857 0.02142857142857143 0.14285714285714285
0 0.6000000000000001 0.39285714285714285 0.01904761904761905 0.09999999999999999
0 0.9166666666666667 0.6571428571428571 0.01904761904761905 0.14285714285714285
0 0.8880952380952382 0.3071428571428571 0.014285714285714287 0.15714285714285714
0 0.8797619047619049 0.15714285714285714 0.01666666666666667 0.08571428571428572
0 0.8190476190476191 0.12142857142857143 0.014285714285714287 0.12857142857142856
0 0.7380952380952381 0.3857142857142857 0.014285714285714287 0.05714285714285714
0 0.5797619047619048 0.5928571428571429 0.01666666666666667 0.07142857142857142
0 0.13214285714285715 0.7928571428571428 0.01666666666666667 0.09999999999999999
0 0.12142857142857144 0.5285714285714286 0.014285714285714287 0.08571428571428572
0 0.1380952380952381 0.07142857142857142 0.014285714285714287 0.14285714285714285
0 0.35000000000000003 0.16428571428571428 0.014285714285714287 0.07142857142857142
0 0.47261904761904766 0.32857142857142857 0.011904761904761906 0.14285714285714285
0 0.5190476190476191 0.06428571428571428 0.02380952380952381 0.12857142857142856
0 0.6297619047619049 0.6214285714285714 0.011904761904761906 0.07142857142857142
0 0.6178571428571429 0.6142857142857142 0.011904761904761906 0.08571428571428572
0 0.6535714285714286 0.21428571428571427 0.01666666666666667 0.08571428571428572
0 0.6607142857142858 0.7285714285714285 0.02142857142857143 0.19999999999999998
0 0.6023809523809525 0.2642857142857143 0.02380952380952381 0.12857142857142856
0 0.7821428571428573 0.65 0.011904761904761906 0.12857142857142856
0 0.9547619047619048 0.6214285714285714 0.014285714285714287 0.15714285714285714
0 0.011904761904761906 0.37857142857142856 0.02380952380952381 0.07142857142857142
0 0.01666666666666667 0.7642857142857142 0.014285714285714287 0.09999999999999999
0 0.08452380952380953 0.39999999999999997 0.011904761904761906 0.11428571428571428
0 0.10595238095238096 0.15714285714285714 0.01666666666666667 0.08571428571428572
0 0.3119047619047619 0.6928571428571428 0.028571428571428574 0.12857142857142856
0 0.380952380952381 0.3142857142857143 0.014285714285714287 0.14285714285714285
0 0.3916666666666667 0.5214285714285715 0.02142857142857143 0.12857142857142856
0 0.42619047619047623 0.5357142857142857 0.028571428571428574 0.15714285714285714
0 0.7797619047619049 0.40714285714285714 0.01666666666666667 0.07142857142857142
0 0.7154761904761905 0.5571428571428572 0.02142857142857143 0.08571428571428572
