0 0.08571428571428572 0.6642857142857143 0.03333333333333334 0.12857142857142856
0 0.7773809523809525 0.85 0.030952380952380953 0.21428571428571427
0 0.8250000000000001 0.18571428571428572 0.01666666666666667 0.11428571428571428
0 0.8666666666666667 0.6714285714285714 0.03333333333333334 0.19999999999999998
0 0.9035714285714287 0.6785714285714286 0.026190476190476195 0.21428571428571427
0 0.8976190476190476 0.19999999999999998 0.02380952380952381 0.17142857142857143
0 0.9238095238095239 0.20714285714285713 0.02380952380952381 0.21428571428571427
0 0.2285714285714286 0.4714285714285714 0.028571428571428574 0.17142857142857143
0 0.8654761904761905 0.40714285714285714 0.04047619047619048 0.24285714285714285
0 0.6547619047619048 0.44285714285714284 0.03333333333333334 0.17142857142857143
0 0.6988095238095239 0.7642857142857142 0.02142857142857143 0.18571428571428572
