0 0.12023809523809526 0.6214285714285714 0.011904761904761906 0.07142857142857142
0 0.11071428571428572 0.5357142857142857 0.011904761904761906 0.09999999999999999
0 0.2833333333333334 0.3071428571428571 0.014285714285714287 0.12857142857142856
0 0.10238095238095239 0.39285714285714285 0.02380952380952381 0.07142857142857142
0 0.010714285714285714 0.049999999999999996 0.011904761904761906 0.07142857142857142
0 0.15476190476190477 0.34285714285714286 0.01904761904761905 0.08571428571428572
0 0.24523809523809526 0.21428571428571427 0.02380952380952381 0.05714285714285714
0 0.1011904761904762 0.02857142857142857 0.01666666666666667 0.05714285714285714
0 0.28452380952380957 0.5642857142857143 0.011904761904761906 0.07142857142857142
0 0.29523809523809524 0.42857142857142855 0.01904761904761905 0.05714285714285714
0 0.4535714285714286 0.45714285714285713 0.011904761904761906 0.05714285714285714
0 0.4904761904761905 0.6857142857142857 0.014285714285714287 0.05714285714285714
0 0.5440476190476191 0.42857142857142855 0.01666666666666667 0.05714285714285714
0 0.5261904761904762 0.36428571428571427 0.014285714285714287 0.07142857142857142
0 0.480952380952381 0.3357142857142857 0.01904761904761905 0.07142857142857142
0 0.5011904761904762 0.2642857142857143 0.01666666666666667 0.07142857142857142
0 0.5166666666666667 0.15714285714285714 0.02380952380952381 0.05714285714285714
0 0.6440476190476191 0.7285714285714285 0.01666666666666667 0.08571428571428572
0 0.6202380952380953 0.7999999999999999 0.01666666666666667 0.05714285714285714
0 0.42500000000000004 0.5928571428571429 0.02142857142857143 0.07142857142857142
0 0.43690476190476196 0.3857142857142857 0.011904761904761906 0.05714285714285714
0 0.4154761904761905 0.3357142857142857 0.02142857142857143 0.07142857142857142
0 0.35595238095238096 0.7285714285714285 0.011904761904761906 0.05714285714285714
0 0.35000000000000003 0.3857142857142857 0.01904761904761905 0.05714285714285714
0 0.05238095238095239 0.2357142857142857 0.028571428571428574 0.07142857142857142
0 0.4678571428571429 0.5499999999999999 0.01666666666666667 0.09999999999999999
0 0.6035714285714286 0.32857142857142857 0.02142857142857143 0.08571428571428572
0 0.6273809523809525 0.21428571428571427 0.011904761904761906 0.05714285714285714
0 0.6654761904761906 0.17857142857142858 0.01666666666666667 0.07142857142857142
0 0.7107142857142857 0.37142857142857144 0.026190476190476195 0.05714285714285714
0 0.7535714285714287 0.3214285714285714 0.011904761904761906 0.07142857142857142
0 0.7321428571428572 0.65 0.01666666666666667 0.09999999999999999
0 0.817857142857143 0.4714285714285714 0.02142857142857143 0.08571428571428572
0 0.9011904761904763 0.5857142857142857 0.01666666666666667 0.08571428571428572
0 0.830952380952381 0.29285714285714287 0.02380952380952381 0.04285714285714286
0 0.8369047619047619 0.09999999999999999 0.011904761904761906 0.05714285714285714
0 0.855952380952381 0.04285714285714286 0.011904761904761906 0.05714285714285714
0 0.6988095238095239 0.2357142857142857 0.026190476190476195 0.07142857142857142
0 0.6404761904761905 0.03571428571428571 0.014285714285714287 0.07142857142857142
0 0.7321428571428572 0.07142857142857142 0.030952380952380953 0.05714285714285714
0 0.8833333333333334 0.39999999999999997 0.01904761904761905 0.05714285714285714
0 0.7952380952380953 0.03571428571428571 0.014285714285714287 0.07142857142857142
0 0.886904761904762 0.7928571428571428 0.011904761904761906 0.07142857142857142
0 0.7571428571428572 0.46428571428571425 0.01904761904761905 0.09999999999999999
0 0.6785714285714286 0.37857142857142856 0.01904761904761905 0.07142857142857142
0 0.5619047619047619 0.22857142857142856 0.01904761904761905 0.11428571428571428
0 0.9702380952380953 0.24285714285714285 0.01666666666666667 0.11428571428571428
0 0.9857142857142858 0.5928571428571429 0.014285714285714287 0.07142857142857142
0 0.17500000000000002 0.5214285714285715 0.01666666666666667 0.09999999999999999
0 0.5261904761904762 0.6714285714285714 0.02380952380952381 0.05714285714285714
0 0.3869047619047619 0.39285714285714285 0.01666666666666667 0.04285714285714286
0 0.330952380952381 0.5214285714285715 0.014285714285714287 0.07142857142857142
0 0.23214285714285715 0.5642857142857143 0.011904761904761906 0.07142857142857142
0 0.15000000000000002 0.14285714285714285 0.01904761904761905 0.08571428571428572
0 0.1273809523809524 0.39999999999999997 0.02142857142857143 0.05714285714285714
0 0.5035714285714287 0.06428571428571428 0.026190476190476195 0.04285714285714286
0 0.5904761904761905 0.14285714285714285 0.014285714285714287 0.05714285714285714
