0 0.045238095238095244 0.7142857142857143 0.014285714285714287 0.05714285714285714
0 0.029761904761904764 0.6071428571428571 0.01666666666666667 0.07142857142857142
0 0.09523809523809525 0.09999999999999999 0.01904761904761905 0.08571428571428572
0 0.15714285714285717 0.2857142857142857 0.01904761904761905 0.08571428571428572
0 0.07738095238095238 0.34285714285714286 0.01666666666666667 0.05714285714285714
0 0.2773809523809524 0.5642857142857143 0.01666666666666667 0.07142857142857142
0 0.3511904761904762 0.3214285714285714 0.01666666666666667 0.07142857142857142
0 0.3380952380952381 0.6142857142857142 0.01904761904761905 0.08571428571428572
0 0.47380952380952385 0.5357142857142857 0.014285714285714287 0.07142857142857142
0 0.4488095238095238 0.22857142857142856 0.011904761904761906 0.05714285714285714
0 0.3940476190476191 0.42857142857142855 0.01666666666666667 0.05714285714285714
0 0.3678571428571429 0.22142857142857142 0.01666666666666667 0.04285714285714286
0 0.5297619047619048 0.37857142857142856 0.011904761904761906 0.07142857142857142
0 0.5452380952380953 0.6714285714285714 0.01904761904761905 0.08571428571428572
0 0.5833333333333334 0.10714285714285714 0.014285714285714287 0.07142857142857142
0 0.5214285714285715 0.014285714285714285 0.01904761904761905 0.02857142857142857
0 0.6345238095238096 0.2714285714285714 0.01666666666666667 0.05714285714285714
0 0.7261904761904763 0.42142857142857143 0.014285714285714287 0.07142857142857142
0 0.686904761904762 0.6357142857142857 0.011904761904761906 0.07142857142857142
0 0.8190476190476191 0.2642857142857143 0.014285714285714287 0.07142857142857142
0 0.8488095238095239 0.20714285714285713 0.026190476190476195 0.07142857142857142
0 0.9023809523809525 0.5571428571428572 0.014285714285714287 0.08571428571428572
0 0.7392857142857143 0.5571428571428572 0.011904761904761906 0.08571428571428572
0 0.9595238095238096 0.3071428571428571 0.01904761904761905 0.07142857142857142
0 0.9940476190476192 0.049999999999999996 0.0071428571428571435 0.07142857142857142
0 0.8488095238095239 0.75 0.011904761904761906 0.07142857142857142
0 0.7107142857142857 0.3071428571428571 0.011904761904761906 0.12857142857142856
0 0.3940476190476191 0.5571428571428572 0.02142857142857143 0.08571428571428572
0 0.21309523809523812 0.32857142857142857 0.01666666666666667 0.05714285714285714
0 0.1380952380952381 0.12142857142857143 0.014285714285714287 0.12857142857142856
0 0.015476190476190477 0.8428571428571429 0.011904761904761906 0.08571428571428572
0 0.010714285714285714 0.37857142857142856 0.02142857142857143 0.09999999999999999
0 0.41785714285714287 0.47857142857142854 0.01666666666666667 0.09999999999999999
0 0.4797619047619048 0.37857142857142856 0.01666666666666667 0.07142857142857142
1 0.980952380952381 0.5285714285714286 0.028571428571428574 0.22857142857142856
1 0.8940476190476191 0.39999999999999997 0.05476190476190477 0.22857142857142856
0 0.680952380952381 0.34285714285714286 0.01904761904761905 0.05714285714285714
0 0.3416666666666667 0.04285714285714286 0.01666666666666667 0.05714285714285714
0 0.2404761904761905 0.44285714285714284 0.02380952380952381 0.05714285714285714
0 0.2154761904761905 0.6 0.01666666666666667 0.17142857142857143
0 0.15714285714285717 0.47857142857142854 0.009523809523809525 0.09999999999999999
0 0.28095238095238095 0.29285714285714287 0.02380952380952381 0.07142857142857142
0 0.30833333333333335 0.04285714285714286 0.030952380952380953 0.08571428571428572
0 0.21071428571428574 0.014285714285714285 0.01666666666666667 0.02857142857142857
0 0.430952380952381 0.1357142857142857 0.02380952380952381 0.07142857142857142
0 0.8071428571428572 0.45714285714285713 0.02380952380952381 0.05714285714285714
0 0.7797619047619049 0.03571428571428571 0.011904761904761906 0.07142857142857142
