0 0.028571428571428574 0.6928571428571428 0.02380952380952381 0.09999999999999999
0 0.05 0.3857142857142857 0.01904761904761905 0.05714285714285714
0 0.14523809523809525 0.15714285714285714 0.01904761904761905 0.11428571428571428
0 0.17857142857142858 0.02142857142857143 0.01904761904761905 0.04285714285714286
0 0.1142857142857143 0.7642857142857142 0.014285714285714287 0.09999999999999999
0 0.23095238095238096 0.45 0.01904761904761905 0.07142857142857142
0 0.27976190476190477 0.19285714285714284 0.030952380952380953 0.07142857142857142
0 0.3535714285714286 0.2642857142857143 0.01666666666666667 0.07142857142857142
0 0.45833333333333337 0.014285714285714285 0.030952380952380953 0.02857142857142857
0 0.44523809523809527 0.6 0.014285714285714287 0.08571428571428572
0 0.2773809523809524 0.5285714285714286 0.01666666666666667 0.08571428571428572
0 0.09761904761904763 0.5 0.014285714285714287 0.08571428571428572
0 0.1142857142857143 0.45714285714285713 0.014285714285714287 0.05714285714285714
0 0.1630952380952381 0.7642857142857142 0.01666666666666667 0.09999999999999999
0 0.3023809523809524 0.6071428571428571 0.01904761904761905 0.07142857142857142
0 0.5023809523809524 0.7357142857142857 0.014285714285714287 0.07142857142857142
0 0.530952380952381 0.37857142857142856 0.01904761904761905 0.07142857142857142
0 0.530952380952381 0.6 0.01904761904761905 0.08571428571428572
0 0.6273809523809525 0.15714285714285714 0.01666666666666667 0.11428571428571428
0 0.6345238095238096 0.7714285714285714 0.011904761904761906 0.05714285714285714
0 0.7023809523809524 0.47857142857142854 0.01904761904761905 0.09999999999999999
0 0.6190476190476191 0.6571428571428571 0.028571428571428574 0.05714285714285714
0 0.7297619047619048 0.6428571428571428 0.01666666666666667 0.08571428571428572
0 0.7488095238095239 0.3 0.02142857142857143 0.05714285714285714
0 0.7071428571428572 0.049999999999999996 0.01904761904761905 0.09999999999999999
0 0.7571428571428572 0.19999999999999998 0.014285714285714287 0.08571428571428572
0 0.755952380952381 0.7071428571428571 0.011904761904761906 0.07142857142857142
0 0.2392857142857143 0.10714285714285714 0.01666666666666667 0.04285714285714286
0 0.32142857142857145 0.39285714285714285 0.014285714285714287 0.15714285714285714
0 0.8833333333333334 0.5571428571428572 0.014285714285714287 0.08571428571428572
0 0.8738095238095239 0.3214285714285714 0.014285714285714287 0.09999999999999999
0 0.8678571428571429 0.22142857142857142 0.02142857142857143 0.04285714285714286
0 0.5535714285714286 0.25 0.02142857142857143 0.07142857142857142
0 0.9547619047619048 0.11428571428571428 0.014285714285714287 0.05714285714285714
0 0.9464285714285715 0.007142857142857143 0.01666666666666667 0.014285714285714285
0 0.9904761904761905 0.19285714285714284 0.014285714285714287 0.09999999999999999
0 0.8904761904761905 0.7785714285714286 0.014285714285714287 0.07142857142857142
0 0.8797619047619049 0.6714285714285714 0.011904761904761906 0.08571428571428572
0 0.24642857142857144 0.35714285714285715 0.011904761904761906 0.05714285714285714
0 0.6571428571428573 0.5142857142857142 0.02380952380952381 0.08571428571428572
