0 0.10833333333333334 0.42857142857142855 0.01666666666666667 0.05714285714285714
0 0.12142857142857144 0.3071428571428571 0.014285714285714287 0.07142857142857142
0 0.21666666666666667 0.25 0.01904761904761905 0.07142857142857142
0 0.2535714285714286 0.37857142857142856 0.01666666666666667 0.07142857142857142
0 0.255952380952381 0.4857142857142857 0.011904761904761906 0.05714285714285714
0 0.22023809523809526 0.5357142857142857 0.011904761904761906 0.07142857142857142
0 0.010714285714285714 0.35714285714285715 0.01666666666666667 0.05714285714285714
0 0.048809523809523817 0.32857142857142857 0.01666666666666667 0.08571428571428572
0 0.330952380952381 0.6071428571428571 0.014285714285714287 0.07142857142857142
0 0.4416666666666667 0.14285714285714285 0.05 0.08571428571428572
0 0.4761904761904762 0.6785714285714286 0.01904761904761905 0.07142857142857142
0 0.5202380952380953 0.39285714285714285 0.011904761904761906 0.07142857142857142
0 0.4928571428571429 0.36428571428571427 0.02380952380952381 0.07142857142857142
0 0.36904761904761907 0.39285714285714285 0.01904761904761905 0.07142857142857142
0 0.10595238095238096 0.04285714285714286 0.030952380952380953 0.08571428571428572
0 0.6404761904761905 0.7642857142857142 0.01904761904761905 0.07142857142857142
0 0.786904761904762 0.15714285714285714 0.02142857142857143 0.08571428571428572
0 0.9083333333333334 0.11428571428571428 0.011904761904761906 0.11428571428571428
0 0.7654761904761905 0.03571428571428571 0.01666666666666667 0.07142857142857142
0 0.7392857142857143 0.5357142857142857 0.01666666666666667 0.09999999999999999
0 0.5642857142857144 0.39285714285714285 0.014285714285714287 0.07142857142857142
0 0.630952380952381 0.14285714285714285 0.01904761904761905 0.08571428571428572
0 0.9071428571428573 0.7857142857142857 0.014285714285714287 0.08571428571428572
0 0.8523809523809525 0.4357142857142857 0.01904761904761905 0.07142857142857142
0 0.7452380952380953 0.6857142857142857 0.01904761904761905 0.05714285714285714
0 0.5 0.5357142857142857 0.028571428571428574 0.07142857142857142
0 0.40952380952380957 0.3071428571428571 0.02380952380952381 0.07142857142857142
0 0.4535714285714286 0.2642857142857143 0.01666666666666667 0.07142857142857142
0 0.4714285714285715 0.2857142857142857 0.014285714285714287 0.11428571428571428
0 0.43214285714285716 0.03571428571428571 0.011904761904761906 0.07142857142857142
0 0.5654761904761906 0.07142857142857142 0.011904761904761906 0.05714285714285714
0 0.6095238095238096 0.36428571428571427 0.02380952380952381 0.07142857142857142
0 0.9642857142857144 0.6214285714285714 0.01904761904761905 0.09999999999999999
0 0.9630952380952382 0.41428571428571426 0.02142857142857143 0.08571428571428572
0 0.9630952380952382 0.32857142857142857 0.01666666666666667 0.05714285714285714
0 0.8130952380952382 0.37857142857142856 0.01666666666666667 0.07142857142857142
0 0.18095238095238098 0.2714285714285714 0.02380952380952381 0.08571428571428572
0 0.1797619047619048 0.42142857142857143 0.02142857142857143 0.07142857142857142
0 0.20833333333333334 0.3857142857142857 0.01666666666666667 0.05714285714285714
0 0.05833333333333334 0.6428571428571428 0.011904761904761906 0.08571428571428572
0 0.045238095238095244 0.07857142857142857 0.014285714285714287 0.12857142857142856
0 0.23214285714285715 0.06428571428571428 0.02142857142857143 0.07142857142857142
0 0.9309523809523811 0.3357142857142857 0.014285714285714287 0.09999999999999999
0 0.8154761904761906 0.2785714285714286 0.026190476190476195 0.07142857142857142
0 0.7583333333333334 0.1357142857142857 0.01666666666666667 0.07142857142857142
0 0.2619047619047619 0.5928571428571429 0.01904761904761905 0.07142857142857142
0 0.4785714285714286 0.7999999999999999 0.02380952380952381 0.08571428571428572
0 0.14047619047619048 0.3 0.01904761904761905 0.05714285714285714
0 0.028571428571428574 0.40714285714285714 0.014285714285714287 0.07142857142857142
