0 0.03333333333333334 0.5857142857142857 0.01904761904761905 0.05714285714285714
0 0.030952380952380953 0.22857142857142856 0.028571428571428574 0.08571428571428572
0 0.12023809523809526 0.07857142857142857 0.01666666666666667 0.12857142857142856
0 0.10476190476190478 0.6857142857142857 0.01904761904761905 0.05714285714285714
0 0.1892857142857143 0.5 0.02142857142857143 0.08571428571428572
0 0.2023809523809524 0.37142857142857144 0.01904761904761905 0.08571428571428572
0 0.42500000000000004 0.5571428571428572 0.01666666666666667 0.05714285714285714
0 0.3523809523809524 0.5714285714285714 0.01904761904761905 0.05714285714285714
0 0.3523809523809524 0.40714285714285714 0.02380952380952381 0.07142857142857142
0 0.5488095238095239 0.03571428571428571 0.01666666666666667 0.07142857142857142
0 0.6416666666666667 0.5928571428571429 0.02142857142857143 0.07142857142857142
0 0.6357142857142858 0.6785714285714286 0.01904761904761905 0.07142857142857142
0 0.5833333333333334 0.5 0.02380952380952381 0.11428571428571428
0 0.8773809523809525 0.3214285714285714 0.045238095238095244 0.09999999999999999
0 0.6559523809523811 0.15714285714285714 0.03571428571428572 0.11428571428571428
0 0.7892857142857144 0.08571428571428572 0.02142857142857143 0.08571428571428572
0 0.7904761904761906 0.3071428571428571 0.01904761904761905 0.09999999999999999
0 0.7357142857142858 0.2642857142857143 0.01904761904761905 0.07142857142857142
0 0.7345238095238096 0.06428571428571428 0.01666666666666667 0.04285714285714286
0 0.4976190476190477 0.35 0.01904761904761905 0.09999999999999999
0 0.22500000000000003 0.39285714285714285 0.02142857142857143 0.07142857142857142
0 0.15833333333333335 0.39285714285714285 0.01666666666666667 0.07142857142857142
0 0.580952380952381 0.7928571428571428 0.014285714285714287 0.09999999999999999
0 0.8380952380952382 0.6571428571428571 0.014285714285714287 0.11428571428571428
0 0.7154761904761905 0.42857142857142855 0.02142857142857143 0.08571428571428572
0 0.6988095238095239 0.10714285714285714 0.02142857142857143 0.07142857142857142
0 0.9642857142857144 0.5214285714285715 0.01904761904761905 0.15714285714285714
0 0.8202380952380953 0.39999999999999997 0.026190476190476195 0.08571428571428572
0 0.6357142857142858 0.4928571428571428 0.02380952380952381 0.09999999999999999
0 0.7119047619047619 0.29285714285714287 0.01904761904761905 0.07142857142857142
