0 0.004761904761904762 0.7428571428571429 0.009523809523809525 0.08571428571428572
0 0.17500000000000002 0.21428571428571427 0.01666666666666667 0.11428571428571428
0 0.17857142857142858 0.37857142857142856 0.014285714285714287 0.12857142857142856
0 0.18571428571428572 0.5142857142857142 0.014285714285714287 0.08571428571428572
0 0.24285714285714288 0.02857142857142857 0.014285714285714287 0.05714285714285714
0 0.048809523809523817 0.4357142857142857 0.02142857142857143 0.07142857142857142
0 0.30714285714285716 0.20714285714285713 0.02380952380952381 0.07142857142857142
0 0.25238095238095243 0.14285714285714285 0.014285714285714287 0.05714285714285714
0 0.048809523809523817 0.18571428571428572 0.02142857142857143 0.08571428571428572
0 0.27976190476190477 0.6 0.02142857142857143 0.08571428571428572
0 0.11547619047619048 0.7857142857142857 0.01666666666666667 0.05714285714285714
0 0.12023809523809526 0.35714285714285715 0.01666666666666667 0.05714285714285714
0 0.3166666666666667 0.32857142857142857 0.02380952380952381 0.08571428571428572
0 0.3678571428571429 0.09285714285714286 0.01666666666666667 0.09999999999999999
0 0.2511904761904762 0.7428571428571429 0.01666666666666667 0.08571428571428572
0 0.5333333333333334 0.6071428571428571 0.01904761904761905 0.09999999999999999
0 0.4166666666666667 0.41428571428571426 0.0380952380952381 0.14285714285714285
0 0.480952380952381 0.2642857142857143 0.014285714285714287 0.07142857142857142
0 0.47500000000000003 0.5928571428571429 0.01666666666666667 0.07142857142857142
0 0.4345238095238096 0.07142857142857142 0.01666666666666667 0.11428571428571428
0 0.5750000000000001 0.6571428571428571 0.01666666666666667 0.08571428571428572
0 0.5976190476190477 0.6071428571428571 0.01904761904761905 0.07142857142857142
0 0.5607142857142857 0.45714285714285713 0.02142857142857143 0.05714285714285714
0 0.5214285714285715 0.34285714285714286 0.02380952380952381 0.05714285714285714
0 0.3190476190476191 0.6428571428571428 0.028571428571428574 0.08571428571428572
0 0.6797619047619048 0.19285714285714284 0.01666666666666667 0.07142857142857142
0 0.7190476190476192 0.40714285714285714 0.014285714285714287 0.07142857142857142
0 0.6559523809523811 0.6642857142857143 0.02142857142857143 0.07142857142857142
0 0.7428571428571429 0.7571428571428571 0.02380952380952381 0.08571428571428572
0 0.37619047619047624 0.22142857142857142 0.01904761904761905 0.07142857142857142
0 0.6952380952380953 0.014285714285714285 0.01904761904761905 0.02857142857142857
0 0.9309523809523811 0.03571428571428571 0.014285714285714287 0.07142857142857142
0 0.961904761904762 0.6071428571428571 0.014285714285714287 0.09999999999999999
0 0.9476190476190477 0.6928571428571428 0.01904761904761905 0.09999999999999999
0 0.9226190476190477 0.39285714285714285 0.02142857142857143 0.07142857142857142
0 0.805952380952381 0.15714285714285714 0.01666666666666667 0.05714285714285714
0 0.7440476190476191 0.3 0.01666666666666667 0.11428571428571428
0 0.8273809523809524 0.7714285714285714 0.01666666666666667 0.08571428571428572
