0 0.12023809523809526 0.6357142857142857 0.01666666666666667 0.07142857142857142
0 0.18809523809523812 0.4357142857142857 0.01904761904761905 0.07142857142857142
0 0.04166666666666667 0.3071428571428571 0.02142857142857143 0.12857142857142856
0 0.051190476190476196 0.16428571428571428 0.01666666666666667 0.09999999999999999
0 0.07500000000000001 0.5428571428571428 0.01666666666666667 0.08571428571428572
0 0.24761904761904763 0.14285714285714285 0.01904761904761905 0.08571428571428572
0 0.22380952380952382 0.6714285714285714 0.01904761904761905 0.08571428571428572
0 0.23333333333333336 0.5142857142857142 0.014285714285714287 0.08571428571428572
0 0.2773809523809524 0.7214285714285714 0.011904761904761906 0.07142857142857142
0 0.07023809523809524 0.7857142857142857 0.01666666666666667 0.08571428571428572
0 0.11904761904761905 0.3142857142857143 0.014285714285714287 0.08571428571428572
0 0.405952380952381 0.5642857142857143 0.01666666666666667 0.09999999999999999
0 0.3107142857142857 0.3214285714285714 0.01666666666666667 0.04285714285714286
0 0.3297619047619048 0.014285714285714285 0.01666666666666667 0.02857142857142857
0 0.41071428571428575 0.02857142857142857 0.01666666666666667 0.05714285714285714
0 0.505952380952381 0.2642857142857143 0.01666666666666667 0.07142857142857142
0 0.49523809523809526 0.34285714285714286 0.02380952380952381 0.05714285714285714
0 0.5035714285714287 0.5285714285714286 0.01666666666666667 0.05714285714285714
0 0.55 0.21428571428571427 0.014285714285714287 0.05714285714285714
0 0.5738095238095239 0.36428571428571427 0.01904761904761905 0.12857142857142856
0 0.6404761904761905 0.45 0.02380952380952381 0.18571428571428572
0 0.5511904761904762 0.6357142857142857 0.011904761904761906 0.07142857142857142
0 0.6821428571428572 0.05714285714285714 0.011904761904761906 0.08571428571428572
0 0.6690476190476191 0.3071428571428571 0.01904761904761905 0.12857142857142856
0 0.9190476190476191 0.6142857142857142 0.01904761904761905 0.11428571428571428
0 0.9595238095238096 0.37857142857142856 0.014285714285714287 0.09999999999999999
0 0.6952380952380953 0.3357142857142857 0.02380952380952381 0.07142857142857142
0 0.9642857142857144 0.7928571428571428 0.02380952380952381 0.07142857142857142
0 0.8523809523809525 0.7285714285714285 0.014285714285714287 0.08571428571428572
0 0.7785714285714287 0.37142857142857144 0.01904761904761905 0.08571428571428572
0 0.7988095238095239 0.18571428571428572 0.02142857142857143 0.08571428571428572
0 0.6392857142857143 0.6571428571428571 0.01666666666666667 0.11428571428571428
0 0.4678571428571429 0.44285714285714284 0.026190476190476195 0.08571428571428572
0 0.9833333333333334 0.4928571428571428 0.01904761904761905 0.09999999999999999
0 0.9059523809523811 0.15714285714285714 0.02142857142857143 0.08571428571428572
0 0.6964285714285715 0.4857142857142857 0.026190476190476195 0.08571428571428572
0 0.6428571428571429 0.14285714285714285 0.03333333333333334 0.08571428571428572
0 0.7630952380952382 0.09285714285714286 0.01666666666666667 0.07142857142857142
0 0.4916666666666667 0.6928571428571428 0.01666666666666667 0.09999999999999999
0 0.275 0.44285714285714284 0.030952380952380953 0.05714285714285714
0 0.37380952380952387 0.04285714285714286 0.02380952380952381 0.08571428571428572
