0 0.04166666666666667 0.2642857142857143 0.02142857142857143 0.07142857142857142
0 0.027380952380952384 0.02142857142857143 0.01666666666666667 0.04285714285714286
0 0.05238095238095239 0.4928571428571428 0.014285714285714287 0.07142857142857142
0 0.04642857142857143 0.5714285714285714 0.01666666666666667 0.05714285714285714
0 0.004761904761904762 0.8357142857142857 0.009523809523809525 0.07142857142857142
0 0.09285714285714286 0.5 0.014285714285714287 0.08571428571428572
0 0.09285714285714286 0.3357142857142857 0.014285714285714287 0.07142857142857142
0 0.06785714285714287 0.6428571428571428 0.01666666666666667 0.14285714285714285
0 0.11071428571428572 0.7928571428571428 0.01666666666666667 0.12857142857142856
0 0.18095238095238098 0.4714285714285714 0.01904761904761905 0.08571428571428572
0 0.14285714285714288 0.5857142857142857 0.01904761904761905 0.08571428571428572
0 0.22380952380952382 0.4928571428571428 0.01904761904761905 0.07142857142857142
0 0.13095238095238096 0.22857142857142856 0.02380952380952381 0.08571428571428572
0 0.15714285714285717 0.12857142857142856 0.028571428571428574 0.08571428571428572
0 0.24285714285714288 0.20714285714285713 0.01904761904761905 0.07142857142857142
0 0.2392857142857143 0.2785714285714286 0.02142857142857143 0.07142857142857142
0 0.32142857142857145 0.17142857142857143 0.014285714285714287 0.05714285714285714
0 0.2380952380952381 0.6357142857142857 0.01904761904761905 0.07142857142857142
0 0.21071428571428574 0.20714285714285713 0.01666666666666667 0.07142857142857142
0 0.32142857142857145 0.7071428571428571 0.01904761904761905 0.09999999999999999
0 0.42500000000000004 0.37857142857142856 0.01666666666666667 0.07142857142857142
0 0.39880952380952384 0.4714285714285714 0.01666666666666667 0.05714285714285714
0 0.3880952380952381 0.12857142857142856 0.01904761904761905 0.05714285714285714
0 0.4964285714285715 0.1357142857142857 0.02142857142857143 0.09999999999999999
0 0.4416666666666667 0.5071428571428571 0.01666666666666667 0.07142857142857142
0 0.46071428571428574 0.3142857142857143 0.01666666666666667 0.08571428571428572
0 0.525 0.5142857142857142 0.02142857142857143 0.08571428571428572
0 0.5035714285714287 0.36428571428571427 0.02142857142857143 0.07142857142857142
0 0.6416666666666667 0.3357142857142857 0.02142857142857143 0.07142857142857142
0 0.5571428571428572 0.7142857142857143 0.01904761904761905 0.08571428571428572
0 0.5880952380952381 0.2785714285714286 0.014285714285714287 0.09999999999999999
0 0.4535714285714286 0.10714285714285714 0.01666666666666667 0.07142857142857142
0 0.2392857142857143 0.04285714285714286 0.02142857142857143 0.08571428571428572
0 0.6130952380952381 0.5785714285714285 0.01666666666666667 0.09999999999999999
0 0.6892857142857144 0.36428571428571427 0.01666666666666667 0.09999999999999999
0 0.6333333333333334 0.014285714285714285 0.01904761904761905 0.02857142857142857
0 0.3464285714285715 0.17142857142857143 0.01666666666666667 0.11428571428571428
0 0.5190476190476191 0.02857142857142857 0.014285714285714287 0.05714285714285714
0 0.7654761904761905 0.5142857142857142 0.011904761904761906 0.11428571428571428
0 0.7261904761904763 0.34285714285714286 0.02380952380952381 0.08571428571428572
0 0.6857142857142857 0.02857142857142857 0.01904761904761905 0.05714285714285714
0 0.6904761904761906 0.5499999999999999 0.014285714285714287 0.07142857142857142
0 0.9404761904761906 0.12857142857142856 0.028571428571428574 0.11428571428571428
0 0.8154761904761906 0.6071428571428571 0.01666666666666667 0.07142857142857142
0 0.9309523809523811 0.5142857142857142 0.014285714285714287 0.08571428571428572
0 0.9071428571428573 0.42857142857142855 0.01904761904761905 0.08571428571428572
0 0.9702380952380953 0.8071428571428572 0.02142857142857143 0.09999999999999999
0 0.8702380952380954 0.5928571428571429 0.02142857142857143 0.09999999999999999
0 0.7904761904761906 0.1357142857142857 0.02380952380952381 0.07142857142857142
0 0.8392857142857144 0.2785714285714286 0.02142857142857143 0.12857142857142856
0 0.8369047619047619 0.40714285714285714 0.01666666666666667 0.07142857142857142
0 0.9000000000000001 0.6 0.028571428571428574 0.08571428571428572
0 0.8476190476190477 0.7785714285714286 0.02380952380952381 0.09999999999999999
0 0.3440476190476191 0.4357142857142857 0.030952380952380953 0.07142857142857142
0 0.6654761904761906 0.6785714285714286 0.01666666666666667 0.07142857142857142
0 0.43690476190476196 0.19285714285714284 0.02142857142857143 0.07142857142857142
0 0.9833333333333334 0.10714285714285714 0.014285714285714287 0.07142857142857142
0 0.886904761904762 0.15714285714285714 0.01666666666666667 0.14285714285714285
