0 0.011904761904761906 0.18571428571428572 0.01904761904761905 0.08571428571428572
0 0.004761904761904762 0.03571428571428571 0.009523809523809525 0.04285714285714286
0 0.06785714285714287 0.1357142857142857 0.01666666666666667 0.07142857142857142
0 0.04642857142857143 0.42142857142857143 0.011904761904761906 0.07142857142857142
0 0.1285714285714286 0.05714285714285714 0.014285714285714287 0.05714285714285714
0 0.05476190476190477 0.5785714285714285 0.01904761904761905 0.09999999999999999
0 0.09523809523809525 0.3357142857142857 0.014285714285714287 0.07142857142857142
0 0.07976190476190477 0.5499999999999999 0.01666666666666667 0.07142857142857142
0 0.14404761904761906 0.3142857142857143 0.026190476190476195 0.05714285714285714
0 0.19285714285714287 0.6571428571428571 0.01904761904761905 0.08571428571428572
0 0.16071428571428573 0.7 0.01666666666666667 0.08571428571428572
0 0.18333333333333335 0.5 0.02380952380952381 0.05714285714285714
0 0.1392857142857143 0.6 0.011904761904761906 0.08571428571428572
0 0.25952380952380955 0.2714285714285714 0.02380952380952381 0.05714285714285714
0 0.2273809523809524 0.5214285714285715 0.011904761904761906 0.07142857142857142
0 0.36190476190476195 0.22857142857142856 0.02380952380952381 0.05714285714285714
0 0.3535714285714286 0.08571428571428572 0.01666666666666667 0.08571428571428572
0 0.38928571428571435 0.11428571428571428 0.02142857142857143 0.05714285714285714
0 0.4130952380952381 0.41428571428571426 0.01666666666666667 0.11428571428571428
0 0.43809523809523815 0.45 0.014285714285714287 0.07142857142857142
0 0.42380952380952386 0.7785714285714286 0.009523809523809525 0.07142857142857142
0 0.3880952380952381 0.65 0.014285714285714287 0.07142857142857142
0 0.4702380952380953 0.6857142857142857 0.01666666666666667 0.05714285714285714
0 0.5071428571428572 0.6285714285714286 0.014285714285714287 0.05714285714285714
0 0.5130952380952382 0.24285714285714285 0.011904761904761906 0.05714285714285714
0 0.4904761904761905 0.2714285714285714 0.014285714285714287 0.05714285714285714
0 0.48690476190476195 0.02857142857142857 0.01666666666666667 0.05714285714285714
0 0.5880952380952381 0.03571428571428571 0.01904761904761905 0.07142857142857142
0 0.6595238095238096 0.15714285714285714 0.0380952380952381 0.19999999999999998
0 0.6261904761904763 0.24285714285714285 0.02380952380952381 0.08571428571428572
0 0.6035714285714286 0.29285714285714287 0.011904761904761906 0.12857142857142856
0 0.5892857142857143 0.2357142857142857 0.011904761904761906 0.07142857142857142
0 0.5511904761904762 0.6142857142857142 0.011904761904761906 0.05714285714285714
0 0.6523809523809524 0.5428571428571428 0.014285714285714287 0.05714285714285714
0 0.6940476190476191 0.5857142857142857 0.026190476190476195 0.11428571428571428
0 0.7797619047619049 0.37142857142857144 0.011904761904761906 0.08571428571428572
0 0.8190476190476191 0.22142857142857142 0.014285714285714287 0.07142857142857142
0 0.7142857142857143 0.02857142857142857 0.01904761904761905 0.05714285714285714
0 0.6095238095238096 0.45714285714285713 0.01904761904761905 0.05714285714285714
0 0.7428571428571429 0.2357142857142857 0.01904761904761905 0.07142857142857142
0 0.8642857142857143 0.37142857142857144 0.014285714285714287 0.08571428571428572
0 0.525 0.42142857142857143 0.01666666666666667 0.09999999999999999
0 0.9059523809523811 0.6714285714285714 0.011904761904761906 0.08571428571428572
0 0.9309523809523811 0.3857142857142857 0.014285714285714287 0.08571428571428572
0 0.9738095238095239 0.7928571428571428 0.028571428571428574 0.07142857142857142
0 0.7642857142857143 0.15 0.014285714285714287 0.07142857142857142
0 0.6773809523809524 0.7785714285714286 0.026190476190476195 0.07142857142857142
0 0.6333333333333334 0.42857142857142855 0.014285714285714287 0.08571428571428572
0 0.7654761904761905 0.39999999999999997 0.011904761904761906 0.11428571428571428
0 0.525 0.11428571428571428 0.02142857142857143 0.05714285714285714
0 0.48571428571428577 0.14285714285714285 0.01904761904761905 0.11428571428571428
0 0.8488095238095239 0.45714285714285713 0.011904761904761906 0.05714285714285714
0 0.9916666666666668 0.049999999999999996 0.011904761904761906 0.07142857142857142
0 0.6107142857142858 0.6357142857142857 0.02142857142857143 0.07142857142857142
0 0.25952380952380955 0.6357142857142857 0.028571428571428574 0.07142857142857142
