0 0.01785714285714286 0.1357142857142857 0.01666666666666667 0.09999999999999999
0 0.06071428571428572 0.049999999999999996 0.01666666666666667 0.09999999999999999
0 0.33571428571428574 0.06428571428571428 0.02380952380952381 0.12857142857142856
0 0.2773809523809524 0.7285714285714285 0.01666666666666667 0.11428571428571428
0 0.3511904761904762 0.5214285714285715 0.02142857142857143 0.09999999999999999
0 0.3464285714285715 0.2857142857142857 0.01666666666666667 0.08571428571428572
0 0.5107142857142858 0.05714285714285714 0.01666666666666667 0.11428571428571428
0 0.5773809523809524 0.44285714285714284 0.01666666666666667 0.08571428571428572
0 0.6154761904761905 0.3 0.01666666666666667 0.05714285714285714
0 0.9011904761904763 0.18571428571428572 0.02142857142857143 0.14285714285714285
0 0.8750000000000001 0.32857142857142857 0.02142857142857143 0.08571428571428572
0 0.7952380952380953 0.37857142857142856 0.014285714285714287 0.09999999999999999
0 0.7476190476190477 0.08571428571428572 0.02380952380952381 0.11428571428571428
0 0.6154761904761905 0.15714285714285714 0.01666666666666667 0.08571428571428572
0 0.5273809523809524 0.47857142857142854 0.01666666666666667 0.07142857142857142
0 0.4416666666666667 0.6285714285714286 0.02142857142857143 0.08571428571428572
0 0.43333333333333335 0.09285714285714286 0.014285714285714287 0.07142857142857142
0 0.3880952380952381 0.02857142857142857 0.01904761904761905 0.05714285714285714
0 0.25238095238095243 0.5571428571428572 0.014285714285714287 0.08571428571428572
0 0.0761904761904762 0.5214285714285715 0.02380952380952381 0.12857142857142856
0 0.125 0.20714285714285713 0.026190476190476195 0.12857142857142856
0 0.5761904761904763 0.6071428571428571 0.014285714285714287 0.07142857142857142
0 0.5321428571428571 0.36428571428571427 0.04047619047619048 0.07142857142857142
0 0.8083333333333335 0.6071428571428571 0.02142857142857143 0.09999999999999999
0 0.8250000000000001 0.5357142857142857 0.02142857142857143 0.09999999999999999
0 0.8345238095238096 0.45714285714285713 0.026190476190476195 0.08571428571428572
0 0.8452380952380953 0.19999999999999998 0.01904761904761905 0.08571428571428572
0 0.3726190476190476 0.7214285714285714 0.01666666666666667 0.07142857142857142
0 0.1285714285714286 0.049999999999999996 0.028571428571428574 0.07142857142857142
0 0.8714285714285716 0.6714285714285714 0.01904761904761905 0.08571428571428572
0 0.911904761904762 0.02142857142857143 0.014285714285714287 0.04285714285714286
0 0.9107142857142858 0.7357142857142857 0.02142857142857143 0.09999999999999999
0 0.9630952380952382 0.2642857142857143 0.011904761904761906 0.07142857142857142
0 0.961904761904762 0.3357142857142857 0.014285714285714287 0.07142857142857142
0 0.6916666666666668 0.34285714285714286 0.01666666666666667 0.05714285714285714
0 0.005952380952380953 0.7142857142857143 0.011904761904761906 0.05714285714285714
0 0.17380952380952383 0.47857142857142854 0.01904761904761905 0.09999999999999999
0 0.2773809523809524 0.15 0.026190476190476195 0.07142857142857142
0 0.7785714285714287 0.014285714285714285 0.014285714285714287 0.02857142857142857
0 0.9904761904761905 0.049999999999999996 0.009523809523809525 0.07142857142857142
0 0.7071428571428572 0.5571428571428572 0.01904761904761905 0.08571428571428572
0 0.855952380952381 0.5285714285714286 0.011904761904761906 0.05714285714285714
0 0.4690476190476191 0.07142857142857142 0.01904761904761905 0.08571428571428572
