0 0.009523809523809525 0.07857142857142857 0.01904761904761905 0.15714285714285714
0 0.03214285714285715 0.07142857142857142 0.011904761904761906 0.05714285714285714
0 0.10238095238095239 0.4857142857142857 0.014285714285714287 0.05714285714285714
0 0.053571428571428575 0.3214285714285714 0.011904761904761906 0.12857142857142856
0 0.04761904761904762 0.45 0.014285714285714287 0.04285714285714286
0 0.10714285714285715 0.7357142857142857 0.014285714285714287 0.07142857142857142
0 0.3190476190476191 0.7857142857142857 0.02380952380952381 0.08571428571428572
0 0.29523809523809524 0.19999999999999998 0.01904761904761905 0.08571428571428572
0 0.2880952380952381 0.37857142857142856 0.014285714285714287 0.07142857142857142
0 0.2821428571428572 0.4857142857142857 0.02142857142857143 0.08571428571428572
0 0.3285714285714286 0.14285714285714285 0.01904761904761905 0.08571428571428572
0 0.2285714285714286 0.014285714285714285 0.014285714285714287 0.02857142857142857
0 0.1773809523809524 0.46428571428571425 0.030952380952380953 0.04285714285714286
0 0.41190476190476194 0.07142857142857142 0.01904761904761905 0.05714285714285714
0 0.3821428571428572 0.3214285714285714 0.01666666666666667 0.15714285714285714
0 0.42619047619047623 0.7142857142857143 0.03333333333333334 0.08571428571428572
0 0.4047619047619048 0.3357142857142857 0.014285714285714287 0.07142857142857142
0 0.45000000000000007 0.05714285714285714 0.02380952380952381 0.05714285714285714
0 0.5321428571428571 0.2785714285714286 0.011904761904761906 0.09999999999999999
0 0.4928571428571429 0.7285714285714285 0.014285714285714287 0.08571428571428572
0 0.6523809523809524 0.7428571428571429 0.014285714285714287 0.08571428571428572
0 0.5833333333333334 0.6928571428571428 0.02380952380952381 0.07142857142857142
0 0.6214285714285714 0.5928571428571429 0.01904761904761905 0.07142857142857142
0 0.6440476190476191 0.3142857142857143 0.01666666666666667 0.11428571428571428
0 0.6107142857142858 0.09285714285714286 0.03571428571428572 0.07142857142857142
0 0.47261904761904766 0.14285714285714285 0.02142857142857143 0.05714285714285714
0 0.7154761904761905 0.7857142857142857 0.01666666666666667 0.08571428571428572
0 0.7785714285714287 0.39285714285714285 0.01904761904761905 0.07142857142857142
0 0.8095238095238096 0.7928571428571428 0.009523809523809525 0.09999999999999999
0 0.7547619047619049 0.7428571428571429 0.01904761904761905 0.14285714285714285
0 0.7880952380952382 0.6571428571428571 0.014285714285714287 0.08571428571428572
0 0.7142857142857143 0.18571428571428572 0.014285714285714287 0.14285714285714285
0 0.7630952380952382 0.16428571428571428 0.01666666666666667 0.12857142857142856
0 0.861904761904762 0.37857142857142856 0.01904761904761905 0.07142857142857142
0 0.8202380952380953 0.6214285714285714 0.011904761904761906 0.12857142857142856
0 0.811904761904762 0.05714285714285714 0.03333333333333334 0.08571428571428572
0 0.9476190476190477 0.29285714285714287 0.028571428571428574 0.12857142857142856
0 0.9154761904761906 0.7642857142857142 0.01666666666666667 0.07142857142857142
0 0.9142857142857144 0.6357142857142857 0.014285714285714287 0.07142857142857142
0 0.8345238095238096 0.7928571428571428 0.01666666666666667 0.07142857142857142
0 0.961904761904762 0.5928571428571429 0.014285714285714287 0.09999999999999999
0 0.880952380952381 0.5785714285714285 0.014285714285714287 0.07142857142857142
0 0.8952380952380953 0.2642857142857143 0.014285714285714287 0.07142857142857142
0 0.0035714285714285718 0.7714285714285714 0.0071428571428571435 0.05714285714285714
0 0.7940476190476191 0.15 0.01666666666666667 0.07142857142857142
0 0.7416666666666667 0.18571428571428572 0.01666666666666667 0.11428571428571428
