0 0.04285714285714286 0.5642857142857143 0.02380952380952381 0.07142857142857142
0 0.1011904761904762 0.4357142857142857 0.011904761904761906 0.07142857142857142
0 0.1273809523809524 0.2714285714285714 0.011904761904761906 0.08571428571428572
0 0.1511904761904762 0.2642857142857143 0.01666666666666667 0.07142857142857142
0 0.12380952380952381 0.5928571428571429 0.03333333333333334 0.07142857142857142
0 0.15952380952380954 0.4714285714285714 0.01904761904761905 0.08571428571428572
0 0.2702380952380953 0.8357142857142857 0.01666666666666667 0.09999999999999999
0 0.29523809523809524 0.6714285714285714 0.02380952380952381 0.05714285714285714
0 0.09047619047619049 0.7928571428571428 0.02380952380952381 0.07142857142857142
0 0.1523809523809524 0.7214285714285714 0.014285714285714287 0.07142857142857142
0 0.22023809523809526 0.5428571428571428 0.026190476190476195 0.08571428571428572
0 0.20476190476190478 0.9357142857142857 0.01904761904761905 0.07142857142857142
0 0.4892857142857143 0.7571428571428571 0.02142857142857143 0.11428571428571428
0 0.4404761904761905 0.3357142857142857 0.01904761904761905 0.07142857142857142
0 0.4702380952380953 0.16428571428571428 0.01666666666666667 0.07142857142857142
0 0.41190476190476194 0.1357142857142857 0.01904761904761905 0.07142857142857142
0 0.35595238095238096 0.7428571428571429 0.026190476190476195 0.05714285714285714
0 0.32023809523809527 0.44285714285714284 0.01666666666666667 0.08571428571428572
0 0.41071428571428575 0.4857142857142857 0.02142857142857143 0.08571428571428572
0 0.29761904761904767 0.8714285714285714 0.014285714285714287 0.08571428571428572
0 0.511904761904762 0.9357142857142857 0.01904761904761905 0.07142857142857142
0 0.4928571428571429 0.6142857142857142 0.014285714285714287 0.08571428571428572
0 0.55 0.4928571428571428 0.014285714285714287 0.07142857142857142
0 0.5976190476190477 0.03571428571428571 0.014285714285714287 0.07142857142857142
0 0.6738095238095239 0.4357142857142857 0.014285714285714287 0.07142857142857142
0 0.511904761904762 0.5785714285714285 0.014285714285714287 0.12857142857142856
0 0.4571428571428572 0.9571428571428571 0.009523809523809525 0.05714285714285714
0 0.04761904761904762 0.7 0.02380952380952381 0.11428571428571428
0 0.1904761904761905 0.6928571428571428 0.014285714285714287 0.09999999999999999
0 0.24642857142857144 0.7214285714285714 0.02142857142857143 0.12857142857142856
0 0.736904761904762 0.9142857142857143 0.011904761904761906 0.08571428571428572
0 0.6642857142857144 0.8357142857142857 0.01904761904761905 0.07142857142857142
0 0.6166666666666667 0.5928571428571429 0.01904761904761905 0.07142857142857142
0 0.8750000000000001 0.7285714285714285 0.01666666666666667 0.08571428571428572
0 0.8523809523809525 0.5571428571428572 0.014285714285714287 0.08571428571428572
0 0.8261904761904763 0.5142857142857142 0.014285714285714287 0.08571428571428572
0 0.8083333333333335 0.3857142857142857 0.026190476190476195 0.08571428571428572
0 0.7738095238095238 0.6428571428571428 0.01904761904761905 0.08571428571428572
0 0.7476190476190477 0.3357142857142857 0.028571428571428574 0.07142857142857142
0 0.9095238095238096 0.5714285714285714 0.02380952380952381 0.05714285714285714
0 0.8500000000000001 0.19285714285714284 0.014285714285714287 0.07142857142857142
0 0.9750000000000001 0.21428571428571427 0.02142857142857143 0.05714285714285714
0 0.9500000000000001 0.6214285714285714 0.014285714285714287 0.07142857142857142
0 0.9488095238095239 0.7999999999999999 0.011904761904761906 0.05714285714285714
0 0.4190476190476191 0.3 0.01904761904761905 0.14285714285714285
0 0.5452380952380953 0.7571428571428571 0.014285714285714287 0.11428571428571428
0 0.4428571428571429 0.5571428571428572 0.014285714285714287 0.05714285714285714
0 0.686904761904762 0.8571428571428571 0.011904761904761906 0.05714285714285714
0 0.7202380952380953 0.6642857142857143 0.01666666666666667 0.07142857142857142
0 0.911904761904762 0.3 0.02380952380952381 0.05714285714285714
0 0.9107142857142858 0.20714285714285713 0.02142857142857143 0.07142857142857142
0 0.8285714285714286 0.8214285714285714 0.014285714285714287 0.04285714285714286
0 0.8238095238095239 0.7571428571428571 0.01904761904761905 0.05714285714285714
0 0.9821428571428572 0.6642857142857143 0.026190476190476195 0.07142857142857142
0 0.8821428571428572 0.35714285714285715 0.026190476190476195 0.08571428571428572
0 0.3166666666666667 0.5928571428571429 0.028571428571428574 0.07142857142857142
0 0.580952380952381 0.5142857142857142 0.01904761904761905 0.08571428571428572
