0 0.06785714285714287 0.2785714285714286 0.01666666666666667 0.07142857142857142
0 0.2154761904761905 0.6714285714285714 0.01666666666666667 0.05714285714285714
0 0.18333333333333335 0.2857142857142857 0.014285714285714287 0.05714285714285714
0 0.002380952380952381 0.36428571428571427 0.004761904761904762 0.07142857142857142
0 0.02142857142857143 0.35714285714285715 0.014285714285714287 0.08571428571428572
0 0.0642857142857143 0.6071428571428571 0.014285714285714287 0.07142857142857142
0 0.18690476190476193 0.19999999999999998 0.01666666666666667 0.05714285714285714
0 0.14523809523809525 0.6785714285714286 0.014285714285714287 0.07142857142857142
0 0.19880952380952382 0.5642857142857143 0.011904761904761906 0.07142857142857142
0 0.22500000000000003 0.5214285714285715 0.01666666666666667 0.07142857142857142
0 0.43333333333333335 0.7285714285714285 0.014285714285714287 0.08571428571428572
0 0.5654761904761906 0.39285714285714285 0.01666666666666667 0.07142857142857142
0 0.675 0.15 0.01666666666666667 0.07142857142857142
0 0.4702380952380953 0.22142857142857142 0.01666666666666667 0.07142857142857142
0 0.5904761904761905 0.17857142857142858 0.01904761904761905 0.09999999999999999
0 0.380952380952381 0.09285714285714286 0.01904761904761905 0.07142857142857142
0 0.2880952380952381 0.4357142857142857 0.014285714285714287 0.07142857142857142
0 0.3023809523809524 0.5642857142857143 0.014285714285714287 0.09999999999999999
0 0.27142857142857146 0.5642857142857143 0.014285714285714287 0.07142857142857142
0 0.3940476190476191 0.4857142857142857 0.01666666666666667 0.05714285714285714
0 0.41071428571428575 0.18571428571428572 0.02142857142857143 0.05714285714285714
0 0.12976190476190477 0.02857142857142857 0.01666666666666667 0.05714285714285714
0 0.06666666666666668 0.1357142857142857 0.01904761904761905 0.07142857142857142
0 0.32023809523809527 0.05714285714285714 0.02142857142857143 0.05714285714285714
0 0.47380952380952385 0.44285714285714284 0.014285714285714287 0.08571428571428572
0 0.4630952380952381 0.5714285714285714 0.011904761904761906 0.05714285714285714
0 0.3261904761904762 0.37857142857142856 0.014285714285714287 0.07142857142857142
0 0.5023809523809524 0.7571428571428571 0.014285714285714287 0.05714285714285714
0 0.44761904761904764 0.2571428571428571 0.014285714285714287 0.05714285714285714
0 0.5297619047619048 0.39999999999999997 0.01666666666666667 0.05714285714285714
0 0.5202380952380953 0.5499999999999999 0.011904761904761906 0.07142857142857142
0 0.6428571428571429 0.32857142857142857 0.01904761904761905 0.08571428571428572
0 0.6630952380952382 0.7642857142857142 0.011904761904761906 0.07142857142857142
0 0.630952380952381 0.5071428571428571 0.01904761904761905 0.07142857142857142
0 0.7119047619047619 0.5571428571428572 0.01904761904761905 0.05714285714285714
0 0.5714285714285715 0.7142857142857143 0.009523809523809525 0.05714285714285714
0 0.7690476190476191 0.24285714285714285 0.014285714285714287 0.05714285714285714
0 0.736904761904762 0.02857142857142857 0.01666666666666667 0.05714285714285714
0 0.8833333333333334 0.12857142857142856 0.01904761904761905 0.08571428571428572
0 0.9476190476190477 0.09285714285714286 0.009523809523809525 0.07142857142857142
0 0.8654761904761905 0.6857142857142857 0.011904761904761906 0.05714285714285714
0 0.9523809523809524 0.6785714285714286 0.014285714285714287 0.07142857142857142
0 0.9523809523809524 0.2642857142857143 0.014285714285714287 0.07142857142857142
0 0.8369047619047619 0.17142857142857143 0.011904761904761906 0.05714285714285714
0 0.855952380952381 0.37142857142857144 0.011904761904761906 0.05714285714285714
0 0.9750000000000001 0.5571428571428572 0.02142857142857143 0.05714285714285714
0 0.9738095238095239 0.45714285714285713 0.01904761904761905 0.05714285714285714
0 0.8928571428571429 0.8214285714285714 0.01904761904761905 0.07142857142857142
0 0.8297619047619048 0.85 0.01666666666666667 0.07142857142857142
0 0.9071428571428573 0.5928571428571429 0.014285714285714287 0.07142857142857142
0 0.7821428571428573 0.6857142857142857 0.01666666666666667 0.08571428571428572
0 0.8440476190476192 0.6714285714285714 0.011904761904761906 0.08571428571428572
0 0.7976190476190477 0.20714285714285713 0.014285714285714287 0.07142857142857142
0 0.886904761904762 0.3214285714285714 0.011904761904761906 0.07142857142857142
0 0.8547619047619048 0.18571428571428572 0.014285714285714287 0.05714285714285714
0 0.6785714285714286 0.3071428571428571 0.014285714285714287 0.12857142857142856
