0 0.011904761904761906 0.7857142857142857 0.014285714285714287 0.08571428571428572
0 0.06190476190476191 0.3071428571428571 0.014285714285714287 0.09999999999999999
0 0.09166666666666667 0.39285714285714285 0.01666666666666667 0.04285714285714286
0 0.14404761904761906 0.16428571428571428 0.01666666666666667 0.04285714285714286
0 0.09880952380952382 0.3142857142857143 0.01666666666666667 0.05714285714285714
0 0.1892857142857143 0.12857142857142856 0.011904761904761906 0.05714285714285714
0 0.13214285714285715 0.5071428571428571 0.011904761904761906 0.07142857142857142
0 0.11190476190476191 0.4857142857142857 0.014285714285714287 0.05714285714285714
0 0.23333333333333336 0.7571428571428571 0.009523809523809525 0.08571428571428572
0 0.2678571428571429 0.35714285714285715 0.01666666666666667 0.08571428571428572
0 0.305952380952381 0.36428571428571427 0.01666666666666667 0.07142857142857142
0 0.33571428571428574 0.5714285714285714 0.014285714285714287 0.08571428571428572
0 0.41071428571428575 0.4357142857142857 0.02142857142857143 0.09999999999999999
0 0.4845238095238096 0.18571428571428572 0.01666666666666667 0.11428571428571428
0 0.47380952380952385 0.5285714285714286 0.014285714285714287 0.08571428571428572
0 0.5047619047619049 0.5571428571428572 0.014285714285714287 0.08571428571428572
0 0.5083333333333334 0.2714285714285714 0.01666666666666667 0.05714285714285714
0 0.3547619047619048 0.08571428571428572 0.014285714285714287 0.05714285714285714
0 0.6357142857142858 0.16428571428571428 0.014285714285714287 0.09999999999999999
0 0.6107142857142858 0.5214285714285715 0.01666666666666667 0.07142857142857142
0 0.6559523809523811 0.7928571428571428 0.011904761904761906 0.07142857142857142
0 0.6321428571428572 0.7785714285714286 0.01666666666666667 0.07142857142857142
0 0.6880952380952382 0.45 0.014285714285714287 0.07142857142857142
0 0.7297619047619048 0.39999999999999997 0.011904761904761906 0.05714285714285714
0 0.7345238095238096 0.06428571428571428 0.01666666666666667 0.07142857142857142
0 0.9750000000000001 0.5285714285714286 0.01666666666666667 0.08571428571428572
0 0.9833333333333334 0.11428571428571428 0.014285714285714287 0.08571428571428572
0 0.8892857142857143 0.15 0.011904761904761906 0.07142857142857142
0 0.8726190476190477 0.20714285714285713 0.01666666666666667 0.04285714285714286
0 0.9190476190476191 0.10714285714285714 0.014285714285714287 0.04285714285714286
0 0.8964285714285715 0.6071428571428571 0.011904761904761906 0.07142857142857142
0 0.6321428571428572 0.007142857142857143 0.02142857142857143 0.014285714285714285
0 0.5535714285714286 0.5285714285714286 0.01666666666666667 0.05714285714285714
0 0.4357142857142858 0.6142857142857142 0.014285714285714287 0.05714285714285714
0 0.5892857142857143 0.32857142857142857 0.01666666666666667 0.05714285714285714
0 0.5595238095238095 0.2571428571428571 0.01904761904761905 0.05714285714285714
0 0.8690476190476192 0.40714285714285714 0.014285714285714287 0.07142857142857142
0 0.08333333333333334 0.25 0.014285714285714287 0.07142857142857142
0 0.9190476190476191 0.7142857142857143 0.01904761904761905 0.05714285714285714
0 0.9035714285714287 0.37857142857142856 0.02142857142857143 0.07142857142857142
0 0.4357142857142858 0.3 0.014285714285714287 0.08571428571428572
0 0.32142857142857145 0.04285714285714286 0.01904761904761905 0.05714285714285714
0 0.4761904761904762 0.39285714285714285 0.01904761904761905 0.09999999999999999
