0 0.19761904761904764 0.7 0.014285714285714287 0.05714285714285714
0 0.18095238095238098 0.42857142857142855 0.014285714285714287 0.05714285714285714
0 0.14642857142857144 0.6285714285714286 0.011904761904761906 0.05714285714285714
0 0.10238095238095239 0.7714285714285714 0.009523809523809525 0.05714285714285714
0 0.35000000000000003 0.7857142857142857 0.014285714285714287 0.05714285714285714
0 0.18214285714285716 0.15714285714285714 0.01666666666666667 0.08571428571428572
0 0.31428571428571433 0.19285714285714284 0.014285714285714287 0.07142857142857142
0 0.2619047619047619 0.3 0.014285714285714287 0.05714285714285714
0 0.3797619047619048 0.2857142857142857 0.01666666666666667 0.11428571428571428
0 0.567857142857143 0.42857142857142855 0.02142857142857143 0.11428571428571428
0 0.5273809523809524 0.39999999999999997 0.01666666666666667 0.11428571428571428
0 0.4904761904761905 0.5499999999999999 0.014285714285714287 0.07142857142857142
0 0.6011904761904763 0.16428571428571428 0.01666666666666667 0.07142857142857142
0 0.8690476190476192 0.45 0.014285714285714287 0.07142857142857142
0 0.8845238095238096 0.049999999999999996 0.011904761904761906 0.07142857142857142
0 0.44761904761904764 0.5642857142857143 0.014285714285714287 0.07142857142857142
0 0.675 0.39999999999999997 0.01666666666666667 0.05714285714285714
0 0.5797619047619048 0.014285714285714285 0.01666666666666667 0.02857142857142857
0 0.46547619047619054 0.42857142857142855 0.01666666666666667 0.08571428571428572
0 0.5964285714285715 0.42142857142857143 0.01666666666666667 0.07142857142857142
0 0.6976190476190477 0.007142857142857143 0.014285714285714287 0.014285714285714285
0 0.36071428571428577 0.3142857142857143 0.01666666666666667 0.11428571428571428
0 0.0011904761904761906 0.2357142857142857 0.002380952380952381 0.09999999999999999
0 0.730952380952381 0.2714285714285714 0.014285714285714287 0.08571428571428572
0 0.7845238095238096 0.2714285714285714 0.01666666666666667 0.08571428571428572
0 0.8250000000000001 0.16428571428571428 0.011904761904761906 0.09999999999999999
0 0.8 0.014285714285714285 0.01904761904761905 0.02857142857142857
0 0.9690476190476192 0.7714285714285714 0.014285714285714287 0.05714285714285714
0 0.9857142857142858 0.2785714285714286 0.014285714285714287 0.07142857142857142
0 0.8607142857142858 0.25 0.01666666666666667 0.04285714285714286
0 0.6595238095238096 0.6428571428571428 0.01904761904761905 0.08571428571428572
0 0.6357142857142858 0.19285714285714284 0.014285714285714287 0.07142857142857142
0 0.3297619047619048 0.5785714285714285 0.02142857142857143 0.07142857142857142
0 0.0035714285714285718 0.47857142857142854 0.0071428571428571435 0.07142857142857142
0 0.22142857142857145 0.42142857142857143 0.014285714285714287 0.07142857142857142
0 0.8690476190476192 0.6 0.01904761904761905 0.05714285714285714
0 0.5988095238095239 0.6285714285714286 0.01666666666666667 0.05714285714285714
0 0.5642857142857144 0.5571428571428572 0.014285714285714287 0.08571428571428572
0 0.2035714285714286 0.5928571428571429 0.02142857142857143 0.04285714285714286
0 0.39047619047619053 0.7071428571428571 0.014285714285714287 0.04285714285714286
0 0.7130952380952381 0.3857142857142857 0.01666666666666667 0.08571428571428572
0 0.6642857142857144 0.02857142857142857 0.01904761904761905 0.05714285714285714
0 0.10714285714285715 0.6 0.028571428571428574 0.05714285714285714
0 0.08928571428571429 0.3857142857142857 0.02142857142857143 0.05714285714285714
0 0.14285714285714288 0.24285714285714285 0.01904761904761905 0.08571428571428572
0 0.2785714285714286 0.3142857142857143 0.014285714285714287 0.05714285714285714
0 0.7071428571428572 0.12142857142857143 0.01904761904761905 0.12857142857142856
