0 0.015476190476190477 0.6357142857142857 0.011904761904761906 0.09999999999999999
0 0.011904761904761906 0.45714285714285713 0.014285714285714287 0.05714285714285714
0 0.09285714285714286 0.2785714285714286 0.014285714285714287 0.07142857142857142
0 0.11071428571428572 0.5071428571428571 0.01666666666666667 0.09999999999999999
0 0.03214285714285715 0.8285714285714285 0.01666666666666667 0.05714285714285714
0 0.17023809523809524 0.7642857142857142 0.02142857142857143 0.07142857142857142
0 0.20476190476190478 0.5499999999999999 0.014285714285714287 0.07142857142857142
0 0.16785714285714287 0.17857142857142858 0.02142857142857143 0.07142857142857142
0 0.38928571428571435 0.39285714285714285 0.011904761904761906 0.07142857142857142
0 0.3642857142857143 0.35714285714285715 0.014285714285714287 0.08571428571428572
0 0.29404761904761906 0.16428571428571428 0.01666666666666667 0.07142857142857142
0 0.34285714285714286 0.02857142857142857 0.028571428571428574 0.05714285714285714
0 0.4904761904761905 0.1357142857142857 0.014285714285714287 0.09999999999999999
0 0.6273809523809525 0.19285714285714284 0.011904761904761906 0.09999999999999999
0 0.5833333333333334 0.17857142857142858 0.014285714285714287 0.09999999999999999
0 0.5357142857142858 0.5071428571428571 0.01904761904761905 0.07142857142857142
0 0.5178571428571429 0.36428571428571427 0.01666666666666667 0.07142857142857142
0 0.35595238095238096 0.7571428571428571 0.02142857142857143 0.05714285714285714
0 0.21904761904761907 0.42142857142857143 0.014285714285714287 0.09999999999999999
0 0.6202380952380953 0.5 0.026190476190476195 0.05714285714285714
0 0.6857142857142857 0.11428571428571428 0.014285714285714287 0.05714285714285714
0 0.8202380952380953 0.24285714285714285 0.01666666666666667 0.08571428571428572
0 0.8511904761904763 0.6285714285714286 0.01666666666666667 0.08571428571428572
0 0.8904761904761905 0.4928571428571428 0.014285714285714287 0.07142857142857142
0 0.9214285714285715 0.7428571428571429 0.014285714285714287 0.08571428571428572
0 0.9392857142857144 0.03571428571428571 0.01666666666666667 0.07142857142857142
0 0.4047619047619048 0.4857142857142857 0.014285714285714287 0.05714285714285714
0 0.41190476190476194 0.39285714285714285 0.014285714285714287 0.07142857142857142
0 0.5583333333333333 0.5714285714285714 0.01666666666666667 0.05714285714285714
0 0.9714285714285715 0.3214285714285714 0.028571428571428574 0.09999999999999999
0 0.8630952380952381 0.7928571428571428 0.02142857142857143 0.07142857142857142
0 0.6595238095238096 0.049999999999999996 0.028571428571428574 0.07142857142857142
0 0.7547619047619049 0.37857142857142856 0.02380952380952381 0.07142857142857142
0 0.805952380952381 0.41428571428571426 0.011904761904761906 0.08571428571428572
0 0.8535714285714286 0.17857142857142858 0.01666666666666667 0.09999999999999999
0 0.6392857142857143 0.40714285714285714 0.026190476190476195 0.09999999999999999
0 0.25833333333333336 0.41428571428571426 0.01666666666666667 0.08571428571428572
0 0.24761904761904763 0.14285714285714285 0.014285714285714287 0.08571428571428572
0 0.9321428571428573 0.5928571428571429 0.011904761904761906 0.07142857142857142
0 0.9738095238095239 0.4928571428571428 0.014285714285714287 0.07142857142857142
0 0.9345238095238096 0.3214285714285714 0.011904761904761906 0.09999999999999999
0 0.9714285714285715 0.7999999999999999 0.014285714285714287 0.05714285714285714
0 0.992857142857143 0.04285714285714286 0.009523809523809525 0.08571428571428572
0 0.5511904761904762 0.2571428571428571 0.011904761904761906 0.05714285714285714
