0 0.25 0.21428571428571427 0.01904761904761905 0.11428571428571428
0 0.29761904761904767 0.4714285714285714 0.014285714285714287 0.08571428571428572
0 0.3726190476190476 0.02857142857142857 0.01666666666666667 0.05714285714285714
0 0.4785714285714286 0.15714285714285714 0.014285714285714287 0.08571428571428572
0 0.2833333333333334 0.6714285714285714 0.014285714285714287 0.05714285714285714
0 0.0071428571428571435 0.3071428571428571 0.014285714285714287 0.12857142857142856
0 0.053571428571428575 0.15 0.01666666666666667 0.07142857142857142
0 0.3190476190476191 0.7714285714285714 0.01904761904761905 0.05714285714285714
0 0.14642857142857144 0.3071428571428571 0.026190476190476195 0.07142857142857142
0 0.6035714285714286 0.5 0.02142857142857143 0.08571428571428572
0 0.6297619047619049 0.5071428571428571 0.01666666666666667 0.07142857142857142
0 0.5047619047619049 0.6214285714285714 0.014285714285714287 0.07142857142857142
0 0.4678571428571429 0.7428571428571429 0.01666666666666667 0.08571428571428572
0 0.38452380952380955 0.6857142857142857 0.011904761904761906 0.08571428571428572
0 0.37500000000000006 0.5714285714285714 0.026190476190476195 0.05714285714285714
0 0.3321428571428572 0.2785714285714286 0.030952380952380953 0.07142857142857142
0 0.2023809523809524 0.6857142857142857 0.01904761904761905 0.05714285714285714
0 0.20952380952380956 0.46428571428571425 0.014285714285714287 0.07142857142857142
0 0.045238095238095244 0.35 0.01904761904761905 0.07142857142857142
0 0.1392857142857143 0.4928571428571428 0.02142857142857143 0.07142857142857142
0 0.25952380952380955 0.03571428571428571 0.028571428571428574 0.07142857142857142
0 0.35595238095238096 0.1357142857142857 0.02142857142857143 0.07142857142857142
0 0.3880952380952381 0.09999999999999999 0.01904761904761905 0.08571428571428572
0 0.567857142857143 0.15 0.01666666666666667 0.07142857142857142
0 0.7761904761904762 0.3357142857142857 0.014285714285714287 0.12857142857142856
0 0.811904761904762 0.1357142857142857 0.014285714285714287 0.07142857142857142
0 0.6761904761904762 0.41428571428571426 0.014285714285714287 0.08571428571428572
0 0.6202380952380953 0.2857142857142857 0.01666666666666667 0.11428571428571428
0 0.6392857142857143 0.1357142857142857 0.02142857142857143 0.07142857142857142
0 0.8678571428571429 0.049999999999999996 0.01666666666666667 0.09999999999999999
0 0.8130952380952382 0.6285714285714286 0.01666666666666667 0.08571428571428572
0 0.8095238095238096 0.39285714285714285 0.01904761904761905 0.07142857142857142
0 0.8857142857142858 0.6642857142857143 0.009523809523809525 0.07142857142857142
0 0.8654761904761905 0.6714285714285714 0.011904761904761906 0.14285714285714285
0 0.9642857142857144 0.39999999999999997 0.01904761904761905 0.08571428571428572
0 0.8642857142857143 0.41428571428571426 0.014285714285714287 0.14285714285714285
0 0.7380952380952381 0.45714285714285713 0.02380952380952381 0.05714285714285714
0 0.7476190476190477 0.049999999999999996 0.01904761904761905 0.07142857142857142
0 0.7535714285714287 0.3357142857142857 0.01666666666666667 0.07142857142857142
0 0.9785714285714286 0.6071428571428571 0.01904761904761905 0.07142857142857142
0 0.9214285714285715 0.6142857142857142 0.01904761904761905 0.11428571428571428
0 0.830952380952381 0.2357142857142857 0.01904761904761905 0.09999999999999999
0 0.46547619047619054 0.05714285714285714 0.02142857142857143 0.08571428571428572
0 0.9107142857142858 0.42857142857142855 0.01666666666666667 0.17142857142857143
0 0.47500000000000003 0.37857142857142856 0.030952380952380953 0.12857142857142856
0 0.7678571428571429 0.7642857142857142 0.011904761904761906 0.07142857142857142
0 0.07142857142857144 0.5428571428571428 0.028571428571428574 0.08571428571428572
0 0.015476190476190477 0.4857142857142857 0.030952380952380953 0.05714285714285714
