0 0.030952380952380953 0.39999999999999997 0.028571428571428574 0.05714285714285714
0 0.013095238095238097 0.2714285714285714 0.026190476190476195 0.05714285714285714
0 0.013095238095238097 0.5071428571428571 0.026190476190476195 0.07142857142857142
0 0.05238095238095239 0.2785714285714286 0.01904761904761905 0.07142857142857142
0 0.16071428571428573 0.16428571428571428 0.011904761904761906 0.07142857142857142
0 0.15595238095238095 0.34285714285714286 0.011904761904761906 0.05714285714285714
0 0.1142857142857143 0.3 0.014285714285714287 0.05714285714285714
0 0.08452380952380953 0.2571428571428571 0.01666666666666667 0.05714285714285714
0 0.004761904761904762 0.06428571428571428 0.009523809523809525 0.07142857142857142
0 0.19404761904761905 0.14285714285714285 0.02142857142857143 0.08571428571428572
0 0.20833333333333334 0.44285714285714284 0.02142857142857143 0.08571428571428572
0 0.14880952380952384 0.6142857142857142 0.01666666666666667 0.05714285714285714
0 0.08214285714285716 0.5499999999999999 0.01666666666666667 0.04285714285714286
0 0.39880952380952384 0.19285714285714284 0.01666666666666667 0.07142857142857142
0 0.2654761904761905 0.1357142857142857 0.02142857142857143 0.07142857142857142
0 0.25952380952380955 0.41428571428571426 0.014285714285714287 0.08571428571428572
0 0.3166666666666667 0.7142857142857143 0.01904761904761905 0.11428571428571428
0 0.29404761904761906 0.5285714285714286 0.02142857142857143 0.05714285714285714
0 0.5023809523809524 0.6928571428571428 0.02380952380952381 0.09999999999999999
0 0.44523809523809527 0.35714285714285715 0.03333333333333334 0.05714285714285714
0 0.3654761904761905 0.11428571428571428 0.01666666666666667 0.05714285714285714
0 0.3404761904761905 0.12142857142857143 0.014285714285714287 0.04285714285714286
0 0.5750000000000001 0.19285714285714284 0.01666666666666667 0.07142857142857142
0 0.5321428571428571 0.14285714285714285 0.01666666666666667 0.05714285714285714
0 0.5416666666666667 0.02142857142857143 0.011904761904761906 0.04285714285714286
0 0.7428571428571429 0.21428571428571427 0.014285714285714287 0.05714285714285714
0 0.5880952380952381 0.7285714285714285 0.014285714285714287 0.08571428571428572
0 0.6107142857142858 0.5142857142857142 0.02142857142857143 0.08571428571428572
0 0.4702380952380953 0.22857142857142856 0.011904761904761906 0.08571428571428572
0 0.430952380952381 0.14285714285714285 0.01904761904761905 0.05714285714285714
0 0.4785714285714286 0.07142857142857142 0.01904761904761905 0.05714285714285714
0 0.7190476190476192 0.7357142857142857 0.01904761904761905 0.07142857142857142
0 0.8083333333333335 0.6428571428571428 0.01666666666666667 0.08571428571428572
0 0.6095238095238096 0.3071428571428571 0.014285714285714287 0.07142857142857142
0 0.6964285714285715 0.21428571428571427 0.026190476190476195 0.08571428571428572
0 0.6488095238095238 0.3357142857142857 0.02142857142857143 0.07142857142857142
0 0.4071428571428572 0.5071428571428571 0.014285714285714287 0.04285714285714286
0 0.5654761904761906 0.34285714285714286 0.02142857142857143 0.05714285714285714
0 0.3785714285714286 0.47857142857142854 0.01904761904761905 0.07142857142857142
0 0.8107142857142858 0.3857142857142857 0.01666666666666667 0.08571428571428572
0 0.8702380952380954 0.22857142857142856 0.011904761904761906 0.08571428571428572
0 0.48809523809523814 0.41428571428571426 0.014285714285714287 0.08571428571428572
0 0.9785714285714286 0.6214285714285714 0.014285714285714287 0.07142857142857142
0 0.8642857142857143 0.7285714285714285 0.009523809523809525 0.08571428571428572
0 0.8392857142857144 0.5499999999999999 0.02142857142857143 0.07142857142857142
0 0.9761904761904763 0.3 0.02380952380952381 0.08571428571428572
0 0.7571428571428572 0.36428571428571427 0.02380952380952381 0.09999999999999999
0 0.5750000000000001 0.6071428571428571 0.01666666666666667 0.09999999999999999
0 0.3261904761904762 0.3857142857142857 0.01904761904761905 0.08571428571428572
0 0.34880952380952385 0.5785714285714285 0.01666666666666667 0.07142857142857142
0 0.8928571428571429 0.19285714285714284 0.014285714285714287 0.07142857142857142
0 0.6964285714285715 0.35714285714285715 0.026190476190476195 0.05714285714285714
0 0.22380952380952382 0.37857142857142856 0.014285714285714287 0.07142857142857142
0 0.27976190476190477 0.6285714285714286 0.02142857142857143 0.08571428571428572
0 0.1380952380952381 0.6714285714285714 0.014285714285714287 0.05714285714285714
1 0.09404761904761906 0.6428571428571428 0.02142857142857143 0.14285714285714285
