0 0.02380952380952381 0.17857142857142858 0.014285714285714287 0.15714285714285714
0 0.025 0.02142857142857143 0.011904761904761906 0.04285714285714286
0 0.04404761904761905 0.02142857142857143 0.011904761904761906 0.04285714285714286
0 0.10476190476190478 0.29285714285714287 0.028571428571428574 0.09999999999999999
0 0.09523809523809525 0.6428571428571428 0.03333333333333334 0.14285714285714285
0 0.2154761904761905 0.6571428571428571 0.01666666666666667 0.05714285714285714
0 0.1892857142857143 0.5214285714285715 0.011904761904761906 0.07142857142857142
0 0.09285714285714286 0.4714285714285714 0.01904761904761905 0.05714285714285714
0 0.02380952380952381 0.34285714285714286 0.01904761904761905 0.05714285714285714
0 0.40952380952380957 0.14285714285714285 0.02380952380952381 0.11428571428571428
0 0.5107142857142858 0.04285714285714286 0.01666666666666667 0.08571428571428572
0 0.4916666666666667 0.45 0.02142857142857143 0.07142857142857142
0 0.4011904761904762 0.6785714285714286 0.02142857142857143 0.07142857142857142
0 0.3119047619047619 0.47857142857142854 0.01904761904761905 0.07142857142857142
0 0.3511904761904762 0.2857142857142857 0.01666666666666667 0.05714285714285714
0 0.37142857142857144 0.12142857142857143 0.02380952380952381 0.07142857142857142
0 0.630952380952381 0.65 0.014285714285714287 0.09999999999999999
0 0.3154761904761905 0.6857142857142857 0.01666666666666667 0.05714285714285714
0 0.5523809523809524 0.7142857142857143 0.014285714285714287 0.08571428571428572
0 0.7238095238095239 0.7357142857142857 0.01904761904761905 0.09999999999999999
0 0.18095238095238098 0.29285714285714287 0.01904761904761905 0.09999999999999999
0 0.8357142857142857 0.7928571428571428 0.03333333333333334 0.09999999999999999
0 0.9892857142857143 0.4857142857142857 0.01666666666666667 0.11428571428571428
0 0.9011904761904763 0.6285714285714286 0.011904761904761906 0.05714285714285714
0 0.9011904761904763 0.7571428571428571 0.01666666666666667 0.08571428571428572
0 0.7595238095238096 0.4857142857142857 0.01904761904761905 0.05714285714285714
0 0.7773809523809525 0.19285714285714284 0.01666666666666667 0.09999999999999999
0 0.6797619047619048 0.08571428571428572 0.01666666666666667 0.08571428571428572
0 0.8595238095238096 0.6357142857142857 0.014285714285714287 0.07142857142857142
0 0.9452380952380953 0.3857142857142857 0.014285714285714287 0.08571428571428572
0 0.1511904761904762 0.1357142857142857 0.02142857142857143 0.09999999999999999
0 0.6523809523809524 0.20714285714285713 0.01904761904761905 0.09999999999999999
0 0.730952380952381 0.12142857142857143 0.01904761904761905 0.07142857142857142
0 0.3511904761904762 0.7214285714285714 0.02142857142857143 0.07142857142857142
0 0.23333333333333336 0.7999999999999999 0.01904761904761905 0.08571428571428572
0 0.32023809523809527 0.049999999999999996 0.01666666666666667 0.07142857142857142
0 0.002380952380952381 0.19285714285714284 0.004761904761904762 0.09999999999999999
0 0.567857142857143 0.5642857142857143 0.01666666666666667 0.07142857142857142
0 0.9107142857142858 0.5357142857142857 0.02142857142857143 0.07142857142857142
0 0.992857142857143 0.04285714285714286 0.009523809523809525 0.08571428571428572
0 0.8571428571428572 0.41428571428571426 0.028571428571428574 0.08571428571428572
0 0.8035714285714286 0.2642857142857143 0.026190476190476195 0.09999999999999999
0 0.7976190476190477 0.42142857142857143 0.01904761904761905 0.15714285714285714
0 0.9130952380952382 0.4357142857142857 0.01666666666666667 0.07142857142857142
0 0.41785714285714287 0.34285714285714286 0.01666666666666667 0.08571428571428572
0 0.967857142857143 0.45714285714285713 0.011904761904761906 0.08571428571428572
0 0.6107142857142858 0.2714285714285714 0.01666666666666667 0.08571428571428572
0 0.4976190476190477 0.3 0.01904761904761905 0.08571428571428572
0 0.30952380952380953 0.19285714285714284 0.01904761904761905 0.07142857142857142
0 0.04642857142857143 0.15714285714285714 0.01666666666666667 0.14285714285714285
